idx1 idx2 t_1 t_2 t_3 q_1 q_2 q_3 q_4
633 721 6.011581 -0.011841 -0.215603 0.998855 -0.005283 -0.003028 0.047449
627 702 9.448776 -0.143463 0.051556 0.999671 -0.000721 -0.002137 0.025533
10 1038 -7.587774 1.081821 0.062788 0.999909 -0.010280 0.002827 -0.008232
46 1100 -8.392377 -3.126812 0.070617 0.743859 -0.000170 0.010740 -0.668251
13 1036 -8.498807 1.669641 0.087543 0.998984 -0.004362 0.005243 -0.044544
0 1080 7.303800 1.129550 0.143043 0.990989 -0.016853 0.006406 0.132726
40 1089 -4.889921 -3.911346 0.005174 0.791786 0.006802 0.009440 -0.610688
17 1089 6.673959 -1.381189 0.026751 0.997178 -0.000222 0.015488 -0.073458
42 1067 -7.238322 3.083076 -0.001372 0.712231 0.005033 -0.007002 -0.701892
635 736 6.075317 0.269073 -0.316854 0.988712 -0.009114 -0.003857 0.149504
39 1066 -6.173851 2.837243 -0.051933 0.744280 0.009422 -0.010543 -0.667718
682 758 6.357788 5.407806 -0.390426 0.835002 -0.000649 0.016237 0.550006
2 1095 9.219703 1.432370 0.152860 0.996143 -0.011356 0.002243 0.086975
33 1059 -5.461380 3.952446 0.059337 0.847670 0.004694 -0.001092 -0.530502
44 1094 -7.228372 -3.353350 0.061252 0.753630 0.000586 0.010921 -0.657208
689 758 6.381165 5.384903 -0.356330 0.835603 -0.000920 0.016510 0.549086
634 740 7.207664 0.542038 -0.303400 0.980412 -0.010085 0.000757 0.196700
25 1055 -5.475485 2.806625 0.147595 0.949191 0.007687 0.007059 -0.314526
22 1052 -5.935913 2.610013 0.173670 0.971638 0.001675 0.007435 -0.236351
30 1050 -6.854235 5.548368 0.084804 0.899898 -0.000675 0.002311 -0.436094
692 757 6.161652 4.819382 -0.336192 0.850258 -0.000667 0.014389 0.526169
7 1039 -6.923771 0.670659 0.068604 0.999740 -0.008713 0.001763 0.020998
5 1080 6.842996 0.818744 0.115208 0.993525 -0.015445 0.008557 0.112230
32 1050 -6.793314 6.293111 0.060122 0.871992 -0.000626 0.001160 -0.489519
635 737 6.227921 0.329971 -0.315000 0.986914 -0.009781 -0.003051 0.160921
689 757 6.153664 4.821091 -0.348217 0.850164 -0.000597 0.014362 0.526322
700 757 6.168915 4.815216 -0.319767 0.850514 -0.000919 0.014477 0.525753
632 723 6.601913 -0.055389 -0.232530 0.998667 -0.005371 -0.002000 0.051303
45 1071 -8.582319 2.037162 0.046223 0.716257 -0.003188 -0.004407 -0.697815
631 711 6.971458 0.041763 -0.053548 0.999312 -0.003548 -0.000938 0.036910
19 1050 -6.083874 2.203603 0.155211 0.985160 0.004034 0.005265 -0.171513
32 1052 -6.489215 5.762981 0.065916 0.869503 0.001317 0.001708 -0.493924
16 1044 -7.159511 2.064390 0.135144 0.994503 -0.001720 0.005638 -0.104544
627 727 9.797440 -0.267975 -0.160153 0.998416 -0.002301 -0.002294 0.056171
4 1085 8.415981 1.170444 0.124556 0.995086 -0.011732 0.011447 0.097649
628 685 8.809708 -0.093994 0.091019 0.999625 -0.001999 -0.002016 0.027228
628 710 8.790077 -0.077316 0.013708 0.999581 -0.001418 -0.001878 0.028847
44 1092 -7.231327 -3.379751 0.054522 0.753620 0.003469 0.013164 -0.657170
0 1023 -9.908040 -0.156723 -0.037888 0.999272 -0.005941 -0.000080 0.037677
5 1091 8.970502 1.157695 0.111136 0.997245 -0.010376 0.009696 0.072806
40 1062 -6.471264 4.659422 0.010740 0.737035 0.002671 0.000130 -0.675850
8 1099 8.559576 0.723807 0.100208 0.998716 -0.011134 0.006607 0.048969
40 1097 -4.858266 -3.953199 0.006490 0.790114 0.002336 0.005558 -0.612930
702 755 5.632866 3.825775 -0.297823 0.878162 -0.002143 0.008263 0.478287
641 750 6.797226 2.469543 -0.414923 0.916031 -0.009516 -0.000140 0.400995
44 1080 -7.550745 -1.249742 0.066882 0.778952 -0.000835 0.016001 -0.626879
632 744 9.007507 0.935425 -0.295007 0.966503 -0.008385 0.006454 0.256435
16 1091 7.021210 -1.118468 0.026726 0.998174 -0.002208 0.014435 -0.058618
658 759 6.659111 6.130341 -0.452477 0.814946 -0.002234 0.016956 0.579284
14 1033 -9.328201 1.996244 0.092807 0.998307 -0.004521 0.005767 -0.057710
13 1098 7.685681 -0.330701 0.040196 0.999882 -0.005507 0.009433 -0.010781
5 1096 8.937075 1.164944 0.115674 0.997262 -0.010439 0.004605 0.073059
21 1048 -6.871550 2.896706 0.178141 0.978634 0.001184 0.005874 -0.205523
628 732 9.449974 -0.136353 -0.206895 0.995398 -0.004662 -0.004405 0.095611
658 757 6.237320 4.982315 -0.438875 0.844607 -0.001407 0.012714 0.535233
32 1057 -5.681495 4.305042 0.070672 0.864299 0.003735 0.002584 -0.502957
632 720 6.506592 -0.024826 -0.190976 0.999059 -0.005149 -0.002180 0.043019
48 1086 -9.625010 -2.567224 0.019333 0.747670 0.006516 0.016352 -0.663837
3 1027 -9.230372 0.101659 -0.024408 0.999143 -0.007303 0.000012 0.040736
33 1053 -6.340612 5.827666 0.053806 0.853036 0.002244 0.000854 -0.521847
670 755 5.602127 3.845718 -0.429551 0.876892 -0.001086 0.007890 0.480622
41 1087 -5.522468 -3.537236 0.021972 0.785138 0.005122 0.012616 -0.619171
630 734 8.422951 0.022156 -0.253471 0.992819 -0.006950 -0.003910 0.119360
628 715 8.791130 -0.080643 0.009329 0.999582 -0.001373 -0.001879 0.028810
630 708 7.551979 -0.000381 -0.024052 0.999402 -0.002469 -0.001341 0.034454
35 1061 -5.452502 3.810416 0.025156 0.813743 0.003050 -0.002909 -0.581210
13 1044 -6.701003 1.474263 0.125922 0.998347 -0.004186 0.004998 -0.057098
19 1048 -6.618390 2.415053 0.156840 0.985997 0.002624 0.004921 -0.166668
38 1068 -5.737797 1.849768 -0.066447 0.767547 0.003245 -0.011149 -0.640887
39 1069 -6.027872 1.699554 -0.061833 0.759211 0.000082 -0.008909 -0.650784
651 759 7.136261 6.498001 -0.507039 0.801557 -0.005252 0.019223 0.597587
0 1025 -9.424294 -0.124077 -0.031748 0.998990 -0.006267 -0.000276 0.044500
627 701 9.448708 -0.144836 0.055228 0.999673 -0.000719 -0.002179 0.025469
17 1047 -6.589163 2.090847 0.135721 0.991664 -0.000636 0.003826 -0.128793
706 758 6.399147 5.372528 -0.316082 0.836109 -0.001335 0.016638 0.548310
42 1057 -7.102086 6.957157 0.062348 0.718816 0.004542 0.001821 -0.695183
680 759 6.575272 5.983780 -0.407517 0.820250 -0.001004 0.018283 0.571712
656 758 6.546791 5.662735 -0.472321 0.826054 -0.002625 0.016358 0.563348
636 751 8.750870 2.755005 -0.375700 0.905681 -0.008825 0.000817 0.423867
672 758 6.362396 5.401611 -0.437886 0.834643 -0.000456 0.016029 0.550559
12 1034 -8.802687 1.495858 0.075616 0.999535 -0.006841 0.004384 -0.029376
705 757 6.170464 4.808960 -0.308378 0.850646 -0.001002 0.014475 0.525539
706 759 6.618492 5.947220 -0.324214 0.821486 -0.001703 0.018714 0.569919
45 1065 -8.479508 4.320582 0.059257 0.684065 0.005387 -0.002386 -0.729398
633 727 6.243515 -0.024750 -0.266793 0.997406 -0.006416 -0.002703 0.071643
697 759 6.614105 5.956314 -0.344537 0.821212 -0.001540 0.018732 0.570314
690 756 5.896774 4.311951 -0.338379 0.864321 -0.001127 0.011514 0.502808
41 1082 -5.774483 -2.383942 0.021945 0.799713 0.000353 0.012287 -0.600257
46 1082 -8.554917 -1.690037 0.077192 0.765547 -0.001148 0.015981 -0.643180
0 1098 9.380422 1.564522 0.148305 0.995526 -0.011665 0.003155 0.093709
663 759 6.570663 5.982422 -0.447150 0.819638 -0.001157 0.017234 0.572621
46 1091 -8.403860 -3.164626 0.070408 0.743668 0.002996 0.013453 -0.668407
627 722 9.596352 -0.257324 -0.120151 0.999393 -0.001219 -0.002513 0.034726
630 681 7.569939 -0.011261 0.069746 0.999472 -0.003262 -0.001476 0.032297
10 1083 7.107994 0.275293 0.095275 0.998222 -0.013224 0.012184 0.056820
29 1051 -6.665863 4.949086 0.109731 0.911303 0.000744 0.003712 -0.411719
4 1092 9.070045 1.266572 0.126809 0.996818 -0.010535 0.008502 0.078550
43 1071 -7.615046 1.757063 0.007637 0.729268 -0.001993 -0.006192 -0.684197
631 716 6.991371 0.006744 -0.094693 0.999314 -0.003511 -0.000910 0.036868
629 715 8.158272 -0.035370 -0.012437 0.999492 -0.001846 -0.001662 0.031775
4 1079 6.613103 0.820352 0.127150 0.993050 -0.013555 0.006322 0.116738
44 1073 -8.023561 1.168241 0.048860 0.738927 0.000071 0.001277 -0.673785
629 726 8.459793 -0.163712 -0.200382 0.998367 -0.003230 -0.001932 0.057008
638 748 7.196320 1.894669 -0.370979 0.935686 -0.013428 0.002541 0.352569
684 758 6.360291 5.402893 -0.382055 0.835151 -0.000748 0.016304 0.549779
635 752 9.463638 3.093582 -0.367357 0.894717 -0.007685 0.001702 0.446564
17 1049 -6.060696 1.929825 0.133402 0.991028 0.000027 0.004070 -0.133591
698 756 5.907776 4.308197 -0.318671 0.864548 -0.001324 0.011627 0.502413
632 737 7.713989 0.245911 -0.285087 0.987788 -0.008537 -0.001472 0.155563
2 1027 -9.133089 0.035758 -0.029041 0.998982 -0.007461 -0.000352 0.044490
703 760 6.808914 6.571686 -0.337715 0.806695 -0.001496 0.020253 0.590619
9 1083 7.272918 0.446956 0.100379 0.997532 -0.013264 0.011833 0.067929
5 1025 -9.923198 0.258650 0.004120 0.999701 -0.005163 0.001764 0.023830
628 691 8.794296 -0.089905 0.057727 0.999605 -0.001739 -0.001992 0.027981
672 756 5.879486 4.326584 -0.425349 0.863427 -0.000555 0.011057 0.504353
4 1036 -7.245535 0.355936 0.021741 0.998945 -0.008918 0.000056 0.045056
631 695 6.971466 0.027557 -0.016663 0.999337 -0.003647 -0.001057 0.036203
25 1052 -6.250185 3.400694 0.158499 0.951252 0.007003 0.005968 -0.308278
633 738 7.354668 0.348511 -0.289897 0.985473 -0.009994 -0.000928 0.169536
647 751 5.855858 2.719055 -0.471070 0.908249 -0.006507 0.002601 0.418372
23 1044 -7.946520 3.977758 0.167534 0.970618 -0.001276 0.007070 -0.240519
19 1087 5.897679 -1.842242 0.017968 0.994572 0.001315 0.017510 -0.102553
35 1060 -5.579763 4.176534 0.024864 0.814467 0.004407 -0.003920 -0.580180
627 680 9.466133 -0.150391 0.140242 0.999722 -0.001491 -0.002206 0.023438
680 760 6.764030 6.608398 -0.418149 0.805453 -0.000830 0.019792 0.592329
13 1087 7.416633 -0.334085 0.042998 0.999849 -0.006364 0.016119 -0.001564
13 1092 7.717743 -0.345156 0.037985 0.999834 -0.005071 0.013645 -0.010951
632 747 9.660980 1.500198 -0.305949 0.947189 -0.010851 0.004047 0.320467
700 756 5.909088 4.306091 -0.313459 0.864640 -0.001382 0.011616 0.502255
18 1047 -6.731248 2.300248 0.144795 0.989209 0.000731 0.004317 -0.146447
29 1054 -6.055788 4.219324 0.107876 0.908438 0.002139 0.004613 -0.417989
633 744 8.479340 0.973785 -0.298566 0.965984 -0.008929 0.005572 0.258386
4 1083 7.912246 1.087562 0.126735 0.994074 -0.012495 0.009472 0.107568
38 1064 -5.905934 3.399436 -0.058431 0.758889 0.005782 -0.005371 -0.651172
43 1093 -6.647262 -3.494756 0.041921 0.760708 0.002806 0.011336 -0.648989
41 1094 -5.461316 -3.805902 0.025427 0.779317 0.001856 0.007517 -0.626583
33 1054 -6.200011 5.534900 0.052820 0.851925 0.002403 0.001211 -0.523657
25 1048 -7.197162 4.114715 0.161961 0.954303 0.003789 0.004856 -0.298777
43 1059 -7.421931 6.413030 0.081260 0.707915 0.004214 0.000108 -0.706285
43 1063 -7.490639 4.840872 0.038911 0.701866 0.001454 0.002909 -0.712302
19 1096 6.162171 -1.895827 0.016940 0.993674 0.001324 0.010202 -0.111830
641 751 7.063393 2.799713 -0.420445 0.905269 -0.009660 -0.000059 0.424730
628 680 8.808052 -0.094955 0.116058 0.999642 -0.002203 -0.001993 0.026595
631 703 6.972794 0.029343 -0.041167 0.999318 -0.003513 -0.000991 0.036746
631 693 6.973160 0.029129 -0.014777 0.999341 -0.003779 -0.001087 0.036096
627 729 9.899872 -0.251953 -0.169078 0.997634 -0.002590 -0.002305 0.068669
9 1031 -9.045805 0.905924 0.034391 0.999946 -0.008328 0.002359 0.005716
38 1066 -5.857355 2.609267 -0.062050 0.758572 0.008575 -0.011627 -0.651429
45 1100 -7.804892 -3.227955 0.069884 0.748295 0.000012 0.011144 -0.663273
629 703 8.158066 -0.043381 0.003332 0.999496 -0.001839 -0.001701 0.031661
659 755 5.679817 3.948853 -0.422746 0.873855 -0.002134 0.006196 0.486143
637 749 7.828148 2.137527 -0.373525 0.926264 -0.010645 0.001999 0.376719
47 1089 -9.007684 -3.002998 0.047238 0.742294 0.005441 0.013526 -0.669916
707 758 6.399269 5.372787 -0.314414 0.836099 -0.001368 0.016621 0.548326
706 756 5.910507 4.300125 -0.301175 0.864769 -0.001480 0.011614 0.502033
642 757 8.274017 5.535507 -0.472107 0.825697 -0.008968 0.013639 0.563878
632 738 7.880333 0.314713 -0.284509 0.985818 -0.009544 0.000001 0.167545
5 1034 -7.810623 0.402694 0.031155 0.999117 -0.009407 0.000827 0.040938
13 1047 -5.967459 1.363380 0.126389 0.997955 -0.003926 0.003167 -0.063727
6 1096 8.824724 1.038551 0.106849 0.997730 -0.010431 0.005213 0.066324
653 753 5.567604 3.333069 -0.464336 0.889629 -0.004201 0.004802 0.456640
18 1049 -6.208858 2.120495 0.141690 0.988487 0.001396 0.004556 -0.151233
630 717 7.583290 -0.047531 -0.096747 0.999390 -0.002494 -0.001409 0.034811
23 1051 -6.321165 3.014928 0.162471 0.966492 0.001362 0.006069 -0.256620
667 760 6.767899 6.585876 -0.470608 0.805096 -0.000765 0.019714 0.592817
650 751 5.383720 2.646393 -0.442302 0.909798 -0.004544 0.001266 0.415024
44 1078 -7.710198 -0.576171 0.065182 0.775641 0.001172 0.010105 -0.631092
627 692 9.450500 -0.144760 0.078269 0.999688 -0.000994 -0.002236 0.024862
7 1093 8.714855 0.883814 0.104430 0.998200 -0.010496 0.009093 0.058347
19 1045 -7.345371 2.689342 0.163192 0.987136 0.002143 0.005667 -0.159766
21 1099 5.527553 -2.407303 0.015790 0.988452 0.000234 0.012285 -0.151034
10 1039 -7.362350 1.078665 0.070411 0.999900 -0.010168 0.002496 -0.009477
710 760 6.811119 6.558273 -0.325167 0.806785 -0.001476 0.020192 0.590498
1 1078 6.553497 0.891741 0.137430 0.992179 -0.010953 0.003650 0.124291
17 1040 -8.173735 2.521897 0.122945 0.993388 -0.000776 0.005810 -0.114658
47 1094 -8.989204 -3.058062 0.052965 0.740459 0.001040 0.010832 -0.672014
38 1062 -5.950686 4.213664 -0.027394 0.764010 0.001433 -0.002517 -0.645198
681 758 6.357910 5.408066 -0.396173 0.834939 -0.000633 0.016236 0.550103
46 1081 -8.601101 -1.359182 0.078838 0.768067 -0.001942 0.016741 -0.640147
631 682 6.992653 0.022232 0.039667 0.999385 -0.004319 -0.001067 0.034797
43 1095 -6.643551 -3.483538 0.046430 0.760681 0.000013 0.008519 -0.649070
645 754 7.002487 3.968246 -0.472585 0.870926 -0.006775 0.005361 0.491339
681 755 5.598747 3.857758 -0.376786 0.877177 -0.001469 0.007938 0.480100
25 1051 -6.498600 3.585042 0.159824 0.952003 0.006288 0.005459 -0.305975
674 755 5.607956 3.851654 -0.410044 0.876971 -0.001230 0.007898 0.480477
15 1038 -8.338804 2.091190 0.109901 0.996942 -0.003004 0.006251 -0.077843
627 678 9.462059 -0.147842 0.151819 0.999725 -0.001569 -0.002254 0.023298
633 726 6.195488 -0.025574 -0.261183 0.997772 -0.006170 -0.002815 0.066369
45 1062 -8.278440 5.519541 0.104157 0.691162 -0.000650 0.004930 -0.722683
16 1046 -6.690946 1.948339 0.135180 0.994047 -0.001667 0.003975 -0.108871
12 1042 -6.994134 1.362995 0.114092 0.999195 -0.006026 0.004642 -0.039380
37 1052 -6.475780 7.440073 -0.053582 0.790002 0.001568 -0.003911 -0.613090
40 1056 -6.639170 6.888889 0.025175 0.742723 0.005782 0.000319 -0.669573
1 1098 9.298612 1.502784 0.149918 0.995824 -0.011438 0.003041 0.090529
691 756 5.900078 4.310974 -0.333147 0.864377 -0.001113 0.011494 0.502711
10 1040 -7.138005 1.073871 0.077280 0.999888 -0.010087 0.002433 -0.010828
17 1091 6.756688 -1.388195 0.025376 0.996977 -0.001106 0.014414 -0.076336
29 1056 -5.628489 3.696280 0.107260 0.906671 0.002989 0.005378 -0.421795
43 1078 -7.186982 -0.719946 0.045877 0.782316 0.001513 0.008865 -0.622817
40 1066 -6.509189 3.052979 -0.032884 0.731338 0.009414 -0.009253 -0.681887
43 1085 -6.744981 -2.858693 0.039799 0.772865 0.005025 0.014793 -0.634378
629 688 8.168007 -0.042343 0.049052 0.999521 -0.002294 -0.001817 0.030815
41 1091 -5.462875 -3.833137 0.018617 0.779240 0.004748 0.010072 -0.626627
640 753 7.847366 3.591278 -0.420660 0.881197 -0.009741 0.002494 0.472643
21 1051 -6.084425 2.510734 0.175772 0.977042 0.003608 0.006698 -0.212912
676 760 6.768280 6.606277 -0.437028 0.805262 -0.000699 0.019680 0.592592
651 755 6.298195 4.314178 -0.467476 0.861351 -0.005457 0.008461 0.507910
45 1097 -7.805479 -3.229992 0.071666 0.748216 -0.000208 0.010624 -0.663370
629 723 8.342003 -0.162811 -0.179144 0.999028 -0.002780 -0.002051 0.043957
0 1032 -7.776743 0.045676 -0.007199 0.998052 -0.009359 -0.000969 0.061670
2 1099 9.214015 1.435947 0.146862 0.996140 -0.011355 0.003479 0.086966
44 1090 -7.239875 -3.355552 0.054924 0.754140 0.004441 0.013580 -0.656558
41 1062 -6.768673 4.867108 0.029074 0.725176 0.001691 0.001149 -0.688561
19 1100 6.158658 -1.891433 0.012520 0.993666 0.001323 0.011148 -0.111814
14 1090 7.475819 -0.598848 0.029933 0.999560 -0.004003 0.015126 -0.025219
21 1044 -7.789662 3.323706 0.185120 0.980446 0.000938 0.007537 -0.196640
699 756 5.907913 4.307922 -0.315637 0.864578 -0.001363 0.011613 0.502362
628 727 9.139984 -0.210892 -0.184302 0.998232 -0.003006 -0.002060 0.059324
45 1098 -7.805261 -3.231535 0.071835 0.748331 -0.000040 0.010788 -0.663238
44 1091 -7.232149 -3.380359 0.054410 0.753540 0.003578 0.013358 -0.657257
12 1086 7.455607 -0.104268 0.057305 0.999691 -0.008445 0.016125 0.016943
631 708 6.973091 0.033951 -0.048343 0.999315 -0.003541 -0.000937 0.036838
627 684 9.468918 -0.150528 0.120418 0.999712 -0.001337 -0.002193 0.023859
42 1059 -7.097616 6.235677 0.061891 0.717352 0.004492 -0.000930 -0.696695
5 1031 -8.501731 0.336866 0.020317 0.999181 -0.006931 0.001247 0.039856
701 757 6.169426 4.811676 -0.315226 0.850577 -0.000922 0.014493 0.525649
709 760 6.810745 6.561493 -0.325596 0.806780 -0.001497 0.020146 0.590506
630 718 7.598251 -0.065292 -0.118981 0.999348 -0.002595 -0.001624 0.035976
42 1077 -6.767288 -0.552149 0.031267 0.786243 0.002074 0.005131 -0.617893
635 743 7.312767 0.898514 -0.318412 0.969836 -0.009893 0.005064 0.243505
8 1034 -8.203678 0.767470 0.043128 0.999806 -0.010097 0.001794 0.016824
30 1048 -7.195834 6.010667 0.081557 0.902028 -0.002133 0.002398 -0.431666
5 1033 -8.040146 0.384758 0.027723 0.999102 -0.009379 0.000961 0.041309
13 1099 7.685017 -0.330275 0.039656 0.999877 -0.005665 0.009791 -0.010843
5 1030 -8.736567 0.319337 0.019433 0.999262 -0.006446 0.001330 0.037834
632 707 6.415756 0.062012 -0.053810 0.999226 -0.004408 -0.001621 0.039056
5 1093 8.951923 1.160097 0.114106 0.997232 -0.010594 0.008323 0.073117
666 759 6.577057 5.964035 -0.449217 0.819834 -0.001132 0.017588 0.572330
40 1074 -6.078357 0.087786 -0.013763 0.784590 0.002080 -0.000302 -0.620011
16 1095 6.994146 -1.104758 0.034483 0.998246 -0.003131 0.009170 -0.058404
682 756 5.873474 4.333420 -0.377218 0.863757 -0.000764 0.011253 0.503783
47 1095 -8.986358 -3.055509 0.053711 0.740559 0.000057 0.009690 -0.671921
668 760 6.763054 6.590363 -0.469504 0.805015 -0.000567 0.019773 0.592924
15 1032 -9.698845 2.300389 0.093235 0.997247 -0.002446 0.005935 -0.073874
630 687 7.564377 -0.005585 0.035052 0.999438 -0.002970 -0.001522 0.033366
43 1073 -7.537303 1.017396 0.027185 0.746046 0.000576 0.000053 -0.665894
11 1097 8.069616 0.131061 0.077055 0.999803 -0.009838 0.007431 0.015547
652 757 6.658684 5.299393 -0.494345 0.833497 -0.004704 0.015474 0.552288
677 759 6.580330 5.980957 -0.425596 0.820127 -0.000905 0.018233 0.571891
21 1049 -6.617599 2.774700 0.176549 0.978132 0.001595 0.005917 -0.207894
649 758 7.210243 5.972046 -0.498162 0.815069 -0.005829 0.016846 0.579089
671 755 5.602982 3.848740 -0.426491 0.876866 -0.001169 0.007946 0.480667
40 1093 -4.863457 -3.971463 0.007497 0.790221 0.004401 0.008150 -0.612752
628 687 8.803520 -0.089493 0.077040 0.999612 -0.001896 -0.002040 0.027700
42 1065 -7.210153 3.861434 0.002127 0.707255 0.006968 -0.004959 -0.706907
12 1092 7.918110 -0.109628 0.053050 0.999887 -0.007047 0.013000 0.002686
635 744 7.513878 1.033463 -0.321905 0.965095 -0.009823 0.005014 0.261668
669 756 5.875603 4.318634 -0.434009 0.863364 -0.000468 0.011014 0.504462
36 1057 -6.009875 5.524862 -0.017014 0.799596 0.004817 -0.002669 -0.600513
684 760 6.766914 6.602783 -0.400232 0.805702 -0.000952 0.019876 0.591987
13 1033 -9.182199 1.737306 0.083948 0.999064 -0.004962 0.005214 -0.042650
44 1084 -7.350847 -2.491892 0.056884 0.769376 0.004690 0.014865 -0.638607
636 742 6.678993 0.800095 -0.327652 0.973536 -0.010729 0.003745 0.228250
5 1092 8.969886 1.158512 0.111239 0.997239 -0.010315 0.009482 0.072925
633 728 6.293144 -0.017624 -0.270536 0.996957 -0.006515 -0.002637 0.077633
629 684 8.178108 -0.049637 0.074473 0.999546 -0.002522 -0.001765 0.029981
0 1082 7.957842 1.286765 0.143303 0.991800 -0.016525 0.006401 0.126568
18 1085 5.833782 -1.519872 0.021202 0.997043 -0.000092 0.017547 -0.074819
627 689 9.456665 -0.143921 0.090853 0.999692 -0.001070 -0.002254 0.024684
48 1083 -9.691957 -1.861341 0.024217 0.757499 0.004805 0.015037 -0.652646
10 1037 -7.814934 1.085289 0.056143 0.999918 -0.010351 0.002739 -0.006974
698 760 6.805222 6.579865 -0.352942 0.806473 -0.001362 0.020237 0.590923
26 1053 -6.082243 3.501358 0.161349 0.941676 0.007730 0.006588 -0.336367
644 752 6.679657 3.130478 -0.443929 0.895221 -0.006801 0.001037 0.445569
0 1096 9.381744 1.562109 0.150878 0.995533 -0.011694 0.002511 0.093654
46 1093 -8.400744 -3.146168 0.073465 0.743883 0.001855 0.012658 -0.668188
629 679 8.173019 -0.047745 0.100723 0.999560 -0.002699 -0.001768 0.029475
633 743 8.277313 0.840195 -0.294969 0.970664 -0.009008 0.005639 0.240207
41 1098 -5.455642 -3.797887 0.020824 0.779442 0.001700 0.006831 -0.626435
5 1086 8.511184 1.098959 0.112855 0.996047 -0.011972 0.012536 0.087121
42 1078 -6.670844 -0.888434 0.035347 0.790631 0.001550 0.007765 -0.612242
45 1068 -8.570214 3.164403 0.048983 0.695191 0.000278 -0.003836 -0.718815
635 742 7.116989 0.777847 -0.317012 0.973823 -0.009919 0.003900 0.227056
11 1044 -6.391231 1.170402 0.105922 0.999492 -0.008308 0.003081 -0.030600
702 758 6.398415 5.372910 -0.319492 0.836070 -0.001261 0.016615 0.548370
19 1086 5.741292 -1.803067 0.018307 0.995050 0.001330 0.018127 -0.097695
14 1098 7.469582 -0.579574 0.031701 0.999603 -0.004987 0.009982 -0.025855
12 1033 -9.032473 1.510307 0.073556 0.999546 -0.006803 0.004514 -0.029005
648 757 7.176651 5.420471 -0.502779 0.829772 -0.006143 0.015322 0.557858
0 1079 6.972406 1.037111 0.142780 0.991175 -0.014693 0.005204 0.131640
38 1063 -5.926507 3.803850 -0.049670 0.761465 0.002504 -0.002743 -0.648196
46 1074 -9.018843 1.045713 0.066918 0.737793 -0.001114 0.004367 -0.675012
636 748 7.973045 1.857605 -0.350613 0.936247 -0.011585 0.002528 0.351143
13 1097 7.684123 -0.330698 0.040030 0.999882 -0.005526 0.009199 -0.010956
47 1085 -9.049585 -2.425642 0.048003 0.753175 0.005281 0.015812 -0.657609
3 1034 -7.599375 0.256376 0.002857 0.998642 -0.009891 -0.000918 0.051137
685 760 6.770767 6.598663 -0.396209 0.805827 -0.000964 0.019937 0.591815
16 1099 6.989667 -1.099602 0.028610 0.998235 -0.002951 0.010392 -0.058403
24 1053 -5.898349 2.940647 0.152069 0.958360 0.005802 0.005965 -0.285441
676 759 6.579918 5.981552 -0.426621 0.820066 -0.000870 0.018174 0.571980
629 694 8.157005 -0.043289 0.028806 0.999512 -0.002020 -0.001796 0.031131
17 1086 6.300453 -1.309163 0.030800 0.997924 -0.002216 0.017349 -0.061976
2 1029 -8.661149 0.073869 -0.018362 0.998754 -0.007684 -0.000697 0.049295
19 1091 6.190679 -1.914584 0.011840 0.993587 0.002323 0.015197 -0.112022
2 1036 -7.048843 0.245185 0.006336 0.998530 -0.009419 -0.001077 0.053369
676 757 6.137695 4.841217 -0.412241 0.849339 -0.000146 0.013987 0.527663
673 758 6.364037 5.403046 -0.434896 0.834650 -0.000381 0.016149 0.550544
7 1094 8.706398 0.885226 0.108154 0.998229 -0.010689 0.006628 0.058146
627 718 9.494675 -0.204575 -0.052974 0.999628 -0.000812 -0.002366 0.027153
29 1058 -5.190019 3.143422 0.106347 0.905373 0.004575 0.003917 -0.424574
630 738 9.017906 0.234741 -0.250722 0.986604 -0.007527 0.000046 0.162962
1 1084 8.451312 1.336097 0.143513 0.993302 -0.011920 0.009439 0.114543
41 1059 -6.816158 6.030914 0.045348 0.728323 0.005555 -0.001868 -0.685209
46 1095 -8.396450 -3.135153 0.077958 0.743859 -0.001010 0.009914 -0.668262
21 1093 5.539379 -2.421499 0.016981 0.988430 0.000832 0.014949 -0.150939
627 698 9.447823 -0.146866 0.065159 0.999681 -0.000775 -0.002209 0.025165
660 755 5.648064 3.916962 -0.426069 0.874868 -0.001953 0.006562 0.484313
47 1100 -8.982190 -3.047201 0.046388 0.740559 0.000901 0.010512 -0.671909
679 760 6.765106 6.607758 -0.424118 0.805403 -0.000821 0.019768 0.592398
643 753 7.128754 3.561005 -0.441678 0.882440 -0.007182 0.002193 0.470365
631 688 6.982788 0.030640 0.004536 0.999347 -0.003968 -0.001110 0.035901
41 1092 -5.462105 -3.832465 0.018733 0.779315 0.004647 0.009873 -0.626537
25 1042 -8.387190 4.967616 0.166668 0.958140 0.003778 0.006833 -0.286194
40 1059 -6.559216 5.820874 0.026827 0.740119 0.006582 -0.002824 -0.672438
2 1091 9.249668 1.426913 0.145588 0.996141 -0.011205 0.007585 0.086720
629 714 8.158234 -0.036285 -0.010157 0.999492 -0.001842 -0.001630 0.031766
629 710 8.157204 -0.032074 -0.008060 0.999491 -0.001890 -0.001662 0.031813
20 1088 5.711603 -2.131840 0.015698 0.991934 0.003167 0.017126 -0.125555
704 754 5.357513 3.359055 -0.289610 0.890785 -0.001797 0.005590 0.454387
630 712 7.551331 0.004089 -0.029508 0.999402 -0.002481 -0.001330 0.034464
3 1093 9.143806 1.356506 0.140908 0.996441 -0.011208 0.006582 0.083289
16 1100 6.986892 -1.098877 0.027215 0.998236 -0.002989 0.010339 -0.058391
631 731 7.550888 -0.035110 -0.269705 0.995456 -0.005984 -0.002367 0.095001
42 1062 -7.087160 5.070949 0.045646 0.714148 0.000672 0.002143 -0.699991
628 705 8.790779 -0.088608 0.024337 0.999584 -0.001371 -0.001900 0.028755
31 1052 -6.493718 5.412299 0.076691 0.883970 0.000953 0.002350 -0.467538
46 1076 -8.923400 0.343238 0.073359 0.754601 -0.000456 0.007038 -0.656146
21 1098 5.528073 -2.407902 0.016322 0.988466 0.000340 0.011908 -0.150975
673 754 5.333397 3.383850 -0.411049 0.889572 -0.000752 0.005180 0.456764
14 1084 6.606682 -0.545915 0.035157 0.999856 -0.004588 0.016245 -0.001674
41 1071 -6.735636 1.371568 -0.023611 0.749000 -0.000529 -0.008388 -0.662517
677 757 6.137863 4.840744 -0.411045 0.849395 -0.000184 0.014045 0.527571
644 753 6.935349 3.547867 -0.449592 0.883023 -0.006415 0.002489 0.469279
4 1028 -9.098141 0.196889 -0.002827 0.999228 -0.007678 0.000586 0.038524
637 745 6.872711 1.247803 -0.347962 0.958862 -0.012455 0.004036 0.283570
42 1066 -7.232040 3.470584 0.002730 0.708281 0.007081 -0.007475 -0.705855
708 758 6.398666 5.367371 -0.309798 0.836125 -0.001323 0.016591 0.548287
11 1083 6.932856 0.086611 0.081557 0.998853 -0.011317 0.012965 0.044672
627 708 9.449432 -0.139175 0.042129 0.999669 -0.000683 -0.002081 0.025632
3 1036 -7.144586 0.295395 0.009598 0.998725 -0.009260 -0.000707 0.049617
629 724 8.376732 -0.162857 -0.186592 0.998851 -0.002968 -0.001987 0.047789
17 1041 -7.955014 2.469448 0.128480 0.993203 -0.000882 0.005947 -0.116239
13 1090 7.692498 -0.349780 0.038448 0.999831 -0.004600 0.014592 -0.010147
17 1046 -6.837838 2.163816 0.136469 0.991956 -0.000749 0.003989 -0.126517
679 759 6.576447 5.983093 -0.413520 0.820202 -0.000994 0.018259 0.571782
630 713 7.551605 0.002487 -0.029533 0.999403 -0.002475 -0.001323 0.034446
30 1047 -7.358977 6.226706 0.081991 0.903068 -0.002429 0.002319 -0.429484
48 1081 -9.759194 -1.220642 0.028751 0.762730 0.000647 0.016559 -0.646505
632 730 6.928467 -0.020813 -0.272925 0.995990 -0.006562 -0.002088 0.089196
638 747 6.945145 1.666443 -0.362862 0.944489 -0.015028 0.002577 0.328190
13 1094 7.692157 -0.338083 0.044798 0.999872 -0.005810 0.010068 -0.010975
11 1031 -9.346791 1.306373 0.048810 0.999817 -0.006657 0.003480 -0.017600
7 1097 8.697455 0.891393 0.103279 0.998236 -0.010346 0.005781 0.058170
633 732 6.551620 0.057281 -0.289418 0.994117 -0.008063 -0.004943 0.107898
634 746 8.403183 1.354721 -0.316206 0.953457 -0.011604 0.003389 0.301286
40 1061 -6.489153 5.060206 0.025187 0.738813 0.004114 -0.002035 -0.673895
629 692 8.159584 -0.044205 0.032326 0.999516 -0.002178 -0.001805 0.030984
6 1082 7.387836 0.841771 0.105927 0.994896 -0.015075 0.009194 0.099344
3 1078 6.373861 0.792461 0.129220 0.993059 -0.010476 0.004100 0.117077
15 1092 7.268991 -0.853262 0.027567 0.999013 -0.003430 0.014304 -0.041911
1 1039 -6.276868 0.273325 0.032293 0.998534 -0.009572 -0.001190 0.053259
659 758 6.417564 5.509506 -0.438501 0.831150 -0.001494 0.014555 0.555856
21 1046 -7.350729 3.122823 0.183029 0.979592 0.000828 0.005886 -0.200909
677 754 5.331993 3.386612 -0.394247 0.889697 -0.000897 0.005196 0.456521
627 726 9.749413 -0.267380 -0.154487 0.998699 -0.002059 -0.002388 0.050892
630 705 7.551575 -0.004959 -0.017641 0.999403 -0.002446 -0.001377 0.034421
2 1085 8.596664 1.320696 0.142116 0.994244 -0.012383 0.010318 0.105920
638 749 7.455826 2.151337 -0.381695 0.926033 -0.011320 0.001909 0.377267
37 1062 -5.730452 3.966250 -0.034849 0.779384 0.000297 -0.003447 -0.626537
0 1035 -7.092221 0.132484 0.006194 0.998089 -0.010292 -0.001204 0.060923
651 757 6.767052 5.332108 -0.485065 0.832215 -0.004448 0.014857 0.554236
26 1049 -7.014459 4.290440 0.167006 0.944986 0.004408 0.005386 -0.327036
630 690 7.557426 -0.005646 0.020668 0.999433 -0.002791 -0.001483 0.033534
13 1095 7.689960 -0.334956 0.045554 0.999888 -0.005787 0.008561 -0.010840
3 1099 9.126857 1.363783 0.139303 0.996461 -0.011169 0.003850 0.083224
43 1065 -7.598403 4.042745 0.019050 0.697684 0.006619 -0.003958 -0.716364
0 1037 -6.636350 0.182603 0.018439 0.998211 -0.009996 -0.000848 0.058946
12 1082 6.436321 -0.111580 0.063358 0.999207 -0.011821 0.012324 0.035961
632 702 6.415962 0.062637 -0.048410 0.999228 -0.004499 -0.001678 0.039004
627 719 9.514877 -0.221512 -0.075764 0.999603 -0.001075 -0.002551 0.028035
4 1032 -8.159469 0.273237 0.006133 0.998876 -0.008380 0.000142 0.046660
25 1054 -5.740113 3.011136 0.151189 0.949858 0.007560 0.006552 -0.312522
10 1031 -9.196491 1.097485 0.035573 0.999947 -0.008406 0.002649 -0.005416
628 708 8.791245 -0.084000 0.017936 0.999583 -0.001394 -0.001863 0.028788
12 1084 7.022251 -0.112023 0.056871 0.999494 -0.007230 0.015107 0.027030
3 1091 9.162440 1.354481 0.138001 0.996459 -0.011003 0.007956 0.082979
13 1031 -9.645330 1.767346 0.079849 0.999009 -0.002504 0.005300 -0.044112
44 1086 -7.286497 -2.920512 0.058036 0.762875 0.004460 0.016433 -0.646321
40 1063 -6.480642 4.249134 -0.013828 0.734366 0.003722 -0.000134 -0.678743
631 698 6.971703 0.026398 -0.025265 0.999331 -0.003632 -0.001067 0.036373
632 735 7.417564 0.136688 -0.286777 0.991004 -0.008505 -0.003217 0.133527
669 755 5.601151 3.842453 -0.428186 0.876857 -0.001182 0.007706 0.480687
7 1090 8.708393 0.873638 0.101910 0.998149 -0.009798 0.011228 0.058954
632 691 6.419678 0.061264 -0.018044 0.999253 -0.004805 -0.001757 0.038296
43 1081 -6.938514 -1.720315 0.046503 0.784177 -0.001145 0.015274 -0.620349
44 1077 -7.790359 -0.235625 0.062178 0.771123 0.001615 0.007455 -0.636640
3 1100 9.124007 1.363685 0.137871 0.996460 -0.011199 0.003793 0.083237
1 1092 9.332952 1.495074 0.148203 0.995819 -0.011430 0.007275 0.090336
11 1046 -5.910666 1.124894 0.108664 0.999356 -0.008121 0.001400 -0.034938
670 760 6.763733 6.597656 -0.465134 0.805121 -0.000476 0.019703 0.592783
43 1096 -6.642603 -3.479857 0.043594 0.760681 0.000303 0.008582 -0.649069
701 754 5.357025 3.361206 -0.295883 0.890719 -0.001688 0.005581 0.454517
627 697 9.447525 -0.146759 0.067980 0.999681 -0.000772 -0.002230 0.025126
16 1039 -8.258931 2.302076 0.115987 0.995397 -0.001798 0.005863 -0.095643
697 755 5.631035 3.833649 -0.314865 0.877967 -0.002055 0.008317 0.478645
636 744 7.075256 1.056686 -0.332673 0.964765 -0.010639 0.004888 0.262851
48 1087 -9.613874 -2.728057 0.019603 0.744430 0.006130 0.015835 -0.667484
5 1041 -6.225226 0.513759 0.074012 0.999422 -0.008712 0.001074 0.032852
629 728 8.557564 -0.157547 -0.209893 0.997658 -0.003564 -0.001785 0.068280
20 1099 5.853333 -2.152621 0.014010 0.991330 0.001941 0.011510 -0.130879
16 1042 -7.599389 2.166640 0.131462 0.994920 -0.001705 0.005980 -0.100480
11 1092 8.103962 0.118392 0.075227 0.999764 -0.009501 0.011888 0.015533
698 759 6.614311 5.955902 -0.341404 0.821234 -0.001550 0.018714 0.570282
4 1090 9.046027 1.257522 0.127104 0.996750 -0.010155 0.009491 0.079349
6 1080 6.726158 0.720681 0.108668 0.994255 -0.015389 0.009200 0.105522
632 719 6.484062 -0.014572 -0.175187 0.999124 -0.004847 -0.002087 0.041507
27 1043 -8.163137 5.686322 0.150369 0.940019 0.001442 0.006745 -0.341053
702 760 6.809059 6.571426 -0.339128 0.806691 -0.001442 0.020214 0.590625
44 1072 -8.065566 1.536033 0.038548 0.730278 -0.000410 -0.002882 -0.683144
18 1086 6.028892 -1.556826 0.022129 0.996657 -0.000578 0.017778 -0.079734
35 1052 -6.457530 6.797895 0.011482 0.822079 0.002700 -0.001343 -0.569365
642 750 6.556190 2.461700 -0.422664 0.916378 -0.008590 -0.000200 0.400221
637 748 7.568352 1.881165 -0.362941 0.935903 -0.012755 0.002650 0.352016
28 1051 -6.641563 4.602088 0.129489 0.922752 0.001558 0.004609 -0.385363
9 1090 8.416619 0.526197 0.096453 0.999086 -0.010977 0.011725 0.039621
6 1028 -9.331994 0.413213 0.025953 0.999627 -0.007573 0.002144 0.026133
16 1088 6.846420 -1.099613 0.030014 0.998459 -0.002143 0.016104 -0.053072
639 748 6.858391 1.904022 -0.376927 0.935629 -0.013509 0.001972 0.352721
631 726 7.275459 -0.088608 -0.244877 0.998058 -0.004884 -0.001187 0.062089
23 1040 -8.739401 4.404568 0.155795 0.972415 -0.001249 0.007239 -0.233141
632 718 6.463425 0.001984 -0.152509 0.999162 -0.004587 -0.001903 0.040625
41 1097 -5.456006 -3.796374 0.020649 0.779333 0.001541 0.006659 -0.626573
22 1044 -7.877534 3.641215 0.182564 0.975961 -0.001645 0.007829 -0.217800
10 1094 8.251894 0.340755 0.097094 0.999517 -0.011976 0.007475 0.027694
657 756 6.036858 4.517181 -0.444001 0.857354 -0.002299 0.010462 0.514616
18 1038 -8.734016 2.904162 0.123300 0.991522 0.000495 0.006672 -0.129763
633 735 6.892639 0.168610 -0.292961 0.990724 -0.008916 -0.004159 0.135531
693 755 5.627274 3.833984 -0.321304 0.877854 -0.001929 0.008237 0.478855
9 1084 7.547932 0.466105 0.096571 0.997853 -0.011705 0.012946 0.063127
643 750 6.336662 2.447937 -0.428080 0.916874 -0.007706 -0.000212 0.399103
629 736 9.304291 0.065460 -0.232011 0.990574 -0.005323 -0.002542 0.136851
636 752 9.019958 3.121521 -0.379973 0.894160 -0.008503 0.001740 0.447663
12 1039 -7.665252 1.416644 0.096756 0.999375 -0.006117 0.004539 -0.034522
10 1091 8.278526 0.334738 0.090369 0.999490 -0.011428 0.011295 0.027578
3 1083 8.005695 1.165694 0.136437 0.993575 -0.012925 0.008715 0.112101
632 686 6.432037 0.059967 0.008773 0.999274 -0.005000 -0.001783 0.037734
658 756 5.988907 4.467468 -0.434070 0.858991 -0.001789 0.009840 0.511893
634 739 7.027946 0.457458 -0.302311 0.982919 -0.010724 -0.000091 0.183729
24 1050 -6.668359 3.459076 0.153986 0.960464 0.003562 0.004770 -0.278340
663 758 6.355072 5.406296 -0.440938 0.834329 -0.000743 0.015175 0.551057
628 679 8.805756 -0.093216 0.122483 0.999644 -0.002226 -0.001981 0.026510
653 757 6.560844 5.259888 -0.497680 0.834981 -0.004679 0.015751 0.550034
5 1079 6.508062 0.740096 0.116075 0.993689 -0.013312 0.007312 0.111136
46 1069 -9.081985 2.896855 0.039196 0.696681 -0.003844 -0.002812 -0.717365
9 1087 8.140540 0.514382 0.099564 0.998669 -0.012837 0.013211 0.048181
2 1080 7.132473 1.028591 0.141535 0.991865 -0.016335 0.006405 0.126078
10 1088 8.103077 0.323316 0.092745 0.999301 -0.011524 0.013008 0.033114
631 710 6.971809 0.040604 -0.052597 0.999312 -0.003564 -0.000952 0.036897
670 756 5.876656 4.321869 -0.435493 0.863399 -0.000367 0.011195 0.504397
41 1064 -6.818969 4.053384 -0.006396 0.719711 0.005837 -0.001950 -0.694246
45 1070 -8.578951 2.410732 0.043089 0.708153 -0.004581 -0.002906 -0.706038
696 757 6.167488 4.817551 -0.332051 0.850376 -0.000826 0.014497 0.525975
21 1095 5.531013 -2.413228 0.021624 0.988466 -0.000059 0.011085 -0.151038
631 745 9.771622 1.056412 -0.291843 0.961641 -0.007927 0.005978 0.274130
12 1035 -8.574480 1.479413 0.076430 0.999517 -0.006608 0.004441 -0.030040
37 1061 -5.800185 4.361439 -0.023914 0.781034 0.001867 -0.005508 -0.624461
15 1100 7.234453 -0.835756 0.027913 0.999063 -0.004180 0.010416 -0.041796
13 1093 7.700316 -0.340615 0.041007 0.999849 -0.005447 0.012513 -0.010763
18 1040 -8.299451 2.787547 0.134235 0.991184 0.000633 0.006285 -0.132342
17 1092 6.756341 -1.387235 0.025497 0.996989 -0.001077 0.014193 -0.076220
18 1050 -5.933349 2.020492 0.141747 0.988103 0.002390 0.004850 -0.153696
22 1047 -7.217769 3.301977 0.179216 0.974504 -0.001700 0.005991 -0.224282
14 1091 7.501633 -0.595910 0.029333 0.999544 -0.004528 0.014406 -0.026141
45 1064 -8.407100 4.714512 0.067987 0.685440 0.003312 0.001615 -0.728120
682 755 5.598267 3.857666 -0.371001 0.877232 -0.001487 0.007938 0.479999
28 1048 -7.240943 5.241843 0.127433 0.925640 -0.000985 0.004259 -0.378380
45 1073 -8.532428 1.295073 0.064909 0.733364 -0.000459 0.001815 -0.679834
4 1041 -6.116714 0.450071 0.061433 0.999220 -0.008848 0.000097 0.038492
35 1057 -5.921221 5.219830 0.021626 0.816096 0.005217 -0.000672 -0.577892
654 754 5.739113 3.720337 -0.462205 0.878736 -0.004722 0.006254 0.477244
664 759 6.568680 5.971237 -0.442611 0.819887 -0.001095 0.017067 0.572271
37 1065 -5.614535 2.755722 -0.068506 0.773201 0.007315 -0.009899 -0.634042
38 1057 -6.244045 6.077045 -0.021838 0.768318 0.005285 -0.002559 -0.640041
35 1051 -6.562919 7.088719 0.008214 0.823455 0.001857 -0.001610 -0.567376
11 1088 7.928810 0.110361 0.077718 0.999639 -0.009622 0.013809 0.020955
634 736 6.539276 0.245590 -0.304014 0.988943 -0.008842 -0.003587 0.147988
17 1096 6.726902 -1.371501 0.030340 0.997052 -0.001925 0.009388 -0.076127
697 756 5.907700 4.308548 -0.321766 0.864528 -0.001316 0.011647 0.502447
37 1066 -5.559690 2.368140 -0.064591 0.774109 0.007666 -0.012391 -0.632884
26 1052 -6.324232 3.706251 0.163927 0.942467 0.007231 0.006413 -0.334159
650 756 6.665634 4.835175 -0.469613 0.846156 -0.004839 0.011399 0.532791
699 759 6.614655 5.955536 -0.338412 0.821269 -0.001589 0.018702 0.570233
628 686 8.806625 -0.091629 0.084539 0.999620 -0.001934 -0.002015 0.027418
3 1079 6.709051 0.886613 0.135107 0.992506 -0.013977 0.005564 0.121266
22 1046 -7.447693 3.421544 0.180842 0.975015 -0.001792 0.006169 -0.222045
21 1040 -8.617662 3.677660 0.175251 0.981910 0.000961 0.007688 -0.189189
631 701 6.972519 0.028381 -0.035210 0.999320 -0.003576 -0.001035 0.036676
643 755 7.614433 4.490128 -0.454441 0.855986 -0.008950 0.006867 0.516875
631 723 7.157707 -0.088821 -0.223485 0.998786 -0.004443 -0.001325 0.049040
640 747 6.300438 1.676788 -0.376711 0.944513 -0.014688 0.001615 0.328141
628 724 9.008904 -0.209244 -0.164860 0.998989 -0.002499 -0.002208 0.044825
9 1091 8.441839 0.532450 0.095949 0.999125 -0.011452 0.010967 0.038703
0 1091 9.415462 1.556239 0.146484 0.995531 -0.011736 0.007602 0.093396
646 752 6.307831 3.098221 -0.473188 0.896376 -0.005809 0.003197 0.443245
631 733 7.735100 0.016708 -0.276538 0.993609 -0.007471 -0.003771 0.112568
700 755 5.632210 3.831314 -0.306551 0.878073 -0.002121 0.008284 0.478450
631 702 6.972549 0.029739 -0.038890 0.999318 -0.003578 -0.000993 0.036740
7 1098 8.698997 0.891606 0.103452 0.998225 -0.010344 0.006016 0.058344
34 1049 -6.814707 7.292355 0.036776 0.842422 -0.000653 0.000103 -0.538818
6 1081 7.058281 0.787061 0.106938 0.994480 -0.016178 0.009167 0.103264
632 724 6.636635 -0.054993 -0.239974 0.998462 -0.005559 -0.001928 0.055133
699 760 6.805649 6.579453 -0.349971 0.806509 -0.001402 0.020227 0.590875
39 1057 -6.410058 6.318356 -0.000028 0.754274 0.006347 -0.001422 -0.656528
689 755 5.618263 3.836456 -0.335590 0.877756 -0.001788 0.008187 0.479035
630 709 7.551193 0.003235 -0.027042 0.999401 -0.002504 -0.001307 0.034503
705 756 5.910362 4.299957 -0.302019 0.864767 -0.001466 0.011612 0.502038
19 1047 -6.871146 2.511986 0.159544 0.986399 0.002369 0.004750 -0.164285
42 1099 -6.049700 -3.630638 0.034284 0.769343 0.000962 0.008283 -0.638781
5 1040 -6.449632 0.499404 0.066470 0.999369 -0.008595 0.000964 0.034445
2 1096 9.216033 1.433230 0.149985 0.996144 -0.011197 0.002494 0.086975
45 1075 -8.435084 0.583971 0.073812 0.750972 -0.001148 0.006127 -0.660304
43 1090 -6.657673 -3.488711 0.039325 0.761094 0.004787 0.012390 -0.648506
17 1034 -9.503040 2.830609 0.099663 0.994112 -0.001577 0.005745 -0.108197
631 721 7.091835 -0.073380 -0.198645 0.999059 -0.004028 -0.001380 0.043162
11 1095 8.075652 0.127164 0.082630 0.999803 -0.010082 0.006787 0.015665
639 750 7.367523 2.473434 -0.396770 0.915722 -0.010651 0.000308 0.401671
42 1080 -6.479166 -1.553544 0.039183 0.793851 -0.000611 0.013608 -0.607960
680 757 6.132317 4.843765 -0.392725 0.849509 -0.000287 0.014088 0.527386
27 1047 -7.442231 5.038090 0.148957 0.937048 0.001051 0.004592 -0.349169
10 1029 -9.667269 1.109517 0.034288 0.999910 -0.008518 0.002790 -0.009939
3 1085 8.508655 1.253179 0.134947 0.994633 -0.012164 0.010690 0.102187
37 1056 -6.185985 6.155173 -0.040070 0.784666 0.003358 -0.003036 -0.619902
11 1033 -8.882735 1.300998 0.054513 0.999823 -0.009115 0.003335 -0.016140
9 1038 -7.437150 0.926077 0.062239 0.999941 -0.010203 0.002516 0.002899
29 1055 -5.843903 3.960541 0.106701 0.907549 0.002325 0.005089 -0.419908
25 1041 -8.572962 5.092744 0.163007 0.958687 0.003645 0.006809 -0.284358
632 683 6.435631 0.056839 0.026482 0.999292 -0.005203 -0.001743 0.037209
21 1100 5.524956 -2.406068 0.014407 0.988455 0.000190 0.012236 -0.151022
1 1081 7.547773 1.163493 0.143803 0.991691 -0.017405 0.006245 0.127306
632 712 6.415810 0.071289 -0.063344 0.999224 -0.004474 -0.001612 0.039112
635 741 6.929741 0.663696 -0.315755 0.977211 -0.010074 0.001998 0.212020
43 1091 -6.649421 -3.513350 0.038853 0.760500 0.003927 0.012160 -0.649213
681 754 5.325165 3.389954 -0.371404 0.889811 -0.001018 0.005238 0.456297
10 1041 -6.913205 1.067891 0.084347 0.999868 -0.010201 0.002545 -0.012422
10 1042 -6.689455 1.058882 0.090395 0.999843 -0.010070 0.002582 -0.014338
646 754 6.821762 3.952225 -0.485245 0.871493 -0.006467 0.006381 0.490324
662 756 5.880608 4.348679 -0.430641 0.862651 -0.001179 0.010047 0.505699
704 755 5.633095 3.825653 -0.295771 0.878201 -0.002233 0.008312 0.478214
0 1085 8.763941 1.441269 0.143185 0.993505 -0.012930 0.010336 0.112582
42 1095 -6.053287 -3.636406 0.040198 0.769350 0.000093 0.007406 -0.638785
631 713 6.972687 0.036819 -0.053830 0.999315 -0.003547 -0.000920 0.036831
681 760 6.763618 6.608292 -0.414025 0.805474 -0.000842 0.019801 0.592300
641 753 7.584717 3.585815 -0.431285 0.881452 -0.008983 0.002409 0.472181
627 699 9.448250 -0.147293 0.062278 0.999679 -0.000749 -0.002176 0.025225
6 1041 -6.345028 0.592320 0.081484 0.999620 -0.008749 0.001669 0.026102
13 1038 -8.042560 1.626913 0.098776 0.998874 -0.004376 0.005567 -0.046919
0 1092 9.414811 1.557030 0.146584 0.995522 -0.011670 0.007390 0.093515
45 1069 -8.574743 2.786011 0.044187 0.701449 -0.003600 -0.002416 -0.712707
18 1099 6.451897 -1.631005 0.018172 0.995525 -0.000414 0.010829 -0.093876
671 757 6.134727 4.835373 -0.437896 0.849186 -0.000002 0.014089 0.527906
677 755 5.605339 3.854538 -0.399519 0.877056 -0.001350 0.007892 0.480321
0 1090 9.391076 1.547263 0.146848 0.995443 -0.011305 0.008385 0.094312
3 1077 6.035911 0.702083 0.124006 0.993896 -0.008238 0.002544 0.109986
632 731 6.994904 0.000000 -0.278289 0.995231 -0.006940 -0.003002 0.097256
13 1085 7.057028 -0.323068 0.041468 0.999811 -0.005920 0.016595 0.008244
631 697 6.971405 0.026520 -0.022444 0.999333 -0.003629 -0.001089 0.036334
637 743 6.471519 0.942780 -0.339926 0.969287 -0.011887 0.004915 0.245595
8 1089 8.512538 0.698374 0.099706 0.998546 -0.010095 0.011904 0.051597
658 753 5.176483 3.091660 -0.423590 0.897582 -0.000803 0.002099 0.440842
631 725 7.233147 -0.091949 -0.239684 0.998342 -0.004712 -0.001290 0.057358
8 1087 8.293554 0.687974 0.102260 0.998146 -0.012237 0.012928 0.058196
6 1035 -7.703384 0.515331 0.042278 0.999394 -0.009210 0.001499 0.033528
47 1079 -9.290038 -0.604941 0.061109 0.765688 0.000288 0.013531 -0.643070
15 1098 7.237889 -0.836854 0.029846 0.999069 -0.003996 0.010107 -0.041748
6 1093 8.839503 1.033504 0.105266 0.997698 -0.010561 0.008932 0.066382
681 757 6.131767 4.843689 -0.388546 0.849528 -0.000299 0.014097 0.527356
1 1083 8.179723 1.288682 0.145718 0.992731 -0.013434 0.008245 0.119316
696 756 5.907921 4.308258 -0.325780 0.864509 -0.001289 0.011638 0.502481
44 1085 -7.313771 -2.723821 0.056158 0.766058 0.004728 0.015988 -0.642555
632 732 7.076103 0.026718 -0.282635 0.994341 -0.007679 -0.003991 0.105887
4 1078 6.277056 0.729273 0.121701 0.993584 -0.010064 0.004844 0.112543
634 732 6.055885 0.081833 -0.301232 0.993907 -0.008571 -0.005345 0.109761
661 760 6.771759 6.648941 -0.458074 0.803599 -0.001333 0.018610 0.594879
48 1078 -9.939417 -0.205760 0.031793 0.760783 0.003082 0.010068 -0.648920
9 1085 7.781639 0.489503 0.096271 0.998146 -0.012442 0.013764 0.057973
627 677 9.458138 -0.144913 0.159370 0.999727 -0.001603 -0.002228 0.023222
20 1043 -7.897979 3.115124 0.174137 0.984594 0.002823 0.007228 -0.174682
10 1085 7.617532 0.306502 0.090958 0.998725 -0.012383 0.014105 0.046858
685 758 6.363632 5.398941 -0.377881 0.835267 -0.000764 0.016364 0.549601
28 1054 -5.990585 3.908578 0.125395 0.920066 0.002920 0.005555 -0.391712
1 1033 -7.639087 0.126357 -0.004612 0.998218 -0.010281 -0.001258 0.058766
9 1042 -6.538554 0.923140 0.090198 0.999942 -0.009989 0.002275 -0.003207
10 1096 8.245899 0.344996 0.094948 0.999524 -0.011721 0.006213 0.027838
641 752 7.331779 3.166763 -0.424391 0.893726 -0.009362 0.000887 0.448515
18 1042 -7.867772 2.664427 0.143662 0.990712 0.000658 0.006467 -0.135818
1 1090 9.309155 1.485458 0.148456 0.995743 -0.011062 0.008268 0.091133
18 1092 6.481704 -1.651086 0.016311 0.995468 0.000498 0.014622 -0.093963
11 1093 8.086309 0.122026 0.078161 0.999770 -0.009847 0.010747 0.015725
631 709 6.972282 0.037567 -0.051340 0.999313 -0.003576 -0.000903 0.036887
1 1080 7.219255 1.081085 0.143914 0.991412 -0.016623 0.006299 0.129560
627 693 9.449318 -0.144241 0.075666 0.999687 -0.000922 -0.002226 0.024889
9 1092 8.441279 0.533307 0.096051 0.999123 -0.011398 0.010752 0.038822
46 1098 -8.392794 -3.130384 0.072572 0.743895 -0.000224 0.010384 -0.668216
630 740 9.370514 0.394714 -0.253177 0.982079 -0.007031 0.002023 0.188327
672 754 5.331818 3.382385 -0.414345 0.889565 -0.000814 0.005053 0.456780
633 746 8.903648 1.321350 -0.305264 0.954024 -0.011014 0.003689 0.299504
37 1063 -5.686494 3.558017 -0.055870 0.776913 0.001377 -0.003652 -0.629596
635 746 7.935822 1.383911 -0.328474 0.952992 -0.011924 0.003162 0.302745
40 1085 -5.020061 -3.347294 0.003720 0.801697 0.006393 0.011667 -0.597582
654 759 6.864449 6.370087 -0.511699 0.806489 -0.004856 0.019776 0.590899
2 1035 -7.275612 0.224856 0.002377 0.998480 -0.009818 -0.001214 0.054226
2 1082 7.788566 1.177019 0.142009 0.992634 -0.016006 0.006401 0.119916
17 1038 -8.612175 2.622914 0.111445 0.993680 -0.000922 0.006198 -0.112074
21 1091 5.555047 -2.431678 0.013715 0.988364 0.001350 0.016242 -0.151234
699 757 6.167625 4.817123 -0.321930 0.850449 -0.000901 0.014473 0.525858
639 753 8.153366 3.590820 -0.415802 0.881091 -0.010081 0.002945 0.472829
24 1045 -7.793900 4.207735 0.161080 0.963713 0.001726 0.005388 -0.266880
7 1089 8.651731 0.865628 0.102358 0.998030 -0.009536 0.011666 0.060910
695 756 5.906464 4.309082 -0.327014 0.864463 -0.001319 0.011609 0.502560
16 1094 6.996034 -1.108077 0.033711 0.998224 -0.003083 0.010676 -0.058534
6 1098 8.823523 1.041039 0.104286 0.997723 -0.010383 0.005857 0.066379
41 1067 -6.856495 2.875443 -0.018487 0.723276 0.006200 -0.007923 -0.690486
630 680 7.569016 -0.010925 0.074077 0.999473 -0.003278 -0.001477 0.032262
34 1058 -5.710425 4.581718 0.052806 0.831872 0.005398 -0.000262 -0.554942
641 749 6.547050 2.157227 -0.406187 0.926264 -0.010268 0.000925 0.376736
4 1089 8.989738 1.247200 0.127379 0.996591 -0.009905 0.009934 0.081302
42 1068 -7.225986 2.701795 -0.006210 0.718024 0.001866 -0.006596 -0.695984
13 1040 -7.594701 1.584011 0.110911 0.998751 -0.004204 0.005181 -0.049516
3 1098 9.127583 1.363493 0.139853 0.996459 -0.010978 0.003509 0.083288
630 727 7.901939 -0.123734 -0.226363 0.997877 -0.004062 -0.001513 0.064983
699 754 5.355934 3.366257 -0.302684 0.890608 -0.001664 0.005564 0.454735
35 1050 -6.662750 7.373544 0.003662 0.824948 0.000701 -0.001722 -0.565206
47 1091 -8.994046 -3.084899 0.046113 0.740367 0.004080 0.013210 -0.672060
660 760 6.786514 6.678604 -0.458583 0.802643 -0.001561 0.018500 0.596170
682 757 6.131516 4.843475 -0.382785 0.849588 -0.000316 0.014098 0.527258
636 746 7.496323 1.408157 -0.339499 0.952610 -0.012742 0.003068 0.303913
32 1056 -5.847737 4.612489 0.068455 0.865186 0.002918 0.002822 -0.501435
644 750 6.140518 2.436768 -0.436220 0.917370 -0.006968 0.000144 0.397973
640 751 7.326866 2.804657 -0.408994 0.905037 -0.010421 -0.000014 0.425205
41 1090 -5.472560 -3.809025 0.019019 0.779814 0.005599 0.010326 -0.625901
695 759 6.612442 5.957031 -0.349682 0.821138 -0.001548 0.018695 0.570421
16 1087 6.722139 -1.077888 0.032163 0.998647 -0.003345 0.016726 -0.049119
8 1082 7.118542 0.574201 0.103149 0.996460 -0.015580 0.009700 0.082041
3 1080 7.042307 0.972093 0.135288 0.992332 -0.016124 0.006788 0.122354
628 704 8.791069 -0.089111 0.024544 0.999583 -0.001330 -0.001915 0.028772
40 1071 -6.316605 1.167146 -0.041700 0.760389 0.000580 -0.009479 -0.649399
17 1099 6.725836 -1.368224 0.027286 0.997042 -0.001921 0.010385 -0.076127
13 1091 7.718213 -0.346064 0.037870 0.999830 -0.005115 0.013864 -0.011069
14 1034 -9.099623 1.968606 0.094318 0.998286 -0.004563 0.005638 -0.058081
627 690 9.454712 -0.144730 0.086837 0.999692 -0.001005 -0.002219 0.024711
656 757 6.338776 5.091446 -0.463330 0.841003 -0.002261 0.014178 0.540840
630 742 9.748863 0.597382 -0.254510 0.976079 -0.006499 0.005319 0.217252
47 1083 -9.101871 -1.917841 0.053224 0.759708 0.003314 0.014964 -0.650084
40 1057 -6.611639 6.540461 0.027198 0.741539 0.006536 -0.000078 -0.670877
14 1087 7.200557 -0.574843 0.034752 0.999706 -0.005739 0.016677 -0.016636
6 1038 -7.018648 0.554344 0.059213 0.999500 -0.008842 0.001941 0.030291
9 1082 6.963483 0.424186 0.100883 0.997219 -0.016208 0.010034 0.072044
690 757 6.155960 4.821426 -0.344428 0.850179 -0.000669 0.014368 0.526298
1 1040 -6.053735 0.296656 0.040544 0.998606 -0.009483 -0.001247 0.051909
25 1044 -8.016432 4.709746 0.168581 0.956965 0.003696 0.006518 -0.290108
675 754 5.333626 3.384842 -0.399807 0.889633 -0.000836 0.005122 0.456648
31 1056 -5.784194 4.302476 0.078253 0.879880 0.002514 0.003509 -0.475176
9 1033 -8.582016 0.922219 0.040946 0.999914 -0.010783 0.002159 0.007173
634 743 7.778641 0.871231 -0.306006 0.970209 -0.009584 0.005308 0.242020
10 1034 -8.502239 1.100561 0.044878 0.999928 -0.010897 0.002343 -0.004329
629 691 8.161514 -0.044571 0.035969 0.999517 -0.002211 -0.001777 0.030946
632 715 6.416306 0.070175 -0.066497 0.999223 -0.004440 -0.001636 0.039125
47 1080 -9.227957 -0.943332 0.059025 0.766378 -0.000282 0.015930 -0.642192
673 756 5.881088 4.328033 -0.422215 0.863434 -0.000487 0.011180 0.504337
5 1084 8.083211 1.030490 0.110015 0.995142 -0.010718 0.011630 0.097175
633 731 6.470520 0.030228 -0.285213 0.995026 -0.007318 -0.003956 0.099269
1 1036 -6.956182 0.197958 0.006834 0.998334 -0.009676 -0.001178 0.056877
659 756 5.948341 4.428406 -0.427685 0.860219 -0.001481 0.009533 0.509834
644 751 6.408867 2.765198 -0.440941 0.906687 -0.007106 0.000160 0.421744
661 757 6.151154 4.880325 -0.435383 0.847853 -0.000678 0.012877 0.530074
628 726 9.091957 -0.210587 -0.178617 0.998532 -0.002764 -0.002157 0.054046
630 691 7.555138 -0.006149 0.015749 0.999429 -0.002813 -0.001472 0.033647
11 1039 -7.513608 1.242709 0.080868 0.999724 -0.008424 0.003356 -0.021659
24 1048 -7.144042 3.781790 0.155228 0.961826 0.002123 0.004587 -0.273615
673 760 6.768486 6.603683 -0.452169 0.805163 -0.000596 0.019701 0.592727
629 721 8.276268 -0.146774 -0.154338 0.999270 -0.002361 -0.002098 0.038077
41 1076 -6.363264 -0.403224 0.011984 0.789456 0.001595 0.003437 -0.613796
24 1041 -8.569306 4.686216 0.153610 0.965829 0.001923 0.006559 -0.259088
634 738 6.857849 0.376114 -0.301280 0.985148 -0.010533 -0.001301 0.171380
19 1051 -5.803230 2.092471 0.155568 0.984696 0.005022 0.005853 -0.174111
630 707 7.551201 -0.005234 -0.020010 0.999404 -0.002415 -0.001340 0.034407
43 1092 -6.648612 -3.512724 0.038966 0.760578 0.003820 0.011964 -0.649125
1 1079 6.887278 0.990764 0.143523 0.991594 -0.014466 0.005091 0.128474
22 1041 -8.484963 3.936917 0.176860 0.977248 -0.001712 0.008145 -0.211938
14 1046 -6.380910 1.573113 0.132516 0.997057 -0.003648 0.003876 -0.076482
9 1086 7.979585 0.505209 0.098550 0.998412 -0.012936 0.013880 0.053048
6 1079 6.390193 0.646566 0.109903 0.994413 -0.013265 0.007940 0.104425
8 1079 6.114720 0.413781 0.107727 0.996066 -0.013791 0.008419 0.087130
3 1040 -6.240771 0.380927 0.042616 0.998961 -0.009069 -0.000775 0.044647
1 1089 9.253125 1.473807 0.148616 0.995561 -0.010820 0.008716 0.093085
7 1042 -6.250937 0.691843 0.089179 0.999831 -0.008616 0.001859 0.016138
630 733 8.314064 -0.020782 -0.251721 0.993880 -0.006440 -0.004245 0.110192
640 745 5.856689 1.270859 -0.370785 0.958709 -0.012735 0.002933 0.284089
703 758 6.398262 5.373184 -0.317920 0.836073 -0.001316 0.016651 0.548364
17 1084 5.871282 -1.248585 0.031225 0.998520 -0.001079 0.016188 -0.051912
32 1049 -6.935928 6.549158 0.057393 0.873207 -0.001667 0.001243 -0.487346
637 752 8.612892 3.146957 -0.394590 0.893729 -0.009653 0.001987 0.448498
628 729 9.242310 -0.194229 -0.193292 0.997410 -0.003291 -0.002062 0.071819
37 1057 -6.113525 5.813284 -0.034973 0.783572 0.004143 -0.003388 -0.621278
633 722 6.042137 -0.020004 -0.227098 0.998720 -0.005321 -0.002994 0.050217
12 1095 7.890052 -0.100163 0.060552 0.999935 -0.007693 0.007906 0.002807
12 1036 -8.347489 1.461359 0.078120 0.999493 -0.006202 0.004548 -0.030900
694 759 6.612137 5.954987 -0.350497 0.821145 -0.001492 0.018693 0.570412
33 1061 -5.130157 3.264101 0.058888 0.846638 0.002124 -0.000758 -0.532164
664 755 5.595566 3.843903 -0.420804 0.876847 -0.001409 0.006712 0.480721
41 1096 -5.458055 -3.799300 0.023350 0.779407 0.001230 0.006389 -0.626485
36 1056 -6.100167 5.862490 -0.021523 0.800654 0.004024 -0.002339 -0.599109
12 1030 -9.731220 1.543248 0.069380 0.999454 -0.003862 0.004685 -0.032491
709 759 6.619179 5.937729 -0.314040 0.821531 -0.001683 0.018619 0.569857
17 1048 -6.330102 2.012279 0.133807 0.991349 -0.000385 0.003998 -0.131189
642 752 7.091919 3.158035 -0.431244 0.894113 -0.008440 0.000778 0.447761
44 1096 -7.224609 -3.347025 0.059162 0.753729 -0.000084 0.009820 -0.657112
45 1080 -8.099388 -1.130352 0.082418 0.773762 -0.001209 0.016578 -0.633259
656 760 6.913971 6.875259 -0.493195 0.795921 -0.002882 0.020010 0.605063
630 723 7.736145 -0.123657 -0.199324 0.998904 -0.003377 -0.001740 0.046656
630 696 7.549629 -0.007156 0.006005 0.999420 -0.002586 -0.001499 0.033911
627 679 9.463829 -0.148636 0.146668 0.999724 -0.001514 -0.002195 0.023353
43 1064 -7.540925 4.439130 0.027718 0.699043 0.004467 0.000002 -0.715066
663 757 6.130188 4.841400 -0.434304 0.848942 -0.000379 0.013034 0.528326
2 1037 -6.819111 0.268843 0.014713 0.998588 -0.009519 -0.000860 0.052249
629 740 9.979179 0.346802 -0.231408 0.982589 -0.006475 0.001639 0.185673
15 1035 -9.016016 2.200366 0.098194 0.997190 -0.003408 0.005834 -0.074614
630 715 7.551819 0.002975 -0.032666 0.999402 -0.002448 -0.001356 0.034476
12 1085 7.257036 -0.105593 0.055751 0.999602 -0.007946 0.015972 0.021874
664 757 6.127220 4.830582 -0.430179 0.849170 -0.000310 0.012870 0.527963
11 1045 -6.156514 1.150312 0.108639 0.999429 -0.008346 0.002156 -0.032663
12 1096 7.886552 -0.098680 0.057720 0.999935 -0.007513 0.008143 0.002807
652 753 5.675850 3.367233 -0.462036 0.888394 -0.004168 0.004530 0.459040
627 714 9.449280 -0.136734 0.035805 0.999669 -0.000657 -0.002064 0.025644
12 1046 -6.065827 1.257444 0.120634 0.998836 -0.005855 0.002610 -0.047800
36 1055 -6.191055 6.191058 -0.025853 0.801898 0.003300 -0.002486 -0.597446
7 1031 -8.755625 0.577820 0.032050 0.999660 -0.006959 0.001962 0.025059
45 1077 -8.322309 -0.112435 0.077993 0.765860 0.001163 0.008005 -0.642957
45 1090 -7.823187 -3.240989 0.070167 0.748709 0.004025 0.014093 -0.662737
677 756 5.880203 4.330505 -0.405613 0.863572 -0.000629 0.011204 0.504101
693 756 5.903709 4.309021 -0.328059 0.864409 -0.001193 0.011564 0.502654
687 759 6.592812 5.963165 -0.372982 0.820880 -0.001202 0.018507 0.570800
631 744 9.567688 0.891190 -0.287613 0.967085 -0.007321 0.006929 0.254255
627 723 9.631638 -0.265060 -0.133342 0.999280 -0.001603 -0.002494 0.037836
41 1069 -6.800110 2.117669 -0.027284 0.734935 -0.000956 -0.006367 -0.678107
31 1057 -5.599757 4.005586 0.080216 0.879040 0.003337 0.003296 -0.476725
653 755 6.081795 4.246750 -0.478064 0.863886 -0.005768 0.009342 0.503568
18 1090 6.456042 -1.651467 0.016781 0.995530 0.001046 0.015522 -0.093158
665 756 5.872025 4.315933 -0.422758 0.863317 -0.000722 0.009976 0.504563
634 741 7.394905 0.637604 -0.303233 0.977537 -0.009777 0.002251 0.210523
630 700 7.550835 -0.008072 -0.006121 0.999412 -0.002517 -0.001428 0.034171
44 1067 -8.085986 3.418119 0.038612 0.695135 0.004019 -0.004826 -0.718852
8 1085 7.935225 0.655911 0.098839 0.997525 -0.011849 0.013478 0.067983
42 1085 -6.171472 -3.014524 0.032637 0.781344 0.004999 0.013742 -0.623930
657 757 6.281990 5.033600 -0.449707 0.842895 -0.001908 0.013350 0.537909
6 1040 -6.569615 0.580998 0.074185 0.999578 -0.008632 0.001559 0.027696
0 1093 9.396787 1.557877 0.149378 0.995509 -0.011926 0.006225 0.093707
43 1067 -7.647503 3.265430 0.014732 0.702730 0.004665 -0.005972 -0.711416
654 760 7.023460 7.002853 -0.526708 0.791209 -0.004678 0.021375 0.611154
45 1085 -7.886689 -2.608128 0.071459 0.760740 0.004342 0.016509 -0.648832
703 759 6.617531 5.947906 -0.326050 0.821449 -0.001684 0.018726 0.569973
14 1100 7.466112 -0.578590 0.029765 0.999598 -0.005176 0.010288 -0.025904
655 756 6.166344 4.631119 -0.469413 0.853533 -0.003547 0.011976 0.520890
2 1098 9.214743 1.435663 0.147413 0.996138 -0.011164 0.003139 0.087030
7 1026 -9.936778 0.543749 0.018745 0.999898 -0.005819 0.002452 0.012850
642 753 7.345573 3.576660 -0.437561 0.881859 -0.008064 0.002276 0.471439
669 760 6.762352 6.594543 -0.463261 0.805080 -0.000596 0.019534 0.592844
0 1024 -9.665041 -0.140757 -0.034696 0.999152 -0.006144 -0.000048 0.040717
40 1070 -6.362062 1.537947 -0.045764 0.752849 -0.000852 -0.008032 -0.658144
655 758 6.607422 5.723907 -0.487619 0.823865 -0.003488 0.017099 0.566517
631 705 6.972702 0.029404 -0.041921 0.999316 -0.003518 -0.000974 0.036805
6 1039 -6.793656 0.568527 0.067079 0.999539 -0.008716 0.001617 0.029047
6 1036 -7.475949 0.526233 0.045098 0.999426 -0.008811 0.001629 0.032669
627 704 9.449219 -0.144318 0.048730 0.999669 -0.000618 -0.002133 0.025615
0 1027 -8.946997 -0.081543 -0.024844 0.998657 -0.007943 -0.000331 0.051190
10 1028 -9.905155 1.119107 0.032006 0.999878 -0.009007 0.002974 -0.012393
20 1090 5.855942 -2.173330 0.012533 0.991356 0.003576 0.016144 -0.130153
681 759 6.574806 5.983673 -0.403373 0.820270 -0.001016 0.018292 0.571682
688 758 6.378937 5.384125 -0.359933 0.835608 -0.000891 0.016481 0.549079
9 1098 8.407927 0.544520 0.097948 0.999150 -0.011624 0.006524 0.039017
48 1084 -9.669388 -2.136075 0.019179 0.754346 0.006710 0.014761 -0.656277
684 756 5.875389 4.328766 -0.368585 0.863893 -0.000867 0.011315 0.503548
643 756 7.848206 4.987518 -0.464091 0.841529 -0.008394 0.010405 0.540047
629 695 8.156693 -0.045227 0.027828 0.999512 -0.001974 -0.001765 0.031118
17 1036 -9.058952 2.724846 0.100851 0.993946 -0.000928 0.005866 -0.109712
636 749 8.233322 2.113510 -0.360760 0.926629 -0.009479 0.001844 0.375853
47 1097 -8.982827 -3.049223 0.048168 0.740479 0.000675 0.009994 -0.672005
26 1046 -7.639968 4.807545 0.174238 0.947299 0.003642 0.005436 -0.320285
646 753 6.565674 3.514267 -0.480121 0.884236 -0.005363 0.004621 0.466986
685 757 6.136810 4.834839 -0.370029 0.849842 -0.000435 0.014222 0.526846
633 734 6.762604 0.127975 -0.293216 0.991975 -0.009347 -0.004988 0.125987
2 1090 9.225164 1.418264 0.145940 0.996059 -0.010769 0.008365 0.087637
669 754 5.328186 3.374283 -0.423182 0.889508 -0.000723 0.005015 0.456892
28 1053 -6.210765 4.147305 0.128944 0.920899 0.002825 0.005177 -0.389758
8 1032 -8.664539 0.747015 0.035159 0.999815 -0.008920 0.002053 0.016906
645 750 5.949432 2.420883 -0.453070 0.917942 -0.006287 0.001309 0.396663
630 730 8.062988 -0.091965 -0.239809 0.996406 -0.004561 -0.001898 0.084561
5 1081 7.174194 0.889606 0.113841 0.993765 -0.016233 0.008519 0.109973
39 1061 -6.230905 4.843886 0.001580 0.751601 0.003969 -0.003426 -0.659598
631 743 9.364532 0.759338 -0.283648 0.971686 -0.007425 0.007026 0.236056
7 1092 8.732759 0.881697 0.101541 0.998203 -0.010200 0.010248 0.058154
41 1081 -5.856616 -2.060129 0.022711 0.802065 -0.000496 0.012994 -0.597095
628 719 8.857170 -0.166092 -0.099864 0.999509 -0.001785 -0.002333 0.031192
47 1081 -9.173464 -1.277606 0.056406 0.764912 -0.000850 0.016484 -0.643923
44 1081 -7.483048 -1.581594 0.064325 0.777521 -0.001414 0.016543 -0.628638
22 1043 -8.081516 3.742256 0.182067 0.976390 -0.001581 0.008195 -0.215853
628 693 8.791183 -0.089005 0.051480 0.999603 -0.001633 -0.002010 0.028046
13 1035 -8.725221 1.693897 0.086180 0.999021 -0.004768 0.005141 -0.043685
645 749 5.696350 2.110931 -0.444524 0.928058 -0.007073 0.002462 0.372360
27 1051 -6.608695 4.249634 0.146130 0.933510 0.003861 0.005148 -0.358494
19 1037 -9.068161 3.254177 0.136393 0.989199 0.002105 0.006991 -0.146399
42 1088 -6.092292 -3.493863 0.034807 0.772695 0.004989 0.012420 -0.634636
663 756 5.873421 4.330719 -0.429748 0.863137 -0.000794 0.010188 0.504867
41 1084 -5.652126 -2.956978 0.018254 0.794325 0.005715 0.011581 -0.607356
9 1044 -6.087237 0.908143 0.097258 0.999922 -0.009956 0.001901 -0.007289
661 754 5.353836 3.421463 -0.421230 0.888353 -0.001268 0.003993 0.459141
683 756 5.875000 4.330093 -0.373708 0.863831 -0.000798 0.011262 0.503655
8 1027 -9.841559 0.725100 0.023638 0.999948 -0.007504 0.002632 0.006406
13 1032 -9.412929 1.751414 0.080350 0.999056 -0.003811 0.005273 -0.042942
632 717 6.448288 0.019714 -0.130356 0.999210 -0.004486 -0.001689 0.039460
20 1093 5.865723 -2.166329 0.015177 0.991307 0.002485 0.014186 -0.130779
9 1032 -8.812979 0.913231 0.036135 0.999927 -0.009635 0.002273 0.006884
673 757 6.138489 4.838440 -0.427536 0.849251 -0.000044 0.014017 0.527804
703 754 5.357185 3.359406 -0.289920 0.890751 -0.001765 0.005574 0.454455
637 744 6.672050 1.078598 -0.343686 0.964507 -0.011819 0.004902 0.263749
2 1030 -8.426517 0.093508 -0.016037 0.998632 -0.007090 -0.000748 0.051792
21 1045 -7.574574 3.227585 0.185511 0.980043 0.000740 0.006649 -0.198671
628 694 8.789795 -0.088593 0.050564 0.999600 -0.001547 -0.002011 0.028166
642 755 7.828995 4.506973 -0.451524 0.855348 -0.009832 0.006995 0.517913
22 1050 -6.474021 2.899817 0.174570 0.972832 -0.000016 0.006371 -0.231426
8 1096 8.561398 0.720944 0.103321 0.998723 -0.011014 0.005618 0.048978
16 1045 -6.930336 2.009804 0.136565 0.994289 -0.001830 0.004731 -0.106602
632 699 6.415543 0.058884 -0.037659 0.999239 -0.004527 -0.001719 0.038696
631 729 7.425499 -0.069901 -0.259892 0.996792 -0.005394 -0.001059 0.079852
683 755 5.599655 3.854431 -0.367463 0.877303 -0.001522 0.007946 0.479869
1 1100 9.295034 1.502922 0.147933 0.995825 -0.011661 0.003322 0.090477
28 1050 -6.847890 4.822403 0.127985 0.923769 0.000465 0.004263 -0.382927
5 1026 -9.681340 0.267833 0.005562 0.999599 -0.005792 0.001754 0.027652
671 754 5.329994 3.380600 -0.421271 0.889517 -0.000716 0.005255 0.456871
1 1099 9.297881 1.503063 0.149367 0.995826 -0.011631 0.003380 0.090464
2 1087 8.951488 1.379956 0.147474 0.995237 -0.012723 0.009753 0.096163
9 1037 -7.664328 0.924488 0.055505 0.999936 -0.010273 0.002428 0.004157
664 758 6.352585 5.395294 -0.436606 0.834568 -0.000678 0.015009 0.550700
24 1043 -8.186654 4.453335 0.159431 0.964783 0.002062 0.006616 -0.262957
41 1061 -6.772580 5.268271 0.043549 0.726991 0.003098 -0.001038 -0.686640
27 1044 -7.992136 5.536068 0.151216 0.939339 0.001334 0.006394 -0.342928
48 1085 -9.643119 -2.369473 0.017917 0.750939 0.006774 0.015892 -0.660146
8 1100 8.556720 0.723904 0.098789 0.998716 -0.011167 0.006551 0.048982
8 1030 -9.132582 0.728867 0.032814 0.999878 -0.007128 0.002223 0.013715
628 720 8.879486 -0.176712 -0.115710 0.999460 -0.002088 -0.002427 0.032704
23 1046 -7.527396 3.738269 0.166502 0.969572 -0.001457 0.005414 -0.244741
32 1058 -5.515123 3.990176 0.070664 0.863644 0.004373 0.001222 -0.504081
647 754 6.645195 3.935120 -0.488573 0.872040 -0.006774 0.006662 0.489343
13 1041 -7.371012 1.560569 0.116775 0.998670 -0.004317 0.005307 -0.051106
3 1035 -7.371504 0.276774 0.005789 0.998678 -0.009660 -0.000843 0.050475
6 1088 8.683997 1.005947 0.104421 0.997306 -0.010498 0.012003 0.071598
632 687 6.428894 0.062012 0.001262 0.999263 -0.004962 -0.001807 0.038015
0 1033 -7.548182 0.079891 -0.001125 0.998023 -0.010499 -0.001146 0.061955
19 1093 6.174247 -1.905685 0.015092 0.993640 0.001856 0.013884 -0.111728
10 1045 -6.003449 1.019493 0.100397 0.999739 -0.010067 0.001279 -0.020481
10 1035 -8.273499 1.095589 0.046578 0.999928 -0.010664 0.002404 -0.004993
44 1095 -7.225628 -3.350686 0.061997 0.753729 -0.000375 0.009760 -0.657113
32 1048 -7.076823 6.793134 0.055653 0.874384 -0.002082 0.001335 -0.485229
673 759 6.580330 5.978882 -0.441822 0.819970 -0.000767 0.018198 0.572117
2 1031 -8.192268 0.117599 -0.014234 0.998522 -0.007577 -0.000836 0.053812
630 693 7.552010 -0.005295 0.009503 0.999427 -0.002708 -0.001489 0.033712
7 1095 8.703787 0.888026 0.108871 0.998231 -0.010562 0.005127 0.058288
46 1080 -8.658888 -1.025459 0.081148 0.769525 -0.001370 0.016192 -0.638409
648 752 5.960114 3.060440 -0.461359 0.897372 -0.005952 0.002810 0.441226
635 739 6.563332 0.482437 -0.314963 0.982633 -0.011011 -0.000353 0.185234
40 1060 -6.526319 5.446024 0.026339 0.739652 0.005342 -0.003202 -0.672961
654 756 6.242462 4.688782 -0.480052 0.851508 -0.004531 0.012467 0.524174
643 751 6.604187 2.777039 -0.432827 0.906161 -0.007854 -0.000177 0.422860
4 1081 7.277505 0.977383 0.126125 0.993134 -0.016482 0.007513 0.115572
44 1087 -7.267903 -3.080654 0.058691 0.759721 0.004086 0.015900 -0.650042
18 1093 6.465273 -1.643748 0.019405 0.995501 0.000030 0.013524 -0.093782
4 1086 8.612041 1.201837 0.127584 0.995549 -0.012223 0.011549 0.092737
17 1035 -9.280270 2.778430 0.099825 0.994040 -0.001340 0.005788 -0.108857
26 1050 -6.792360 4.099188 0.165953 0.944162 0.005436 0.005502 -0.329390
0 1088 9.243032 1.521826 0.147826 0.994981 -0.011960 0.009302 0.098908
42 1060 -7.089713 5.859470 0.061326 0.716869 0.003238 -0.001268 -0.697199
11 1090 8.078998 0.112438 0.075655 0.999743 -0.009057 0.012850 0.016334
4 1095 9.040815 1.271710 0.134048 0.996835 -0.010793 0.003375 0.078684
20 1047 -7.000364 2.748802 0.171044 0.983060 0.002804 0.005062 -0.183192
15 1085 6.610916 -0.790294 0.031806 0.999584 -0.004177 0.017255 -0.022720
16 1086 6.562455 -1.055691 0.032129 0.998864 -0.003368 0.017361 -0.044245
11 1030 -9.582090 1.315899 0.048794 0.999782 -0.006172 0.003535 -0.019624
674 760 6.770462 6.603210 -0.446200 0.805219 -0.000616 0.019730 0.592649
654 757 6.475929 5.210510 -0.489038 0.836788 -0.004116 0.015416 0.547294
9 1034 -8.351799 0.924455 0.043972 0.999916 -0.010815 0.002025 0.006802
661 756 5.896492 4.368561 -0.430817 0.862096 -0.001082 0.010023 0.506645
629 681 8.176254 -0.049820 0.089968 0.999557 -0.002660 -0.001780 0.029596
686 756 5.882904 4.320221 -0.358397 0.864094 -0.000941 0.011408 0.503199
41 1070 -6.768190 1.743725 -0.027565 0.741307 -0.001948 -0.006927 -0.671128
7 1091 8.733352 0.880862 0.101437 0.998207 -0.010258 0.010462 0.058036
628 717 8.822098 -0.131363 -0.054832 0.999572 -0.001420 -0.001932 0.029146
640 746 6.076256 1.454163 -0.373385 0.952143 -0.014222 0.002033 0.305314
22 1042 -8.282598 3.840914 0.180541 0.976840 -0.001583 0.008170 -0.213810
650 759 7.253418 6.528778 -0.498809 0.800469 -0.005319 0.018723 0.599058
669 758 6.358246 5.393784 -0.446341 0.834573 -0.000371 0.015982 0.550665
5 1099 8.935122 1.167721 0.112563 0.997256 -0.010583 0.005591 0.073050
634 737 6.692062 0.306015 -0.302221 0.987163 -0.009504 -0.002783 0.159408
630 682 7.571426 -0.012405 0.063946 0.999468 -0.003246 -0.001467 0.032412
10 1090 8.253172 0.329049 0.090884 0.999461 -0.010944 0.012048 0.028496
23 1052 -6.055123 2.857075 0.161753 0.965863 0.002049 0.006602 -0.258962
705 758 6.399002 5.372375 -0.316902 0.836106 -0.001321 0.016634 0.548315
45 1066 -8.526576 3.931959 0.059307 0.685132 0.005422 -0.004902 -0.728382
42 1091 -6.058337 -3.666375 0.032645 0.769176 0.003958 0.011098 -0.638928
13 1046 -6.223526 1.403298 0.126680 0.998097 -0.004051 0.003330 -0.061438
12 1100 7.882149 -0.095271 0.053228 0.999926 -0.007623 0.009082 0.002815
643 754 7.381485 4.000885 -0.445700 0.869612 -0.008356 0.003997 0.493649
7 1079 6.259632 0.536372 0.109445 0.995220 -0.013205 0.008123 0.096415
19 1092 6.190401 -1.913602 0.011966 0.993603 0.002344 0.014974 -0.111907
660 758 6.392319 5.474533 -0.442503 0.832306 -0.001267 0.014905 0.554115
41 1078 -6.163294 -1.076049 0.019679 0.800264 0.002356 0.006669 -0.599606
3 1029 -8.758151 0.136216 -0.014042 0.998934 -0.007525 -0.000333 0.045541
16 1089 6.938284 -1.114405 0.028110 0.998324 -0.001343 0.015526 -0.055737
34 1053 -6.342869 6.165877 0.047977 0.837049 0.002898 0.000434 -0.547120
39 1068 -6.087283 2.073300 -0.058911 0.753490 0.004120 -0.009965 -0.657371
14 1042 -7.301627 1.731863 0.128394 0.997656 -0.003752 0.005895 -0.068071
26 1045 -7.831328 4.963946 0.176943 0.948024 0.003647 0.006199 -0.318118
46 1086 -8.444493 -2.703361 0.073643 0.753163 0.003926 0.016526 -0.657614
676 758 6.363434 5.405746 -0.419646 0.834742 -0.000483 0.016122 0.550405
683 757 6.133202 4.840088 -0.379304 0.849666 -0.000350 0.014107 0.527132
638 745 6.501434 1.260483 -0.355711 0.958686 -0.013119 0.003878 0.284136
628 692 8.792366 -0.089539 0.054083 0.999604 -0.001706 -0.002020 0.028019
6 1031 -8.623771 0.446201 0.030247 0.999426 -0.006964 0.001831 0.033107
628 736 9.937813 0.013596 -0.209677 0.990977 -0.004879 -0.002797 0.133911
647 752 6.129349 3.082291 -0.475733 0.896870 -0.006134 0.003460 0.442238
631 734 7.843773 0.060150 -0.278463 0.992525 -0.007977 -0.003427 0.121733
630 692 7.553207 -0.005798 0.012107 0.999427 -0.002780 -0.001500 0.033685
47 1082 -9.130547 -1.608899 0.054436 0.762376 -0.000059 0.015724 -0.646943
632 721 6.535934 -0.040222 -0.207809 0.998953 -0.004952 -0.002060 0.045426
685 754 5.328476 3.382080 -0.352291 0.890083 -0.001169 0.005351 0.455765
631 706 6.972626 0.029144 -0.042824 0.999316 -0.003504 -0.000968 0.036810
649 754 6.321968 3.886520 -0.459938 0.873187 -0.005870 0.005336 0.487321
633 748 9.384499 1.766373 -0.316082 0.937880 -0.009834 0.003058 0.346807
7 1036 -7.606660 0.639357 0.046727 0.999657 -0.008808 0.001775 0.024621
686 759 6.586464 5.969223 -0.379660 0.820719 -0.001192 0.018464 0.571032
632 709 6.415672 0.070465 -0.060875 0.999222 -0.004497 -0.001588 0.039151
662 755 5.607498 3.871704 -0.425359 0.876175 -0.001861 0.006720 0.481943
678 754 5.328735 3.388824 -0.387180 0.889731 -0.000913 0.005235 0.456454
20 1038 -8.952621 3.500249 0.154196 0.985993 0.002669 0.007392 -0.166601
627 717 9.480011 -0.186630 -0.030696 0.999660 -0.000708 -0.002150 0.025989
28 1055 -5.764188 3.662395 0.123430 0.919233 0.003090 0.006039 -0.393656
632 739 8.051048 0.394745 -0.285899 0.983636 -0.009715 0.001200 0.179904
628 695 8.789467 -0.090530 0.049584 0.999601 -0.001501 -0.001981 0.028153
26 1055 -5.583158 3.070752 0.151813 0.940236 0.007941 0.007485 -0.340350
14 1035 -8.872737 1.939069 0.094578 0.998248 -0.004329 0.005691 -0.058744
12 1099 7.884990 -0.095641 0.054633 0.999926 -0.007588 0.009137 0.002802
10 1097 8.243338 0.347442 0.092207 0.999526 -0.011659 0.006618 0.027719
672 757 6.136856 4.836975 -0.430593 0.849243 -0.000115 0.013896 0.527819
631 707 6.972328 0.029114 -0.044290 0.999317 -0.003487 -0.000936 0.036791
7 1080 6.596746 0.605066 0.108158 0.995072 -0.015319 0.009399 0.097513
636 740 6.305313 0.588913 -0.326551 0.979853 -0.011178 0.000320 0.199406
684 755 5.599922 3.853165 -0.362251 0.877361 -0.001593 0.007997 0.479761
43 1098 -6.640123 -3.478587 0.041057 0.760716 0.000786 0.009010 -0.649022
664 754 5.322632 3.375702 -0.416596 0.889495 -0.000923 0.004015 0.456926
45 1092 -7.815038 -3.265325 0.069754 0.748184 0.003049 0.013685 -0.663344
39 1060 -6.282838 5.227997 0.001779 0.752422 0.005217 -0.004569 -0.658645
0 1029 -8.475610 -0.037095 -0.014252 0.998398 -0.008162 -0.000675 0.055993
15 1042 -7.452293 1.943220 0.131542 0.996449 -0.002828 0.006036 -0.083931
19 1049 -6.355592 2.313493 0.155609 0.985589 0.003036 0.004984 -0.169057
46 1073 -9.059553 1.405506 0.061298 0.728816 -0.000694 0.001408 -0.684708
3 1033 -7.828470 0.233746 -0.001323 0.998624 -0.009865 -0.000784 0.051507
27 1054 -5.918693 3.594961 0.139392 0.931006 0.005192 0.006150 -0.364915
10 1033 -8.732450 1.103450 0.041943 0.999930 -0.010863 0.002476 -0.003958
2 1081 7.461563 1.108688 0.141412 0.992136 -0.017117 0.006354 0.123823
19 1095 6.165243 -1.898113 0.019734 0.993676 0.001119 0.009988 -0.111831
7 1096 8.700159 0.889099 0.106015 0.998231 -0.010396 0.005373 0.058288
641 747 6.035797 1.672882 -0.389189 0.944696 -0.013926 0.001652 0.327647
629 717 8.189522 -0.085953 -0.076562 0.999481 -0.001892 -0.001715 0.032111
670 754 5.329094 3.377609 -0.424429 0.889541 -0.000633 0.005201 0.456825
13 1039 -7.818027 1.606232 0.105227 0.998816 -0.004279 0.005239 -0.048165
11 1082 6.622695 0.078296 0.082591 0.998643 -0.014299 0.011228 0.048793
638 753 8.491837 3.581009 -0.411720 0.881169 -0.009925 0.003498 0.472684
695 757 6.165939 4.818405 -0.333276 0.850328 -0.000858 0.014469 0.526053
43 1089 -6.668020 -3.432428 0.039847 0.762361 0.005274 0.012517 -0.647009
28 1052 -6.427745 4.378531 0.129614 0.921812 0.002314 0.005043 -0.387598
638 751 7.971428 2.794357 -0.398221 0.905013 -0.010658 0.000979 0.425250
668 754 5.329575 3.369797 -0.428065 0.889459 -0.000731 0.005256 0.456983
647 758 7.523705 6.024643 -0.534074 0.813701 -0.006610 0.018261 0.580959
631 741 8.977943 0.530441 -0.280006 0.978826 -0.007692 0.004039 0.204509
26 1043 -8.195551 5.250164 0.176597 0.949301 0.004052 0.007400 -0.314256
5 1039 -6.673477 0.483908 0.059123 0.999321 -0.008680 0.001021 0.035796
646 758 7.695595 6.043732 -0.528888 0.813052 -0.006347 0.017947 0.581879
628 702 8.790619 -0.088272 0.027369 0.999586 -0.001432 -0.001919 0.028690
660 756 5.918579 4.395416 -0.431249 0.861280 -0.001284 0.009893 0.508032
1 1093 9.314933 1.496035 0.150993 0.995807 -0.011690 0.006111 0.090528
628 728 9.189766 -0.204971 -0.188082 0.997858 -0.003100 -0.002014 0.065319
