idx1 idx2 t_1 t_2 t_3 q_1 q_2 q_3 q_4
586 3538 -2.771896 -0.602921 -0.360556 0.974010 0.001201 -0.005866 0.226425
92 4529 3.803116 -0.476707 0.364104 0.999992 0.002829 0.002717 0.000948
409 2455 -3.384842 0.398193 0.300758 0.998810 -0.013002 -0.000172 -0.046995
2407 3358 5.312416 -0.910416 0.028075 0.999918 -0.001077 0.004095 -0.012065
585 3523 -5.534821 -2.276611 -0.381823 0.933298 -0.013499 -0.005270 0.358811
2415 3365 3.159531 -0.830872 -0.024398 0.999732 0.005789 -0.003498 -0.022152
50 4500 3.777782 0.168689 0.302530 0.999963 -0.005137 -0.006167 0.003114
574 3524 -2.228024 -0.272110 -0.335815 0.996043 -0.005606 0.004078 0.088605
2445 3404 4.850983 -0.567215 -0.060020 0.993461 0.009681 -0.005190 -0.113640
0 4450 2.032223 0.776249 0.487291 0.994005 0.006585 -0.010786 -0.108601
582 3525 -4.348297 -1.220245 -0.427953 0.965007 -0.011028 -0.010950 0.261763
131 1574 -1.497192 1.374901 -0.757695 0.997355 -0.005063 -0.004091 -0.072397
114 1569 3.763199 0.993179 -0.724019 0.933330 0.003708 -0.000086 -0.359000
779 3712 -5.267429 -0.626617 -1.017543 0.999770 -0.003733 -0.008056 0.019513
438 3448 4.058960 -0.249664 -0.234095 0.999260 -0.007227 -0.004301 0.037531
439 3446 2.264442 -0.447403 -0.223441 0.999748 -0.004715 -0.003038 0.021715
550 3534 2.915988 -0.512222 -0.359522 0.994412 -0.000734 -0.001996 -0.105552
497 3496 3.612164 -0.484512 -0.219785 0.999938 -0.010144 0.000456 -0.004488
726 3657 -5.421539 -0.137333 -0.787122 0.999031 0.003198 0.003893 -0.043720
2351 3281 -4.278183 -2.646759 0.109978 0.916942 -0.006927 0.006648 0.398905
751 3679 -5.892868 -0.112732 -0.862934 0.922834 -0.005071 -0.000712 -0.385164
406 3422 5.410324 1.220078 0.144203 0.985248 -0.014492 -0.002502 0.170498
179 1617 -3.893122 0.336899 -0.887855 0.999926 0.001606 -0.002019 0.011870
2468 3428 -0.893433 3.118607 -0.881432 0.931178 -0.056088 0.021002 0.359611
535 3511 -3.784333 -0.428131 -0.376532 0.998843 -0.010263 0.007166 0.046441
791 3730 2.291718 -0.294373 -0.911247 0.999994 -0.001362 -0.002784 -0.001351
661 3613 2.578918 0.065107 -0.430393 0.999959 0.000388 0.002354 -0.008724
2434 3386 2.122955 -0.459030 -0.198454 0.997073 0.003357 -0.002542 -0.076339
113 4528 -5.199024 -2.397537 0.208856 0.880755 0.002325 0.002902 0.473558
562 3544 5.391178 -2.033844 -0.444654 0.949005 0.007676 0.014979 -0.314812
440 3431 -5.923153 0.579529 -0.010027 0.954637 -0.000958 0.016972 -0.297287
744 3682 -0.293747 -1.953339 -0.784761 0.998935 -0.003647 0.001145 -0.045974
598 3563 4.393509 -0.038172 -0.425403 0.998734 0.005508 -0.002126 -0.049963
739 3671 -2.717529 -0.931107 -0.958199 0.967315 0.011990 -0.012354 -0.252991
720 3668 4.744080 -0.457914 -0.632406 0.999904 -0.007866 -0.002976 0.010990
133 1572 -3.665305 1.551315 -0.764723 0.997037 -0.008341 0.001715 -0.076454
635 3592 3.192139 0.220939 -0.469777 0.999980 -0.000534 -0.005432 -0.003261
745 3689 2.562775 -1.207733 -0.796732 0.979899 0.000279 -0.004002 0.199455
747 3676 -4.841049 -0.524780 -0.863932 0.932549 -0.001559 -0.007658 -0.360958
591 3539 -4.424622 -1.328247 -0.367994 0.934475 -0.006248 -0.003777 0.355954
795 3736 5.219101 -0.371887 -0.850031 0.999981 -0.002370 -0.004228 -0.003912
209 1639 -2.976952 -2.256844 -0.867135 0.846725 -0.006969 0.005596 -0.531956
774 3708 -4.416852 -0.770569 -0.973206 0.999439 0.007348 -0.004644 0.032349
918 3834 5.665787 -0.183441 -0.735607 0.999891 0.000213 -0.005738 0.013579
2434 3376 -2.539932 -0.574081 -0.210106 0.985323 0.008519 -0.002163 0.170476
113 1567 3.442764 1.493645 -0.728506 0.907472 0.005612 -0.001057 -0.420075
209 1635 -4.542274 0.887007 -0.896074 0.868497 -0.013381 0.008469 -0.495442
521 3521 4.611331 -0.461807 -0.190604 0.999655 0.002542 -0.004546 -0.025752
582 3548 2.453934 -0.734360 -0.371154 0.985595 0.000937 -0.006104 -0.169011
942 3841 -2.962402 0.151398 -0.814088 0.996881 -0.012479 -0.001117 -0.077920
431 3442 3.927431 0.285889 -0.232786 0.990042 -0.005696 -0.005000 0.140571
379 2431 1.859726 -5.342499 0.479743 0.854839 -0.006650 -0.009865 0.518756
147 1586 -4.271244 0.828613 -0.742827 0.999127 -0.005902 -0.001267 -0.041339
564 3516 -2.464849 -0.204666 -0.341797 0.999106 -0.008265 0.017564 0.037541
209 1643 -1.652039 -5.486108 -0.851216 0.828658 -0.001483 0.002872 -0.559746
621 3575 -2.590088 0.316404 -0.379713 0.999968 -0.004992 0.004343 -0.004514
400 2446 -4.847321 -0.326164 0.250718 0.993045 -0.017643 -0.004245 0.116329
950 3849 0.437088 -2.890869 -0.639851 0.953478 0.004765 -0.002358 -0.301414
578 3517 -5.318298 -1.334869 -0.421059 0.979587 -0.018133 0.004385 0.200153
507 3504 3.328735 -0.585815 -0.245445 0.999981 0.000569 0.000643 -0.006090
425 3436 3.401428 0.479309 -0.186514 0.982412 0.007645 -0.008403 0.186382
1563 4538 -3.963131 0.996063 1.005488 0.517103 -0.008378 0.009504 0.855830
65 4505 -4.964508 0.006108 0.188976 0.999990 -0.002282 -0.003048 -0.002322
2341 3277 1.747803 -3.926880 0.069181 0.863574 -0.002303 -0.003323 0.504205
600 3566 5.641098 0.004501 -0.417600 0.999476 0.002560 -0.001832 -0.032220
808 3747 5.428226 -0.527985 -0.882466 0.999960 0.002967 -0.001234 -0.008384
22 4475 4.005848 -0.146215 0.357839 0.999946 0.005985 -0.000572 0.008527
132 1582 2.807759 0.694572 -0.726012 0.998460 0.001817 -0.000278 -0.055441
543 3510 -4.886349 -0.484756 -0.396994 0.998644 -0.009682 0.008209 0.050491
762 3695 -4.818311 -1.308044 -0.894324 0.999813 0.006992 0.004612 0.017421
776 3710 -4.406110 -0.686798 -0.969332 0.999671 0.001582 -0.003437 0.025364
386 3397 5.048584 -0.230011 0.419010 0.992339 0.002403 -0.003958 0.123461
2424 3364 -2.578232 -0.760223 -0.158934 0.996451 0.005006 -0.000291 0.084029
524 3527 4.824077 -0.520523 -0.184120 0.998359 0.004119 -0.012367 -0.055758
18 4462 -4.519633 -0.082145 0.305702 0.999986 0.005305 0.000642 0.000152
2362 3310 4.248871 -0.104904 0.101500 0.999919 0.004670 -0.011171 -0.003879
598 3548 -4.863434 -0.545370 -0.393972 0.966874 -0.010278 -0.003041 0.255031
405 3404 -3.533005 0.434235 0.175891 0.999796 -0.012466 -0.008765 0.013274
439 3447 2.883507 -0.402649 -0.230402 0.999676 -0.005045 -0.003550 0.024698
84 4519 -3.425354 -0.332358 0.193929 0.999869 0.004623 0.002602 -0.015263
143 1595 5.820608 0.372833 -0.722645 0.999989 0.002537 0.001457 0.003669
774 3716 2.906091 -0.565094 -0.905991 0.999981 0.003814 0.004751 0.000351
403 3414 2.982269 0.488640 0.304394 0.999289 0.003802 -0.006546 0.036937
408 3422 4.430313 1.021095 0.140874 0.988462 -0.017131 -0.001089 0.150490
205 1633 -4.068611 1.263351 -0.897825 0.935067 -0.016864 0.003179 -0.354056
571 3521 -2.195210 -0.241821 -0.342165 0.997889 -0.004935 0.006466 0.064428
2366 3305 -3.903168 0.052734 0.065239 0.999870 -0.011339 0.008336 0.007850
537 3533 2.985564 -0.491898 -0.301094 0.995653 -0.000075 -0.003533 -0.093069
431 3422 -5.270990 1.644806 0.181494 0.912196 0.021094 -0.016733 -0.408869
510 3497 -4.682909 -0.595657 -0.463797 0.999987 0.004792 0.000234 -0.001622
938 3844 2.395386 -0.223389 -0.726662 0.999539 -0.009391 -0.003431 -0.028661
720 3654 -5.111969 -0.336536 -0.797362 0.999958 0.001799 0.001046 -0.008932
416 3416 -2.260986 0.474014 0.327329 0.992063 0.011507 0.004106 -0.125150
2414 3351 -5.218925 -0.783981 -0.181923 0.999987 0.003519 -0.003516 0.000843
587 3530 -4.831375 -1.829437 -0.357416 0.929925 -0.006338 -0.009592 0.367569
953 3846 -3.908813 -0.454132 -0.755352 0.920291 -0.002451 -0.005294 -0.391190
767 3713 5.533464 -0.699310 -0.876287 0.999970 -0.004430 0.001169 -0.006192
603 3558 -2.557693 0.333052 -0.434216 0.999818 -0.005921 -0.001377 0.018080
2472 3430 -3.765701 3.853699 -1.001482 0.908016 -0.054826 0.014742 0.415071
154 1593 -4.490801 0.505424 -0.715637 0.999658 0.011253 0.005322 -0.022987
420 2465 -1.333191 -1.497818 0.424673 0.954174 0.038373 -0.011930 -0.296541
846 3767 -3.343807 -0.218842 -1.100387 0.999847 0.004391 0.003841 -0.016499
462 3467 2.729416 -0.855774 -0.195358 0.999960 0.000951 -0.005954 0.006662
390 2450 4.504089 -0.069748 0.439983 0.998783 -0.004865 -0.014663 0.046848
387 2437 -1.275528 -2.713982 0.464098 0.936821 -0.015071 0.002261 0.349477
533 3536 4.211266 -0.750549 -0.285887 0.989992 0.004109 -0.011620 -0.140585
169 1615 2.092594 0.270325 -0.796360 0.999447 0.003151 -0.000596 -0.033091
850 3770 -3.237209 -0.216919 -1.097605 0.999976 0.004479 0.001107 -0.005166
820 3757 5.010689 -0.289368 -0.870612 0.999961 0.006174 -0.003483 0.005278
592 3559 4.670532 -0.731483 -0.396503 0.988721 0.002048 -0.002103 -0.149741
939 3839 -3.510017 0.111450 -0.850912 0.999550 -0.007141 -0.004003 -0.028863
2414 3363 2.865845 -0.833679 -0.034787 0.999843 0.003674 -0.001563 -0.017278
396 2441 -5.307297 -1.344910 0.442772 0.970476 -0.015387 0.005111 0.240653
137 1576 -3.745843 1.236130 -0.748164 0.999017 -0.008133 0.001444 -0.043554
395 3391 -4.014389 -1.061867 0.235820 0.971189 -0.011038 0.006136 0.237976
560 3513 -3.415938 -0.274734 -0.345168 0.998887 -0.010066 0.016411 0.043054
712 3650 -3.879120 -0.301465 -0.748676 0.999969 -0.001584 -0.003494 -0.006877
130 1582 3.833726 0.572037 -0.717334 0.997764 0.005196 -0.000134 -0.066631
2442 3383 -3.965057 -0.646301 -0.189324 0.973629 -0.001335 0.012937 0.227766
2428 3386 5.115403 -1.894211 -0.137896 0.969224 -0.004015 -0.000514 -0.246147
612 3563 -5.721451 0.358410 -0.433687 0.999963 -0.000224 -0.002242 -0.008261
952 3847 -2.545197 -1.352875 -0.721674 0.932386 -0.000082 -0.007701 -0.361382
709 3658 5.397583 -0.495455 -0.545255 0.999835 0.000700 -0.002515 -0.017952
1560 4532 1.696457 -4.869362 1.156623 0.437325 -0.010618 0.001103 0.899240
835 3769 4.870438 -0.137665 -0.963336 0.999538 -0.000951 -0.008491 0.029169
157 1605 3.385052 0.516708 -0.712542 0.999899 -0.009722 0.000266 -0.010407
801 3739 3.076157 -0.475189 -0.912037 0.999954 0.003388 0.000801 -0.008976
572 3519 -3.040993 -0.365311 -0.352186 0.996224 -0.007385 0.011026 0.085804
832 3765 3.230835 -0.210449 -0.965068 0.999890 0.002970 -0.001427 0.014442
868 3792 5.474449 -0.514984 -0.892697 0.999799 0.006503 -0.009409 -0.016455
759 3707 5.724179 -0.809723 -0.797721 0.999758 0.002172 -0.007346 0.020643
114 4536 -0.790264 5.254387 0.341162 0.868594 0.001243 0.004055 0.495506
588 3555 3.836975 -0.915604 -0.404257 0.981210 0.003279 -0.000370 -0.192914
117 1559 -1.337090 5.267860 -0.726994 0.851030 0.015011 0.003882 -0.524887
475 3470 -5.571426 -0.775330 -0.101079 0.999976 0.005132 0.002808 -0.003763
831 3767 5.558342 -0.108368 -0.920901 0.999505 0.003032 -0.006432 0.030661
635 3585 -5.377106 0.340474 -0.516900 0.999978 -0.002769 -0.000979 -0.005860
582 3521 -5.204849 -1.719131 -0.450955 0.958913 -0.014202 -0.007872 0.283236
610 3570 2.020294 0.243992 -0.425304 0.999981 0.001597 -0.003204 -0.005102
425 3439 4.717171 1.253052 -0.171926 0.966015 0.003495 -0.010103 0.258266
123 1572 1.262875 1.440811 -0.728961 0.988050 0.002707 -0.000563 -0.154111
489 3482 -4.501106 -0.624985 -0.313459 0.999988 -0.000569 -0.004653 0.001290
413 3426 3.850525 1.100677 -0.071268 0.981771 -0.038432 0.001950 0.186130
450 3457 3.371857 -0.580627 -0.256938 0.999988 0.000769 0.000196 -0.004839
604 3566 2.935883 0.227443 -0.433381 0.999911 0.001337 -0.000683 -0.013266
580 3551 4.260849 -1.965866 -0.387593 0.948644 0.008510 -0.000611 -0.316229
938 3838 -4.031677 0.084167 -0.866998 0.999842 -0.003117 -0.001732 -0.017416
186 1622 -4.363686 0.487770 -0.916195 0.999811 -0.002247 -0.004943 0.018648
722 3672 5.788483 -0.289581 -0.661279 0.997442 -0.004751 0.002784 0.071275
874 3788 -4.666290 -0.423645 -0.983007 0.999850 -0.005645 0.005535 0.015395
174 1621 3.315411 0.187714 -0.792018 0.999919 0.005038 -0.003813 -0.011030
207 1638 -2.205170 -1.775183 -0.849401 0.885541 -0.009341 0.007608 -0.464404
741 3684 2.465057 -1.485107 -0.784881 0.991568 0.002083 0.007706 0.129345
949 3846 -1.642361 -1.013458 -0.717736 0.963722 -0.005997 -0.004498 -0.266801
109 1564 4.501175 1.690174 -0.728274 0.807308 0.012527 0.003667 -0.589986
550 3515 -2.224769 -0.243744 -0.382994 0.999268 -0.008448 0.011725 0.035412
21 4476 5.940758 -0.107892 0.371173 0.999915 0.006788 0.001626 0.011014
2341 3272 0.797256 -5.746094 0.029429 0.801619 -0.010655 -0.010222 0.597653
2437 3374 -4.921608 -1.435120 -0.193769 0.954499 0.010852 0.004194 0.297987
857 3782 3.313393 -0.321259 -0.973982 0.999824 -0.005140 -0.011169 -0.014145
718 3656 -2.289032 -0.379958 -0.709362 0.999942 0.001072 0.003464 -0.010171
732 3674 2.214508 -1.164009 -0.787601 0.999985 0.001206 0.004245 0.003204
2400 3342 -1.942993 -0.629211 0.007215 0.999996 -0.002082 -0.001506 -0.001518
383 2432 -0.529297 -4.834930 0.459386 0.872612 -0.004461 0.002851 0.488385
821 3750 -2.688881 -0.332672 -1.020731 0.999855 -0.001883 -0.001916 0.016840
410 3410 -2.787018 0.564026 0.245440 0.998511 -0.005813 -0.001594 -0.054209
2434 3393 5.512688 -1.941757 -0.031523 0.969834 0.012526 -0.011778 -0.243158
468 3474 4.842743 -0.848816 -0.146561 0.999968 -0.004464 -0.006553 0.001418
890 3809 4.066704 -0.461761 -0.802945 0.999948 -0.003588 -0.004835 0.008175
608 3559 -5.520065 0.328429 -0.457997 0.999896 -0.004283 -0.002094 0.013638
745 3675 -4.181778 -0.752167 -0.899923 0.944354 -0.001246 -0.014451 -0.328612
2432 3369 -4.487534 -1.324188 -0.159508 0.972130 0.016190 0.006582 0.233791
2457 3422 5.744553 1.282700 -0.208820 0.981877 -0.007449 0.000644 0.189370
2432 3385 2.698647 -0.707214 -0.194524 0.993804 0.005496 0.002604 -0.110979
418 2466 0.428589 -1.900375 0.462201 0.969970 0.034888 -0.011580 -0.240430
588 3556 4.411942 -1.188400 -0.409167 0.976235 0.003135 0.000652 -0.216692
578 3546 2.851112 -1.031464 -0.373591 0.978389 0.000933 0.001159 -0.206768
767 3710 2.815407 -0.704742 -0.888865 0.999962 -0.002297 0.000769 0.008364
148 1585 -5.759018 0.941261 -0.761933 0.999006 -0.007268 -0.002185 -0.043931
2463 3414 -2.934891 0.402679 -0.111158 0.999123 -0.000192 0.007984 0.041101
2401 3349 3.625404 -0.732956 0.060751 0.999985 -0.005461 0.000716 0.000105
489 3484 -2.350704 -0.617188 -0.303296 0.999983 0.002498 -0.004087 0.003346
733 3661 -5.439178 0.428879 -0.934361 0.986148 0.008041 -0.000614 -0.165671
816 3753 4.642174 -0.367065 -0.908217 0.999987 0.001678 0.004744 0.001019
575 3517 -4.522438 -0.788971 -0.357388 0.990024 -0.012935 0.011111 0.139866
119 1564 -0.676252 3.246819 -0.807342 0.933630 0.001508 -0.001259 -0.358234
842 3765 -2.671513 -0.224609 -1.073906 0.999764 0.003943 0.007451 -0.020017
459 3467 5.328236 -0.819778 -0.200118 0.999965 0.001724 -0.004394 0.006860
67 4513 2.668076 -0.097990 0.308155 0.999980 -0.003053 -0.002538 -0.004865
631 3584 -2.378265 0.278289 -0.460808 0.999981 -0.001853 0.004811 -0.003438
2455 3414 3.258789 0.300133 -0.018689 0.999321 0.011156 -0.002184 0.035064
829 3754 -4.746361 -0.199158 -1.071619 0.999915 -0.009598 0.001954 0.008649
560 3514 -2.917006 -0.237915 -0.351077 0.999043 -0.009337 0.016302 0.039501
393 2439 -4.444397 -1.926735 0.371245 0.955515 -0.024533 -0.006360 0.293850
588 3533 -4.643387 -1.656464 -0.353543 0.930284 -0.007672 -0.007149 0.366689
831 3766 4.705101 -0.155212 -0.936622 0.999702 0.003584 -0.003308 0.023910
199 1630 -3.970261 1.243156 -0.941052 0.988144 -0.007128 -0.002316 -0.153346
2377 3319 -2.180466 -0.419556 -0.015938 0.999880 0.000373 -0.008631 -0.012824
652 3599 -5.895050 0.331574 -0.596226 0.999957 0.001096 -0.001111 -0.009190
817 3752 2.781265 -0.337463 -0.932087 0.999974 0.000868 0.004642 0.005363
695 3635 -5.493469 -0.154898 -0.767496 0.999965 -0.004017 -0.004108 -0.006107
586 3556 5.065155 -1.909225 -0.424064 0.959868 0.002957 0.001298 -0.280433
786 3720 -3.861223 -0.382111 -0.974822 0.999967 -0.001315 -0.002484 0.007672
688 3632 -2.033722 -0.143500 -0.638083 0.999981 -0.002537 0.003443 -0.004469
2351 3286 -2.323471 -1.343719 0.079995 0.964324 -0.006722 -0.002762 0.264624
419 2471 3.636520 -4.214508 0.460975 0.964032 0.038934 0.002629 -0.262908
125 1566 -2.677790 2.565414 -0.753074 0.973370 0.000701 0.007150 -0.229128
24 4478 5.277578 -0.117548 0.352299 0.999893 0.005562 0.005244 0.012484
52 4495 -3.865417 0.121998 0.161206 0.999969 -0.003269 -0.001927 0.006914
421 3416 -4.255829 1.173233 0.320134 0.964457 0.037597 0.000225 -0.261550
86 4520 -3.455017 -0.351378 0.225043 0.999886 -0.001068 0.002588 -0.014813
2434 3371 -4.620979 -1.398361 -0.211448 0.963879 0.015521 0.003262 0.265866
802 3735 -2.177555 -0.338898 -0.981041 0.999920 0.002762 -0.001325 -0.012289
775 3708 -5.268627 -0.780426 -0.973838 0.999388 0.006096 -0.004751 0.034117
814 3742 -5.155441 -0.481628 -1.044001 0.999884 0.003260 0.000799 0.014881
390 3384 -3.663467 -3.070312 0.239037 0.912504 -0.019686 0.012924 0.408390
2344 3281 0.877167 -2.669571 0.081819 0.916599 0.000350 -0.000731 0.399807
592 3547 -2.058578 -0.100594 -0.372019 0.985483 -0.007742 -0.002092 0.169586
643 3593 -4.040649 0.335309 -0.572579 0.999939 0.002447 -0.007120 -0.008108
2440 3378 -4.935211 -1.244003 -0.128836 0.955950 0.004701 0.009092 0.293349
122 1567 -0.776827 2.396172 -0.751640 0.970555 0.005817 0.003112 -0.240788
692 3640 3.409302 -0.237192 -0.596886 0.999984 0.003764 0.003096 -0.002916
768 3711 2.971248 -0.682251 -0.896145 0.999977 -0.002742 0.003094 0.005438
724 3671 4.362854 -0.487775 -0.712722 0.999231 -0.004025 0.002983 0.038896
1551 4538 2.133446 0.752445 1.112163 0.197883 -0.013068 0.028874 0.979713
414 3424 2.556580 0.564468 0.031112 0.994181 -0.026428 0.001764 0.104420
534 3527 2.009227 -0.292908 -0.294761 0.999437 -0.002126 -0.006336 -0.032870
94 4530 3.975494 -0.339363 0.353918 0.999837 0.006303 0.001982 0.016820
388 2448 4.496979 -0.238060 0.449573 0.996932 -0.003229 -0.008376 0.077757
5 4444 -5.411331 1.598583 0.322872 0.972900 -0.005509 -0.010974 -0.230899
2341 3286 4.824097 -1.271423 0.096040 0.961767 0.000799 -0.008394 0.273739
658 3612 4.372284 0.072009 -0.420097 0.999949 -0.003346 0.000099 -0.009510
706 3646 -3.251068 -0.270229 -0.683833 0.999978 0.000345 0.000670 -0.006644
589 3536 -4.386963 -1.457359 -0.363883 0.934885 -0.003697 -0.012393 0.354714
575 3518 -4.163872 -0.692642 -0.351545 0.990649 -0.012758 0.010738 0.135412
2400 3349 4.552650 -0.721237 0.066013 0.999983 -0.005412 0.001145 0.001738
731 3660 -5.329224 0.214447 -0.893991 0.992599 0.004730 0.000010 -0.121343
643 3601 5.938049 0.141783 -0.439982 0.999910 -0.000606 -0.007311 -0.011194
2434 3388 3.115730 -0.741165 -0.162824 0.991619 -0.000073 -0.009067 -0.128880
2464 3411 -5.382126 0.316803 -0.082520 0.999759 -0.006620 0.012342 0.016914
730 3674 3.146637 -0.888065 -0.755860 0.998990 -0.000435 0.005151 0.044639
2433 3372 -3.731468 -0.971298 -0.176224 0.975469 0.015693 0.003352 0.219551
785 3721 -1.901358 -0.374451 -0.957716 0.999966 -0.001392 -0.002842 0.007644
515 3503 -2.287640 -0.571548 -0.376650 0.999977 -0.000598 0.001516 0.006526
750 3695 2.821564 -0.861023 -0.838459 0.986625 -0.018223 0.008467 0.161760
400 2447 -4.200424 -0.196465 0.254394 0.995360 -0.018018 -0.006021 0.094331
385 3379 -1.772491 -5.037247 0.304963 0.853288 -0.007962 0.000526 0.521379
620 3572 -4.747803 0.321531 -0.418261 0.999944 -0.002499 -0.008772 -0.005427
383 2442 4.090561 -1.320786 0.483234 0.975627 0.005187 -0.003980 0.219340
479 3481 2.816116 -0.757706 -0.186487 0.999987 0.004873 0.000564 -0.001605
388 2435 -2.812576 -3.427071 0.477186 0.915010 -0.017659 0.011403 0.402883
2438 3378 -3.850151 -0.826736 -0.210810 0.970695 0.008370 0.001358 0.240165
2469 3433 -0.402771 5.054832 -1.218977 0.861211 -0.053259 0.025304 0.504815
74 4512 -4.545021 -0.107262 0.161548 0.999931 0.001738 -0.006209 -0.009775
532 3528 2.600304 -0.341171 -0.265961 0.998919 -0.000307 -0.011387 -0.045060
191 1635 4.398052 0.293091 -0.746080 0.998108 -0.015771 -0.001377 -0.059419
575 3520 -3.527046 -0.535553 -0.342237 0.991899 -0.011182 0.008201 0.126272
23 4468 -3.696075 -0.166288 0.260462 0.999988 0.002723 -0.003208 -0.002652
536 3509 -5.129307 -0.554962 -0.401281 0.998649 -0.009918 0.004367 0.050827
132 1583 3.470628 0.596413 -0.715966 0.998453 0.002600 -0.000318 -0.055542
758 3704 3.955891 -0.910004 -0.808535 0.999359 0.007693 -0.012715 0.032583
2445 3399 2.270142 -0.027237 -0.092829 0.998617 0.002657 -0.000641 -0.052508
715 3653 -3.086945 -0.338106 -0.709400 0.999961 0.001483 0.002638 -0.008258
672 3622 2.553131 0.021667 -0.470802 0.999989 0.000868 0.001161 -0.004453
739 3666 -4.993744 0.506088 -1.049273 0.951531 0.011325 -0.013134 -0.307064
401 3401 -2.887390 0.229782 0.157372 0.998205 -0.006948 -0.012074 0.058254
668 3612 -5.961945 0.188036 -0.477464 0.999965 -0.000684 -0.001502 -0.008264
733 3676 2.695679 -1.165581 -0.774784 0.998848 0.001910 0.008442 0.047192
2374 3313 -4.979843 -0.121811 0.046010 0.999901 -0.005336 0.007427 -0.010663
592 3558 4.008713 -0.519081 -0.396049 0.990574 -0.000570 -0.001854 -0.136966
522 3528 5.853305 -0.622238 -0.171874 0.997431 0.005026 -0.012376 -0.070373
414 3430 5.054825 1.895721 -0.258665 0.956334 -0.043772 0.020551 0.288249
407 3404 -4.553848 0.567101 0.206060 0.999889 -0.013529 -0.005488 -0.003034
512 3501 -2.265368 -0.568970 -0.390135 0.999995 -0.000851 0.003063 0.000892
648 3597 -4.262817 0.346543 -0.514534 0.999944 -0.002671 0.005012 -0.008953
559 3509 -5.682485 -0.503616 -0.344478 0.998529 -0.009775 0.011493 0.052076
3 4442 -4.551194 2.060544 0.319964 0.964008 -0.005239 -0.015620 -0.265362
884 3798 -2.860649 -0.403381 -0.988117 0.999984 0.000201 -0.004128 -0.003956
2382 3329 2.826202 -0.725327 0.037883 0.999993 0.002059 0.003150 -0.000184
390 2437 -3.327057 -2.634148 0.458827 0.937224 -0.022123 0.007487 0.347944
891 3808 1.934555 -0.477600 -0.847244 0.999981 -0.000566 -0.002504 0.005682
2377 3324 2.842407 -0.627182 0.065107 0.999961 0.000048 -0.007433 -0.004837
413 3408 -5.212708 1.158508 0.257607 0.993731 -0.012092 0.002346 -0.111119
100 4534 5.713837 1.213768 0.428116 0.994084 0.001707 -0.005359 0.108464
473 3477 3.713074 -0.800797 -0.127272 0.999972 -0.005220 -0.003879 -0.003682
575 3544 2.914932 -1.010437 -0.398079 0.978296 0.003650 0.011322 -0.206872
718 3654 -4.009399 -0.352971 -0.732512 0.999960 0.001743 0.003812 -0.007913
2387 3336 4.751175 -0.699570 0.085876 0.999986 0.004663 0.002193 0.000733
585 3555 4.786926 -1.875015 -0.404936 0.957596 0.002476 -0.002040 -0.288096
75 4513 -4.157433 -0.129119 0.170752 0.999918 0.001945 -0.007069 -0.010473
12 4467 5.090232 0.040399 0.359582 0.999960 0.000799 -0.005751 0.006769
385 2431 -2.237717 -5.231659 0.496885 0.858551 -0.013013 0.001892 0.512560
98 4531 3.277176 0.212593 0.352827 0.997498 0.001162 -0.004139 0.070559
757 3705 5.370940 -0.803894 -0.737631 0.999271 0.003184 -0.013932 0.035402
2344 3290 4.813324 -0.657547 0.105924 0.986354 0.001348 -0.007411 0.164464
801 3741 5.238155 -0.519501 -0.889163 0.999961 0.000795 0.000594 -0.008822
2427 3379 2.545741 -0.670670 -0.140564 0.995557 -0.007520 -0.006631 -0.093627
544 3542 5.173382 -1.617325 -0.366707 0.964470 0.006377 0.006324 -0.264040
474 3479 5.003838 -0.808960 -0.138577 0.999985 -0.001933 -0.002264 -0.004584
2359 3304 2.014023 -0.011932 0.031428 0.999981 -0.000773 0.001027 0.005988
41 4491 2.841202 0.184407 0.334026 0.999895 -0.001362 0.001429 0.014380
940 3846 3.444427 -0.582733 -0.696505 0.998406 -0.005740 -0.004258 -0.055981
384 2434 -0.495071 -3.925323 0.488746 0.901314 -0.010816 0.006396 0.432985
421 3435 4.443405 1.293640 -0.311045 0.963678 0.003354 0.008834 0.266900
385 2433 -1.542526 -4.330704 0.493361 0.887850 -0.014413 0.003848 0.459891
888 3799 -5.645897 -0.329407 -0.947449 0.999901 -0.007962 0.003706 -0.011032
944 3848 3.301723 -1.620636 -0.658390 0.990861 -0.000503 -0.002906 -0.134851
387 3393 2.411560 -0.781754 0.332938 0.980065 -0.002693 -0.003185 0.198635
714 3650 -5.247467 -0.300687 -0.773748 0.999981 -0.001722 -0.002015 -0.005575
859 3776 -4.055695 -0.269196 -1.055592 0.999950 0.007314 -0.005030 0.004648
540 3540 4.645751 -1.234039 -0.345963 0.976379 0.006867 0.002327 -0.215945
524 3524 4.132785 -0.439972 -0.194814 0.999381 0.003380 -0.007857 -0.034129
779 3723 5.703665 -0.417480 -0.847540 0.999973 -0.002116 -0.006174 0.003404
861 3777 -4.655884 -0.296326 -1.028031 0.999939 0.007136 -0.003159 0.007806
99 4524 -5.163147 -1.146476 0.103966 0.995753 0.006063 -0.012059 0.091068
410 3421 3.018402 0.656868 0.239860 0.995013 -0.011509 -0.001881 0.099059
383 3378 -0.582458 -5.500061 0.274792 0.839836 0.001594 0.002599 0.542832
16 4461 -3.609104 -0.059018 0.310435 0.999994 0.003245 -0.000653 0.001099
1567 4537 -5.470692 0.796562 1.045783 0.602837 -0.004036 0.009316 0.797800
427 3436 2.609840 0.101288 -0.190989 0.991368 0.006727 -0.009221 0.130607
112 1563 2.707993 2.986252 -0.720152 0.843619 0.013253 0.003030 -0.536770
124 1568 -1.221556 2.175934 -0.769195 0.980510 0.000597 0.005122 -0.196401
863 3778 -5.286842 -0.309448 -1.157082 0.999908 0.004499 -0.007779 0.010206
2445 3388 -3.445114 -0.301178 -0.207253 0.984963 -0.009826 0.002428 0.172468
120 1572 2.569252 1.220291 -0.708328 0.980375 -0.005178 -0.006574 -0.196962
847 3767 -3.956558 -0.202606 -1.105652 0.999810 0.005075 0.004139 -0.018358
552 3537 3.658611 -0.775757 -0.377220 0.988064 0.005672 -0.004265 -0.153879
755 3693 -1.475068 -1.466705 -0.922501 0.999782 0.008096 -0.003707 0.018883
600 3555 -2.492920 0.271478 -0.428382 0.997890 -0.008301 -0.003182 0.064322
442 3451 3.896637 -0.458557 -0.259439 0.999992 -0.001233 -0.000616 0.003755
2377 3316 -5.162125 -0.259506 -0.098028 0.999839 -0.001719 -0.011612 -0.013581
2385 3324 -5.154106 -0.630341 -0.074421 0.999968 0.000692 -0.005781 -0.005489
679 3622 -5.014252 0.035390 -0.598475 0.999982 -0.000607 -0.004832 -0.003630
808 3737 -5.326496 -0.407715 -1.058947 0.999976 0.006537 -0.001595 -0.001895
863 3785 1.865578 -0.356628 -0.966376 0.999894 0.001526 -0.010657 -0.009770
928 3841 5.225113 0.037476 -0.633464 0.999780 -0.016375 -0.009665 0.008907
452 3448 -4.741703 -0.675079 -0.118701 0.999985 -0.004142 0.002772 -0.002463
592 3555 2.119110 -0.043839 -0.395159 0.997133 -0.003846 -0.003050 -0.075509
423 2462 -4.584358 0.476044 0.294996 0.924773 0.042961 -0.012479 -0.377880
398 3408 2.761902 0.360229 0.279429 0.999926 -0.003609 0.005233 0.010339
100 4533 4.596001 0.966608 0.400399 0.994038 0.001666 -0.007956 0.108734
441 3439 -2.732159 -0.494873 -0.178292 0.997244 0.005980 0.007099 -0.073604
473 3479 5.876270 -0.808395 -0.126900 0.999976 -0.004071 -0.003682 -0.004315
512 3498 -4.951555 -0.599106 -0.448858 0.999999 0.000733 0.000815 0.001078
593 3560 4.883865 -0.664757 -0.414830 0.991003 0.003934 0.000043 -0.133782
498 3488 -5.323200 -0.474487 -0.439322 0.999930 0.006655 -0.001188 -0.009756
418 3418 -2.071609 0.354401 0.330539 0.989294 0.023504 0.006802 -0.143871
2340 3282 3.877777 -2.263901 0.113161 0.922270 -0.003352 0.002002 0.386526
553 3543 5.477493 -1.841949 -0.398134 0.956962 0.007751 0.010273 -0.289927
516 3503 -2.814160 -0.579285 -0.386780 0.999960 -0.000798 0.001665 0.008762
414 3425 2.978073 0.742996 -0.016011 0.990468 -0.032219 0.002489 0.133897
416 3429 3.882355 1.125534 -0.189704 0.976781 -0.030765 0.018980 0.211170
525 3527 4.449257 -0.485153 -0.193839 0.998526 0.003223 -0.012151 -0.052796
497 3498 5.502611 -0.471054 -0.170711 0.999896 -0.013750 0.000509 -0.004401
116 1574 5.173145 -0.069870 -0.692420 0.965163 0.005354 -0.008240 -0.261465
2416 3369 4.361778 -0.933929 0.007630 0.998552 0.001503 -0.003106 -0.053688
2434 3390 4.096901 -1.173172 -0.112489 0.983777 0.008893 -0.013438 -0.178672
873 3789 -2.577553 -0.375427 -0.937119 0.999895 -0.005834 0.009710 0.009047
556 3531 2.195271 -0.338303 -0.352712 0.997571 -0.000593 -0.000184 -0.069661
415 2468 3.667725 -2.126266 0.587797 0.986558 0.021102 -0.008386 -0.161825
793 3725 -4.963608 -0.239563 -1.003099 0.999998 -0.000964 -0.000987 -0.001353
471 3474 2.219326 -0.814865 -0.149467 0.999988 -0.003132 -0.003350 -0.001547
2423 3359 -4.686714 -1.161652 -0.196938 0.996602 0.002585 0.003064 0.082267
543 3531 2.259774 -0.379547 -0.347625 0.997586 -0.000463 -0.002796 -0.069380
203 1632 -4.007004 1.323765 -0.938342 0.959388 -0.014121 -0.001808 -0.281732
830 3762 1.862289 -0.216766 -0.970694 0.999976 0.000974 -0.003499 0.005916
894 3811 2.492149 -0.458527 -0.846889 0.999968 0.003063 0.004182 0.006096
794 3726 -4.792433 -0.216553 -1.007208 0.999990 -0.001566 -0.001280 -0.003970
118 1566 0.646946 2.564209 -0.772995 0.945244 0.003091 -0.002669 -0.326339
674 3619 -3.416931 0.091349 -0.484013 0.999977 0.000405 0.004732 -0.004777
2442 3400 4.653046 -0.771805 -0.103715 0.989754 0.007549 -0.003152 -0.142549
388 3394 2.220413 -0.585007 0.311981 0.984022 -0.005479 0.000630 0.177962
2458 3408 -2.270523 0.241798 -0.055334 0.999909 -0.007215 0.006018 0.009646
432 3426 -4.145395 0.720657 0.022027 0.946072 -0.001016 -0.006156 -0.323895
699 3645 1.992065 -0.257692 -0.612200 0.999977 -0.001348 0.000250 -0.006679
630 3589 4.721558 0.200187 -0.468662 0.999997 0.000088 0.001850 -0.001594
842 3762 -5.283882 -0.059479 -1.060821 0.999405 0.000275 0.005172 -0.034114
2387 3326 -5.084053 -0.712463 -0.022273 0.999998 0.000699 0.000391 -0.001551
557 3513 -3.280055 -0.273087 -0.364933 0.998954 -0.010142 0.013499 0.042503
409 3407 -3.921005 0.666504 0.232948 0.999078 -0.014225 -0.000087 -0.040516
449 3455 2.442791 -0.521988 -0.253342 0.999988 0.001155 -0.002057 -0.004288
836 3769 4.277405 -0.169769 -0.971391 0.999633 -0.001467 -0.009084 0.025472
606 3561 -2.550674 0.323460 -0.439659 0.999994 -0.000882 -0.000221 -0.003239
841 3765 -2.089058 -0.241241 -1.072407 0.999826 0.003817 0.006237 -0.017179
199 1640 4.087273 -2.366623 -0.779173 0.968738 -0.000736 -0.002133 -0.248076
767 3709 1.937472 -0.722870 -0.897326 0.999907 0.000537 -0.001697 0.013517
805 3744 4.897800 -0.536621 -0.907709 0.999947 0.001394 0.004065 -0.009371
138 1579 -2.569910 1.062889 -0.743330 0.999230 -0.007794 0.002480 -0.038380
559 3516 -1.968729 -0.185989 -0.356653 0.999399 -0.007724 0.013309 0.031052
377 2433 3.979294 -4.406792 0.410475 0.882558 0.002965 0.001192 0.470192
551 3542 5.184482 -1.600967 -0.391590 0.964420 0.005936 0.008342 -0.264177
397 3409 3.968933 0.350960 0.267390 0.999907 0.001392 0.008814 0.010313
691 3641 5.550415 -0.243073 -0.578083 0.999978 0.005470 0.003258 -0.001976
510 3496 -5.634882 -0.605637 -0.488701 0.999977 0.006506 0.000068 -0.001832
889 3803 -1.943947 -0.455536 -0.937251 0.999954 0.000492 -0.005837 -0.007597
205 1639 -0.434082 -2.582222 -0.847349 0.911002 -0.006915 0.004688 -0.412317
585 3524 -5.353333 -2.122559 -0.380687 0.935263 -0.012986 -0.005942 0.353664
575 3548 4.312683 -2.032074 -0.445906 0.944267 0.000209 0.006114 -0.329124
414 2467 3.409821 -1.665024 0.566032 0.989942 0.017774 -0.012427 -0.139805
188 1623 -4.692459 0.576859 -0.910944 0.999900 -0.001856 -0.002976 0.013694
580 3519 -5.208466 -1.496475 -0.446541 0.970692 -0.014907 -0.000750 0.239864
572 3515 -4.553596 -0.637634 -0.367493 0.994481 -0.008840 0.013266 0.103695
164 1605 -2.317583 0.605675 -0.809107 0.999996 -0.000996 -0.002354 -0.000704
2374 3316 -2.081131 -0.277145 0.022222 0.999936 -0.003136 -0.001528 -0.010800
173 1620 3.208992 0.173630 -0.791673 0.999828 0.005249 -0.004563 -0.017176
761 3693 -5.333605 -1.351562 -0.866145 0.999820 0.014099 0.007999 -0.009847
122 1563 -2.596355 3.474487 -0.751590 0.940221 0.009785 0.007056 -0.340352
208 1639 -2.350044 -2.399055 -0.849038 0.864123 -0.008014 0.007458 -0.503162
2442 3401 5.143921 -0.947281 -0.099869 0.987640 0.008860 -0.006162 -0.156369
545 3512 -3.725733 -0.369080 -0.389732 0.998842 -0.010300 0.010352 0.045841
2463 3424 1.869812 1.828766 -0.455100 0.968912 -0.027325 0.005431 0.245830
579 3522 -4.135216 -0.938217 -0.402105 0.979642 -0.011542 -0.004658 0.200367
401 2446 -5.458496 -0.319954 0.216685 0.993076 -0.017252 -0.006090 0.116043
182 1630 5.512001 0.647163 -0.725079 0.999843 -0.012499 -0.004187 0.011853
384 2433 -0.845474 -4.363411 0.484136 0.887464 -0.009948 0.004483 0.460749
2454 3416 5.079666 0.376930 -0.003157 0.998284 0.016266 -0.000132 0.056250
418 2471 4.285538 -3.921021 0.491587 0.971257 0.033949 0.003033 -0.235580
814 3750 3.327667 -0.393036 -0.909491 0.999997 0.000615 0.001638 0.001520
388 3395 2.710663 -0.440147 0.319872 0.987343 -0.003391 0.001203 0.158559
912 3826 2.393600 -0.401062 -0.830289 0.999956 0.002394 0.001882 0.008852
2451 3395 -3.902084 -0.105370 -0.059822 0.992360 -0.002267 0.013286 0.122639
943 3846 1.772881 -0.895325 -0.707932 0.994034 -0.005531 -0.003872 -0.108863
212 1639 -4.747375 -1.623317 -0.971325 0.791265 -0.001838 -0.001460 -0.611469
777 3711 -4.390898 -0.654724 -0.985665 0.999754 -0.000783 -0.004476 0.021693
742 3675 -2.507751 -1.346863 -0.907795 0.971988 0.007045 -0.012494 -0.234593
533 3539 5.059429 -1.135468 -0.283007 0.980152 0.009791 -0.004104 -0.197963
392 3387 -3.894485 -2.094131 0.138652 0.942457 -0.023742 0.002786 0.333473
386 2446 4.524704 -0.493156 0.517968 0.992744 -0.004468 -0.007957 0.119897
519 3506 -1.984542 -0.530563 -0.358104 0.999875 -0.001841 0.000680 0.015660
808 3739 -3.151608 -0.430603 -1.028023 0.999974 0.007093 -0.001465 -0.000460
402 3418 5.694519 0.826492 0.367663 0.995117 0.004716 -0.002482 0.098557
683 3631 2.043640 -0.107945 -0.581077 0.999984 0.002827 0.001931 -0.004503
744 3673 -4.425934 -0.478485 -0.973843 0.934491 0.002021 -0.019396 -0.355451
526 3519 2.048009 -0.304550 -0.262337 0.999992 -0.002800 0.000168 -0.002669
482 3479 -1.907825 -0.686584 -0.173496 0.999972 -0.007040 -0.002319 0.001253
463 3467 1.864155 -0.868088 -0.205960 0.999975 0.000604 -0.003820 0.005917
581 3525 -4.051041 -1.031982 -0.415968 0.971940 -0.009078 -0.009952 0.234842
696 3644 3.814575 -0.248001 -0.582573 0.999988 -0.001133 -0.001644 -0.004540
428 2468 -3.940601 -2.539917 0.356321 0.863833 0.057360 -0.033540 -0.499377
11 4467 5.949576 0.075945 0.377447 0.999949 0.000556 -0.006340 0.007798
672 3623 3.827271 0.004001 -0.463426 0.999984 0.000183 0.003269 -0.004610
2361 3301 -2.144821 -0.000336 0.013365 0.999737 -0.003152 -0.004650 0.022243
407 3423 5.361206 1.326584 0.075941 0.981804 -0.022104 -0.002305 0.188592
848 3776 3.428562 -0.252930 -1.037810 0.999996 -0.002546 0.001021 -0.000234
147 1587 -3.548203 0.749992 -0.736619 0.999190 -0.003819 -0.001452 -0.040032
396 2457 5.588608 0.114853 0.321976 0.999990 0.002137 0.003772 0.001206
119 4532 -5.254185 0.587120 0.247017 0.805179 -0.009454 -0.001326 0.592955
2350 3279 -4.124466 -3.272095 0.143036 0.893800 -0.004769 0.007450 0.448379
550 3537 3.664290 -0.788483 -0.372006 0.988105 0.005678 -0.004617 -0.153605
2393 3335 -2.035767 -0.660172 -0.005883 0.999990 -0.000773 -0.000508 0.004421
2375 3317 -2.119629 -0.324341 0.007733 0.999919 -0.000633 -0.003833 -0.012107
438 3446 2.800007 -0.377167 -0.222625 0.999430 -0.005775 -0.003930 0.033036
155 1602 2.450340 0.498901 -0.723888 0.999981 -0.005598 0.001872 0.001589
734 3680 4.134033 -0.778740 -0.769148 0.985954 0.000042 0.015417 0.166302
2464 3432 3.544052 4.621193 -0.974089 0.875275 -0.046355 0.026456 0.480671
626 3585 3.901184 0.175703 -0.449033 0.999990 0.001739 -0.001944 -0.003551
2357 3305 4.625732 -0.072205 0.015965 0.999995 0.001849 0.000907 -0.002222
383 3387 2.280609 -2.293411 0.233469 0.940972 -0.002682 0.002298 0.338466
433 3444 4.105385 0.135132 -0.224136 0.993984 -0.008549 -0.007740 0.108919
433 3429 -3.328243 0.167450 -0.060498 0.966994 0.000571 0.005336 -0.254741
2458 3419 3.639572 0.800323 -0.085241 0.992803 0.002255 0.006641 0.119556
642 3593 -2.984344 0.316521 -0.559397 0.999947 0.001241 -0.006640 -0.007759
2416 3372 5.696198 -1.212738 0.034341 0.995069 0.001530 -0.005621 -0.099017
734 3679 3.644012 -0.943764 -0.767522 0.991474 -0.001084 0.013818 0.129563
47 4492 -2.222878 0.121716 0.211303 0.999925 -0.001278 -0.000500 0.012138
448 3455 3.128910 -0.507584 -0.258419 0.999985 0.001822 -0.002977 -0.004312
69 4510 -2.699905 -0.089122 0.190108 0.999961 0.004768 -0.004662 -0.005769
606 3568 3.263977 0.233045 -0.437583 0.999956 0.001126 0.002175 -0.009004
2435 3393 5.046089 -1.552582 -0.033844 0.976779 0.010843 -0.012343 -0.213617
476 3473 -3.258236 -0.788132 -0.124273 0.999985 0.004822 0.000878 -0.002566
624 3577 -3.329865 0.301252 -0.405049 0.999976 0.000071 0.004433 -0.005396
596 3548 -3.707428 -0.339630 -0.377367 0.974176 -0.008462 -0.002114 0.225620
419 3436 5.503891 2.245682 -0.386721 0.936622 -0.003916 0.014668 0.350012
2367 3308 -2.431534 -0.017059 0.024681 0.999987 -0.002901 -0.004089 -0.000863
457 3455 -3.692844 -0.773270 -0.151076 0.999988 -0.004011 0.000173 -0.002725
534 3510 -4.234872 -0.484802 -0.380067 0.998808 -0.009517 0.006256 0.047469
546 3543 5.488723 -1.869781 -0.379395 0.957086 0.008368 0.008665 -0.289555
449 3443 -5.626129 -0.587555 -0.171233 0.999671 -0.000547 0.003044 -0.025457
722 3656 -4.401947 -0.327591 -0.769291 0.999865 0.002341 0.003741 -0.015850
521 3518 3.673761 -0.404999 -0.224622 0.999932 0.000051 0.000965 -0.011662
393 3391 -2.680191 -1.083672 0.191906 0.971208 -0.011005 -0.002441 0.237967
2442 3395 2.165283 -0.165298 -0.128286 0.998252 0.005705 0.003616 -0.058719
675 3627 5.645905 -0.063526 -0.494370 0.999978 0.002385 0.002975 -0.005353
2471 3428 -3.503448 3.125381 -0.909225 0.932559 -0.051716 0.010587 0.357138
386 3396 4.549484 -0.347244 0.404490 0.989994 0.002688 -0.003303 0.141048
909 3818 -3.803375 -0.436249 -0.902152 0.999989 0.003938 -0.001776 -0.001998
382 3382 1.114075 -4.001450 0.239151 0.888061 0.003596 0.001358 0.459709
134 1587 5.175524 0.345779 -0.716678 0.998908 0.007894 -0.000028 -0.046047
393 2438 -4.919022 -2.252167 0.385922 0.946988 -0.026686 -0.001436 0.320156
181 1618 -4.481586 0.344345 -0.923585 0.999867 -0.000736 -0.005214 0.015461
117 4534 -3.576630 2.990578 0.323568 0.828356 0.000251 -0.001586 0.560199
2360 3297 -3.960983 -0.082840 0.001132 0.998495 -0.007718 -0.004849 0.054086
382 2443 5.344589 -1.121132 0.523689 0.980778 0.007803 -0.007552 0.194822
539 3511 -4.140639 -0.426605 -0.378412 0.998741 -0.010444 0.008794 0.048272
2420 3357 -4.312325 -0.989319 -0.152889 0.999062 -0.000048 0.003042 0.043187
918 3825 -4.148972 -0.391571 -0.929411 0.999911 -0.001556 -0.006261 0.011652
505 3496 -2.362659 -0.556198 -0.395577 0.999959 0.004083 0.000477 -0.008049
449 3447 -3.242531 -0.566650 -0.194469 0.999992 -0.001681 -0.000049 -0.003674
484 3485 2.872303 -0.643784 -0.209914 0.999971 0.002076 0.002949 0.006673
2456 3399 -5.561295 0.014267 -0.133174 0.996339 -0.012446 -0.000520 0.084577
728 3660 -4.021149 -0.216156 -0.823853 0.997549 0.005431 0.003274 -0.069687
401 3417 5.764206 0.721794 0.350580 0.996652 0.006726 -0.001199 0.081478
437 3445 2.718647 -0.352722 -0.212433 0.999135 -0.007077 -0.004442 0.040748
87 4528 5.349976 -0.627611 0.362870 0.999838 0.006024 0.008420 -0.014730
532 3531 3.275322 -0.455170 -0.264869 0.997116 0.002003 -0.008906 -0.075346
954 3850 -1.712540 -3.577911 -0.658423 0.903925 0.009275 -0.004720 -0.427564
523 3524 4.527771 -0.471375 -0.189379 0.999280 0.003862 -0.007459 -0.036994
68 4509 -2.989220 -0.073883 0.198350 0.999976 0.004742 0.000499 -0.004970
416 3427 3.037628 0.704346 -0.093182 0.988495 -0.028361 0.009677 0.148258
758 3691 -4.544906 -1.374664 -1.034917 0.998565 0.017973 -0.011049 -0.049231
84 4525 3.633331 -0.562287 0.392869 0.999790 0.012239 -0.004742 -0.015712
2363 3301 -4.051727 0.018890 0.038993 0.999648 -0.010826 -0.000032 0.024215
706 3645 -4.305542 -0.265196 -0.702814 0.999982 0.001630 0.000670 -0.005707
81 4524 4.432114 -0.503661 0.403499 0.999853 0.008898 -0.005067 -0.013754
116 1565 1.224789 2.728127 -0.725453 0.920281 0.013036 0.003693 -0.391023
554 3540 4.528367 -1.198090 -0.381552 0.976333 0.006553 0.004938 -0.216118
426 2462 -5.691399 1.217941 0.233532 0.889633 0.049245 -0.018839 -0.453623
752 3685 -3.881451 -1.388702 -0.888075 0.982634 0.006957 0.003674 -0.185389
730 3664 -2.235626 -0.482079 -0.848465 0.995314 0.002192 -0.002527 -0.096636
596 3544 -5.231689 -1.161587 -0.349332 0.937756 -0.009225 0.004867 0.347139
1564 4538 -4.435280 1.202347 0.998307 0.541337 -0.007631 0.009303 0.840720
816 3744 -4.736900 -0.471619 -1.040414 0.999834 0.003065 0.002660 0.017745
557 3537 3.569304 -0.756027 -0.367218 0.988066 0.005511 -0.003798 -0.153884
118 1570 2.450661 1.440346 -0.733437 0.967474 -0.002423 -0.003486 -0.252935
389 2440 -1.139130 -1.701599 0.444206 0.962999 -0.015688 -0.003849 0.269019
545 3511 -4.293988 -0.424362 -0.393124 0.998726 -0.010218 0.009367 0.048523
2394 3335 -2.993698 -0.648331 -0.010748 0.999985 -0.003560 0.000299 0.004262
741 3682 1.505402 -1.767288 -0.791228 0.998748 0.002503 0.003971 0.049796
1563 4533 -1.332275 -4.060715 1.087704 0.515333 -0.008535 -0.000997 0.856947
433 3441 2.498271 -0.238846 -0.223672 0.996916 -0.001657 -0.003765 0.078369
757 3691 -3.908597 -1.409943 -1.025233 0.998822 0.015196 -0.012885 -0.044243
561 3510 -5.192673 -0.445435 -0.322211 0.998521 -0.009448 0.014865 0.051438
719 3653 -5.468872 -0.333600 -0.788168 0.999974 0.001689 0.000688 -0.006991
13 4465 2.419956 -0.007736 0.330081 0.999976 0.003385 -0.002472 0.005494
669 3614 -4.460205 0.157045 -0.465308 0.999972 0.000334 0.001409 -0.007382
119 4534 -4.571501 2.770317 0.246751 0.805555 -0.009493 0.002100 0.592442
2388 3336 3.786179 -0.687775 0.047114 0.999978 0.002828 0.005952 0.001090
65 4511 2.106380 -0.063854 0.284989 0.999966 -0.004129 -0.006178 -0.003503
383 2438 1.942703 -2.478142 0.482479 0.945611 -0.005369 -0.002779 0.325244
201 1633 -2.389618 0.509224 -0.918288 0.973129 -0.010954 -0.005840 -0.229927
892 3805 -2.525993 -0.486237 -0.905103 0.999947 0.009477 0.001789 -0.003458
406 2464 5.121109 -0.133614 0.470539 0.999708 0.004712 -0.012974 -0.019833
125 1562 -4.524572 3.612244 -0.748477 0.942145 0.002737 0.009731 -0.335053
548 3540 4.552128 -1.227905 -0.382080 0.976421 0.007042 0.004382 -0.215714
486 3488 4.389687 -0.529388 -0.218082 0.999925 -0.005797 0.000529 0.010807
402 2462 5.679855 0.081017 0.469683 0.999928 0.006546 -0.009883 -0.001924
2413 3351 -4.532143 -0.763321 -0.162224 0.999987 0.003383 -0.002973 -0.002384
818 3745 -5.393333 -0.477173 -1.066964 0.999771 0.003477 0.001029 0.021078
2424 3379 4.143570 -1.126801 -0.072705 0.987980 -0.013433 -0.012999 -0.153448
609 3561 -4.844696 0.330500 -0.470499 0.999993 -0.001139 -0.003250 -0.001330
412 3427 4.696930 1.529823 -0.105977 0.970618 -0.042622 0.004782 0.236772
950 3845 -3.098846 -0.352295 -0.756232 0.955470 -0.006377 -0.003211 -0.295002
445 3451 2.096298 -0.508118 -0.252893 0.999997 -0.000857 0.000440 -0.002361
905 3814 -4.615463 -0.372528 -0.923275 0.999980 -0.002969 -0.001807 -0.005358
2417 3372 5.081070 -1.124802 0.008254 0.995728 0.001376 -0.004352 -0.092227
701 3649 4.235718 -0.321324 -0.562465 0.999928 -0.001205 -0.001730 -0.011824
421 2464 -2.499771 -0.909103 0.397126 0.944957 0.037086 -0.011630 -0.324878
2360 3299 -2.624680 -0.024429 0.017225 0.999381 -0.005928 -0.004240 0.034406
408 3425 5.677338 1.692551 -0.033667 0.971298 -0.037740 -0.001282 0.234850
150 1600 4.788242 0.439072 -0.681607 0.999929 -0.009152 -0.003892 0.006555
401 3400 -3.406555 0.184235 0.145759 0.997312 -0.008980 -0.009177 0.072144
708 3654 2.855042 -0.413257 -0.571120 0.999888 0.002907 0.002673 -0.014401
2359 3305 2.816910 -0.026367 0.027645 0.999997 0.000233 -0.001427 0.002089
18 4473 5.618878 -0.086395 0.347138 0.999962 0.004878 0.000187 0.007167
405 3415 2.459610 0.501297 0.283411 0.999208 0.001894 -0.003143 0.039628
2453 3415 5.283142 0.249268 -0.021581 0.999156 0.018800 -0.000312 0.036520
2411 3363 4.989502 -0.918167 0.001808 0.999701 0.003502 0.000112 -0.024212
425 2466 -3.319931 -1.648926 0.304317 0.902139 0.057957 -0.032186 -0.426321
195 1628 -3.878059 1.005287 -0.867972 0.998194 -0.005112 0.003426 -0.059759
161 1610 4.361912 0.348274 -0.743223 0.999279 -0.005345 0.002751 -0.037473
160 1607 2.648926 0.504814 -0.740742 0.999748 -0.007614 0.003084 -0.020874
568 3519 -2.090313 -0.202591 -0.323772 0.998813 -0.006672 0.017234 0.045063
426 3422 -3.505951 0.533005 0.071607 0.960446 0.034521 -0.020261 -0.275573
682 3633 5.601959 -0.145460 -0.568380 0.999962 0.006889 0.004187 -0.003367
2347 3279 -1.873932 -3.290436 0.101983 0.894013 -0.002247 0.003128 0.448025
618 3571 -3.889069 0.294407 -0.464819 0.999927 0.002258 -0.010258 -0.005960
673 3623 2.750946 0.009387 -0.481198 0.999976 0.000254 0.005135 -0.004561
599 3551 -4.060120 -0.108653 -0.401584 0.985380 -0.007680 0.000560 0.170195
135 1575 -3.126505 1.303551 -0.761138 0.998592 -0.007462 -0.001414 -0.052504
2416 3365 2.518097 -0.789612 -0.044000 0.999834 0.006380 -0.003296 -0.016725
487 3487 2.503365 -0.559875 -0.226267 0.999948 -0.003504 0.000368 0.009597
552 3538 3.944035 -0.911255 -0.381387 0.984877 0.007323 -0.001734 -0.173090
862 3786 3.748383 -0.407379 -0.939731 0.999818 0.001480 -0.013403 -0.013522
452 3460 4.482132 -0.700348 -0.238399 0.999978 0.004381 0.000800 -0.005011
101 4533 4.116783 1.185852 0.393233 0.991336 0.001766 -0.008255 0.131081
91 4523 -2.701668 -0.486789 0.197548 0.999962 0.001808 -0.008097 -0.002600
411 3406 -5.411331 0.985863 0.194990 0.997654 -0.013400 -0.003381 -0.067052
510 3499 -2.830959 -0.575775 -0.417727 0.999996 0.001929 0.000123 -0.001924
382 3377 -0.112671 -5.932091 0.250588 0.826233 0.004666 0.002210 0.563305
585 3552 3.303909 -0.979706 -0.383711 0.978514 0.004206 0.000128 -0.206136
514 3499 -5.184078 -0.622345 -0.462034 0.999990 0.000115 -0.000129 0.004523
2353 3300 4.227402 -0.088898 0.088154 0.999900 0.004194 -0.006209 0.011981
546 3535 3.142476 -0.600815 -0.356662 0.992707 0.000609 -0.006116 -0.120396
526 3535 5.864404 -0.866943 -0.199240 0.989984 0.005608 -0.013772 -0.140395
138 1575 -4.952013 1.304939 -0.756006 0.998930 -0.009575 -0.001140 -0.045241
560 3534 2.685471 -0.474625 -0.369339 0.994438 -0.001209 0.001730 -0.105304
497 3489 -3.488995 -0.485687 -0.401441 0.999963 0.002900 -0.002886 -0.007523
565 3539 3.438501 -0.924881 -0.425378 0.982894 0.005536 0.008450 -0.183895
772 3706 -4.412308 -0.873718 -1.018204 0.999165 0.013607 -0.006169 0.038029
644 3593 -5.090607 0.354119 -0.576058 0.999941 0.002527 -0.006701 -0.008140
753 3682 -5.869473 -0.497803 -0.929986 0.945565 0.007713 0.002193 -0.325334
211 1636 -4.990807 0.635648 -0.961410 0.827788 -0.009211 0.004359 -0.560949
2373 3313 -3.952591 -0.135956 0.063382 0.999910 -0.005271 0.008226 -0.009242
414 3410 -4.585434 1.059784 0.287773 0.991453 -0.001341 0.003175 -0.130416
120 1577 5.223698 0.142860 -0.642162 0.984792 -0.002480 -0.006873 -0.173584
573 3514 -5.252018 -0.851868 -0.361585 0.992535 -0.011262 0.014185 0.120607
2339 3275 2.694885 -4.527206 0.103970 0.832187 -0.006082 -0.001023 0.554460
835 3766 2.295662 -0.248047 -1.008558 0.999946 0.002332 -0.000773 0.010125
56 4497 -5.534752 0.095758 0.126213 0.999983 -0.003983 -0.001192 0.003988
22 4466 -4.624471 -0.154492 0.253544 0.999979 0.005814 -0.001954 -0.002121
797 3735 2.316986 -0.367371 -0.901799 0.999957 0.001329 -0.003819 -0.008299
556 3536 3.327468 -0.642303 -0.365301 0.990616 0.002271 -0.005366 -0.136551
567 3538 2.781361 -0.731201 -0.416841 0.988263 0.005932 0.005619 -0.152546
931 3834 -4.228531 -0.121826 -0.851407 0.999931 -0.005497 0.001091 0.010334
691 3633 -3.915283 -0.152369 -0.692900 0.999982 -0.002922 0.001880 -0.004912
605 3558 -3.974808 0.322429 -0.431480 0.999700 -0.006642 -0.000394 0.023585
151 1589 -5.230574 0.705925 -0.733463 0.999094 0.003642 -0.001224 -0.042385
57 4498 -5.371052 0.091068 0.125275 0.999984 -0.004713 -0.001314 0.002750
917 3823 -5.487076 -0.423248 -0.980828 0.999944 -0.001823 -0.004623 0.009375
743 3677 -2.067291 -1.645660 -0.859715 0.980205 0.003342 -0.007684 -0.197810
540 3531 2.352745 -0.381866 -0.333925 0.997576 -0.000667 -0.002840 -0.069518
748 3695 3.954636 -0.342285 -0.846445 0.973612 -0.012556 0.007076 0.227755
179 1619 -2.180048 0.346443 -0.871219 0.999935 0.002605 -0.004291 0.010234
2394 3343 4.679756 -0.655121 0.096259 0.999986 0.002120 0.003030 0.003696
2341 3274 1.135727 -4.986069 0.044105 0.826931 -0.004685 -0.007964 0.562228
728 3677 5.479828 -0.120979 -0.733477 0.983951 -0.002900 0.016928 0.177613
414 3411 -4.059738 0.918182 0.288936 0.992058 0.000698 0.001883 -0.125767
506 3494 -5.003109 -0.560226 -0.474026 0.999921 0.009648 0.000719 -0.007982
443 3437 -4.894005 -0.300201 -0.127090 0.991578 0.008095 0.010521 -0.128832
2404 3353 4.281387 -0.863754 0.048755 0.999990 -0.001733 -0.001503 -0.003825
96 4530 3.051880 -0.148180 0.341060 0.999181 0.003801 0.001060 0.040276
646 3601 2.799866 0.195031 -0.486697 0.999930 -0.000721 -0.004177 -0.011015
902 3819 3.945015 -0.475891 -0.827899 0.999958 0.005117 0.007376 0.001651
519 3503 -4.296729 -0.612671 -0.428261 0.999880 -0.002954 0.000808 0.015200
420 3429 2.266281 0.278885 -0.151112 0.994577 -0.007064 0.015405 0.102612
422 2467 -1.113678 -2.515030 0.406046 0.935482 0.052593 -0.020971 -0.348809
561 3509 -5.821555 -0.512421 -0.316688 0.998448 -0.009783 0.013903 0.053043
510 3500 -1.933512 -0.571487 -0.400210 0.999996 0.001571 0.001253 -0.001938
431 3440 2.908298 -0.023499 -0.222656 0.993830 -0.002311 -0.001393 0.110883
380 3389 5.176773 -1.745056 0.399007 0.955856 -0.000257 -0.013862 0.293508
2345 3284 1.285202 -1.834473 0.090075 0.948152 -0.002585 -0.003620 0.317787
2343 3285 3.055618 -1.601578 0.083704 0.955982 0.002059 -0.007879 0.293311
820 3748 -3.936668 -0.391602 -1.052038 0.999805 0.000738 -0.003923 0.019322
746 3672 -5.781921 0.503204 -0.984364 0.897185 -0.002917 -0.018866 -0.441243
578 3549 3.989914 -1.796982 -0.393501 0.953162 -0.000815 -0.000229 -0.302458
444 3453 4.171165 -0.495743 -0.267617 0.999994 0.002069 -0.001188 -0.002413
2347 3281 -1.239960 -2.661636 0.105931 0.917390 -0.003009 0.004979 0.397947
607 3562 -2.533249 0.318507 -0.446817 0.999984 0.000378 -0.001163 -0.005597
155 1594 -4.474653 0.485031 -0.749413 0.999771 0.011845 0.004015 -0.017365
584 3533 -3.340637 -0.776901 -0.401157 0.969787 -0.010153 -0.009548 0.243556
53 4495 -4.844315 0.109596 0.171136 0.999974 -0.002897 0.000792 0.006573
2351 3279 -4.910828 -3.276932 0.111358 0.893515 -0.006064 0.005011 0.448964
819 3754 3.032578 -0.300354 -0.919750 0.999976 0.002670 -0.000052 0.006402
2431 3387 4.130428 -1.340469 -0.201003 0.981171 0.001802 0.000040 -0.193133
862 3780 -2.519135 -0.269135 -1.066544 0.999982 -0.001182 -0.005165 0.002712
483 3486 4.788895 -0.632172 -0.194547 0.999964 0.000401 0.004454 0.007179
412 2464 2.017471 -0.717209 0.488500 0.994823 0.001620 -0.014871 -0.100516
384 3391 3.483154 -1.249893 0.326787 0.970094 0.005859 -0.003098 0.242640
779 3715 -2.456627 -0.535156 -0.944152 0.999934 -0.000158 -0.006469 0.009440
204 1636 -1.670517 -0.718979 -0.865682 0.935961 -0.013105 0.004309 -0.351832
434 3447 5.412168 0.359467 -0.212514 0.994761 -0.008159 -0.008909 0.101514
443 3441 -2.845406 -0.555908 -0.187428 0.998923 0.005947 0.005113 -0.045739
32 4475 -5.381874 -0.269199 0.308423 0.999929 0.006082 -0.000471 0.010225
804 3735 -3.964039 -0.321045 -1.010635 0.999932 0.002267 -0.000650 -0.011456
14 4460 -2.715431 -0.047207 0.326425 0.999985 0.005333 -0.000851 0.000670
23 4474 2.080420 -0.176116 0.338307 0.999963 0.006231 -0.001735 0.005611
599 3561 2.239182 0.190777 -0.426381 0.999412 0.001838 -0.001193 -0.034217
853 3779 3.104717 -0.280426 -1.044590 0.999856 -0.004944 0.014510 -0.007239
514 3500 -4.286768 -0.606445 -0.444088 0.999989 -0.000251 0.000999 0.004507
827 3752 -5.327461 -0.260101 -1.060581 0.999836 -0.009041 0.004915 0.014887
711 3658 3.880127 -0.457956 -0.570710 0.999856 -0.001265 -0.004378 -0.016358
399 3413 4.838272 0.444481 0.305646 0.999500 0.005926 -0.000029 0.031049
560 3541 4.641634 -1.376663 -0.410646 0.970900 0.004645 0.009953 -0.239235
444 3436 -5.992096 -0.201080 -0.101845 0.987463 0.010451 0.009980 -0.157186
843 3774 4.619034 -0.179840 -1.011081 0.999901 -0.006581 -0.002978 0.012041
381 3381 1.497238 -4.401764 0.261445 0.875232 0.003409 -0.004771 0.483668
425 2467 -2.790199 -2.316299 0.316514 0.902420 0.061330 -0.031582 -0.425299
4 4442 -5.404845 2.032429 0.307514 0.963745 -0.005165 -0.014982 -0.266354
864 3788 4.349167 -0.416809 -0.899203 0.999843 -0.007520 -0.006703 -0.014606
453 3448 -5.499783 -0.716766 -0.100384 0.999986 -0.003809 0.002843 -0.002285
2419 3370 3.014023 -0.773346 -0.034672 0.999121 -0.000329 -0.000047 -0.041910
576 3546 3.379776 -1.342178 -0.404363 0.968561 0.000853 0.006543 -0.248690
448 3454 2.349155 -0.505890 -0.250972 0.999987 0.001853 -0.002618 -0.003898
763 3707 3.075096 -0.800659 -0.868728 0.999788 -0.001634 -0.002581 0.020384
2419 3355 -5.155090 -1.026184 -0.167721 0.999386 0.000487 0.001207 0.035002
708 3656 4.574829 -0.462645 -0.544149 0.999856 0.002236 0.002333 -0.016660
2437 3380 -2.454468 -0.374863 -0.241548 0.986221 0.003657 -0.003144 0.165364
755 3700 2.922663 -0.958038 -0.858358 0.998196 -0.001230 -0.007626 0.059533
2341 3280 2.587036 -2.912506 0.083027 0.901334 0.000323 -0.000573 0.433124
412 3428 5.059586 1.808800 -0.163946 0.962429 -0.044349 0.009957 0.267702
19 4473 4.726881 -0.110911 0.343333 0.999964 0.005450 0.000018 0.006486
2362 3299 -4.514572 -0.033142 0.015767 0.999259 -0.008014 -0.003771 0.037450
42 4486 -3.729271 0.015408 0.212542 0.999855 0.003489 -0.002171 0.016513
401 3396 -5.432632 -0.177223 0.099472 0.990500 -0.010037 -0.001194 0.137140
647 3597 -3.225098 0.329632 -0.514932 0.999948 -0.002838 0.004162 -0.008878
582 3553 4.608139 -2.125107 -0.374092 0.946834 0.007876 -0.004820 -0.321591
486 3482 -2.022636 -0.651321 -0.230061 0.999988 -0.003048 -0.001647 0.003544
818 3753 2.916214 -0.319458 -0.925914 0.999976 0.001985 0.003230 0.005833
854 3781 4.402935 -0.311127 -1.057244 0.999862 -0.008775 0.001900 -0.013996
2390 3329 -5.011757 -0.702499 -0.019454 0.999964 -0.003184 0.007139 0.003166
103 4527 -3.264473 -0.894402 0.198334 0.982920 0.009706 -0.001682 0.183772
582 3531 -3.109329 -0.629700 -0.421892 0.977943 -0.007929 -0.012231 0.208364
854 3771 -4.989079 -0.207764 -1.147841 0.999978 0.004859 -0.003827 -0.002242
432 3440 2.454163 -0.181290 -0.220601 0.996324 -0.000956 -0.001338 0.085653
2358 3292 -5.148972 -0.427338 0.052061 0.991371 -0.011837 0.005132 0.130447
156 1595 -4.440401 0.478104 -0.768411 0.999874 0.010327 0.002930 -0.011703
411 3427 5.129501 1.720337 -0.095908 0.966116 -0.043902 0.003112 0.254329
833 3768 5.204056 -0.119812 -0.946312 0.999487 0.001127 -0.007962 0.031011
769 3712 3.126853 -0.665588 -0.902964 0.999989 -0.002757 0.002593 0.002679
707 3656 5.385712 -0.476949 -0.528937 0.999840 0.003272 0.002557 -0.017420
568 3545 4.798956 -2.038315 -0.479477 0.947642 0.007148 0.017433 -0.318777
415 3427 3.440689 0.916260 -0.106169 0.984359 -0.033971 0.009388 0.172616
541 3540 4.601641 -1.230865 -0.350622 0.976381 0.006988 0.002202 -0.215933
425 2470 -1.123016 -4.331512 0.350192 0.904297 0.061854 -0.020513 -0.421901
143 1592 3.306688 0.388687 -0.712872 0.999897 0.005912 0.001097 -0.013072
792 3726 -2.969505 -0.259338 -0.991226 0.999998 -0.001271 -0.001227 -0.000805
435 3430 -3.828300 0.227402 -0.062744 0.964217 -0.002895 0.010117 -0.264905
859 3777 -3.111664 -0.269562 -1.033716 0.999968 0.006963 -0.001109 0.003723
527 3523 2.821190 -0.334274 -0.230114 0.999783 0.000516 -0.006083 -0.019900
472 3478 5.685013 -0.810318 -0.123810 0.999960 -0.007092 -0.004101 -0.003683
2380 3322 -2.175858 -0.547073 0.023281 0.999934 0.001929 0.006033 -0.009564
55 4497 -4.555130 0.100555 0.159079 0.999988 -0.002534 0.000346 0.004154
534 3512 -3.068805 -0.374222 -0.368015 0.999000 -0.010205 0.008243 0.042732
552 3514 -2.691751 -0.256531 -0.384015 0.999114 -0.009335 0.012900 0.038951
528 3521 1.979856 -0.286636 -0.254991 0.999967 -0.001522 -0.004405 -0.006611
176 1615 -3.356091 0.373428 -0.865029 0.999990 0.001984 0.000818 0.003881
389 2450 5.191391 -0.083710 0.446252 0.998783 -0.003388 -0.013408 0.047353
475 3473 -2.383934 -0.791473 -0.127582 0.999988 0.004004 0.000303 -0.002949
415 3410 -5.004593 1.258759 0.304119 0.988106 0.001138 0.004005 -0.153720
895 3806 -4.273781 -0.459412 -0.911768 0.999961 0.007480 0.003593 -0.003161
139 1580 -2.590147 1.013443 -0.744965 0.999324 -0.006403 0.001894 -0.036156
740 3686 3.967773 -0.879089 -0.791253 0.970475 0.011289 0.005604 0.240872
792 3725 -4.050522 -0.262085 -1.004075 0.999998 -0.000189 -0.001869 0.000082
2471 3433 -2.145935 5.055901 -1.193004 0.862242 -0.049921 0.019208 0.503664
907 3815 -5.371284 -0.373962 -0.951324 0.999950 -0.003767 -0.007479 -0.005550
832 3755 -5.686058 -0.115906 -1.125276 0.999941 -0.010840 -0.001115 -0.000351
572 3518 -3.377892 -0.419235 -0.354663 0.995816 -0.007538 0.011322 0.090369
394 2439 -5.112701 -1.913857 0.396199 0.955488 -0.024879 -0.002719 0.293967
133 1573 -3.123448 1.465141 -0.767480 0.997593 -0.008785 -0.002514 -0.068735
808 3738 -4.236568 -0.420807 -1.040252 0.999976 0.006806 -0.000029 -0.001085
562 3514 -3.095805 -0.244553 -0.341957 0.998945 -0.009523 0.017908 0.041203
190 1625 -4.025265 0.706085 -0.894214 0.999991 -0.002228 -0.000916 0.003441
571 3538 1.902992 -0.524307 -0.391811 0.993115 0.006969 0.000866 -0.116934
917 3831 3.329559 -0.259094 -0.789464 0.999914 -0.001772 -0.003200 0.012558
393 2441 -3.316223 -1.373917 0.364892 0.970441 -0.016534 -0.006105 0.240693
405 2449 -5.694061 0.122208 0.235848 0.998670 -0.017241 -0.014126 0.046502
387 3382 -2.301132 -3.857582 0.248691 0.889842 -0.010168 0.006217 0.456112
383 3385 1.484604 -2.906693 0.243223 0.921423 -0.001225 0.007295 0.388491
427 3437 3.073891 0.304077 -0.187564 0.987535 0.003871 -0.009014 0.157094
102 4525 -5.121124 -1.490105 0.116899 0.987378 0.010763 -0.009254 0.157745
743 3688 3.285187 -1.111969 -0.777668 0.973544 0.004930 -0.005133 0.228391
806 3742 1.862175 -0.469818 -0.948921 0.999979 0.003121 0.001961 -0.005405
415 2457 -4.688965 0.905487 0.365376 0.986277 -0.001859 -0.000559 -0.165086
2427 3378 2.108759 -0.595123 -0.138631 0.997528 -0.006187 -0.005120 -0.069809
153 1592 -4.495663 0.532494 -0.699967 0.999517 0.011441 0.004334 -0.028581
623 3577 -2.356262 0.294197 -0.399788 0.999973 -0.001168 0.005325 -0.004974
806 3745 5.078434 -0.542114 -0.905449 0.999946 0.003064 0.003567 -0.009219
430 2468 -5.028215 -2.075409 0.449176 0.833938 0.048907 -0.033378 -0.548672
388 3400 5.221497 0.061249 0.361086 0.997172 0.000202 -0.005681 0.074940
541 3543 5.537615 -1.869705 -0.358092 0.957033 0.008327 0.007628 -0.289758
430 3427 -2.880201 0.149597 -0.025661 0.969967 -0.001653 -0.004694 -0.243187
99 4525 -4.004219 -0.936546 0.151970 0.995781 0.009041 -0.009556 0.090815
564 3533 2.032934 -0.388474 -0.378198 0.996275 -0.001941 0.007378 -0.085894
87 4527 4.189461 -0.598547 0.358164 0.999845 0.006880 0.007399 -0.014449
711 3656 2.269531 -0.415247 -0.593437 0.999898 0.000059 0.000020 -0.014278
454 3460 2.937103 -0.761353 -0.203166 0.999982 0.003928 0.000521 -0.004483
822 3749 -4.559509 -0.366516 -1.056197 0.999794 -0.002169 -0.003004 0.019932
197 1637 2.900333 -0.853149 -0.798200 0.984980 -0.010590 0.001766 -0.172336
387 2438 -0.805222 -2.374367 0.463030 0.946358 -0.017127 -0.004227 0.322638
453 3462 5.517597 -0.766510 -0.245559 0.999972 0.006629 0.002571 -0.002414
714 3653 -2.438324 -0.338497 -0.706750 0.999959 0.001537 -0.000135 -0.008905
101 4534 5.222351 1.483070 0.421695 0.991390 0.001749 -0.005658 0.130812
724 3658 -3.734344 -0.323071 -0.771355 0.999609 0.001425 0.001284 -0.027895
2364 3312 4.185883 -0.137039 0.060610 0.999980 -0.003365 0.004253 -0.003384
445 3452 2.815746 -0.503784 -0.258191 0.999996 0.000295 -0.000192 -0.002816
390 3398 2.831787 -0.052902 0.313982 0.994465 -0.008697 -0.001036 0.104699
145 1583 -4.821478 0.977448 -0.728962 0.999208 -0.010264 0.000237 -0.038438
737 3683 4.098846 -0.832932 -0.800604 0.978487 -0.000981 0.012845 0.205908
420 3432 3.571243 0.828690 -0.244477 0.979851 -0.010681 0.015110 0.198872
533 3541 5.680432 -1.507278 -0.286333 0.969825 0.007950 0.000999 -0.243672
642 3597 2.011475 0.243948 -0.496231 0.999957 -0.003253 -0.000451 -0.008637
813 3744 -2.138317 -0.430206 -0.999318 0.999946 0.002831 0.001584 0.009908
624 3575 -5.474335 0.348888 -0.362487 0.999956 -0.003662 0.006283 -0.005887
378 3380 3.300949 -4.747101 0.255775 0.860776 0.004806 -0.006551 0.508919
577 3519 -4.383865 -0.878540 -0.375183 0.985381 -0.017331 0.007079 0.169333
2370 3308 -5.502365 -0.008224 -0.096949 0.999869 0.000235 -0.015927 -0.003031
554 3533 2.669279 -0.439911 -0.352014 0.995704 -0.000767 0.001512 -0.092579
2471 3431 -2.652359 4.257111 -1.068282 0.893601 -0.059545 0.018113 0.444525
656 3603 -4.991272 0.243586 -0.544696 0.999928 0.005177 -0.003995 -0.010058
590 3555 3.039429 -0.411835 -0.389839 0.991242 -0.001189 -0.003011 -0.132018
428 3443 5.555927 1.391113 -0.175974 0.972241 -0.005691 -0.015453 0.233402
382 3379 0.276321 -5.140381 0.239459 0.851938 0.002790 -0.004071 0.523620
799 3732 -2.767458 -0.273010 -0.963697 0.999911 0.003174 0.001796 -0.012810
790 3722 -5.439392 -0.308258 -1.025260 0.999980 0.000129 -0.004587 0.004289
2428 3367 -3.356153 -0.877945 -0.131192 0.989081 0.010406 0.005956 0.146886
1561 4538 -2.984398 0.664291 1.016301 0.465734 -0.010723 0.012498 0.884771
383 3379 -0.387833 -5.101669 0.266541 0.852573 0.001185 0.000672 0.522606
454 3452 -3.523247 -0.714935 -0.131397 0.999989 -0.002814 0.002552 -0.002811
552 3533 2.692015 -0.449249 -0.358407 0.995709 -0.000651 0.001155 -0.092534
412 3411 -3.187714 0.669861 0.250486 0.996477 -0.003977 -0.001952 -0.083745
2456 3420 5.606003 0.896217 -0.073412 0.990343 0.001883 0.001568 0.138616
512 3507 2.439322 -0.527725 -0.257166 0.999996 -0.001014 0.002319 0.001185
744 3671 -5.188278 0.185333 -1.032230 0.916091 0.001599 -0.022223 -0.400352
402 3398 -5.023026 0.056488 0.096467 0.994705 -0.013185 -0.005426 0.101776
585 3529 -4.441956 -1.415833 -0.388608 0.948829 -0.010315 -0.011832 0.315401
428 3440 4.121429 0.653992 -0.192496 0.980843 0.000108 -0.009683 0.194557
681 3623 -5.887817 0.028397 -0.584533 0.999987 -0.003303 -0.000356 -0.003966
483 3485 3.715530 -0.653992 -0.194853 0.999978 0.001544 0.002783 0.005762
825 3750 -5.892029 -0.327972 -1.068039 0.999790 -0.006966 0.000135 0.019295
391 3388 -2.771652 -1.812729 0.185740 0.950658 -0.023389 -0.001148 0.309357
166 1607 -2.227585 0.588562 -0.812251 0.999991 -0.001755 0.000079 -0.003755
424 3418 -4.417427 1.206573 0.225370 0.949729 0.047634 -0.012162 -0.309189
557 3541 4.776605 -1.383408 -0.383467 0.970799 0.005388 0.007127 -0.239728
741 3673 -2.833191 -1.104187 -0.942013 0.964224 0.008804 -0.014145 -0.264566
397 3394 -3.864578 -0.482674 0.255956 0.984283 -0.011008 0.009153 0.176015
2425 3377 2.761154 -0.726273 -0.098473 0.996086 -0.007391 -0.006957 -0.087803
740 3667 -4.981079 0.459579 -1.051332 0.943818 0.008938 -0.014861 -0.330011
542 3533 2.712358 -0.472549 -0.335946 0.995728 -0.000577 -0.001224 -0.092323
209 1638 -3.345009 -1.464472 -0.871656 0.852178 -0.009023 0.005606 -0.523144
923 3830 -2.836975 -0.280151 -0.894929 0.999882 -0.002142 -0.002266 0.015066
864 3786 2.114632 -0.373566 -0.962115 0.999885 -0.000510 -0.011475 -0.009867
2443 3397 2.534531 -0.175613 -0.116484 0.997578 0.008414 0.003158 -0.068972
585 3551 2.842102 -0.768036 -0.381504 0.984375 0.003008 0.000075 -0.176058
2443 3399 3.542740 -0.369003 -0.105021 0.994829 0.005389 0.000186 -0.101425
473 3471 -2.767445 -0.796387 -0.137531 0.999994 0.001763 -0.001017 -0.002779
2445 3387 -3.947906 -0.466782 -0.225361 0.980117 -0.008594 0.007147 0.198107
425 2462 -5.337036 0.932983 0.247684 0.902098 0.048219 -0.017252 -0.428482
943 3849 4.952820 -1.672882 -0.629647 0.993524 0.003081 0.000239 -0.113580
418 3430 3.505630 0.879303 -0.205884 0.981295 -0.020190 0.019287 0.190474
444 3450 2.013283 -0.508636 -0.252771 0.999998 -0.001489 0.000575 -0.000922
386 2436 -1.051208 -3.090546 0.477043 0.926160 -0.013787 0.004501 0.376851
2438 3396 4.947578 -1.235718 -0.123870 0.982276 0.018522 -0.000454 -0.186525
666 3618 3.807068 0.022549 -0.429845 0.999975 0.000949 0.001500 -0.006832
891 3802 -5.068260 -0.384735 -0.972656 0.999916 -0.001403 -0.001673 -0.012755
408 2451 -5.809143 0.476379 0.286771 0.999729 -0.019529 -0.010944 -0.006443
397 3407 2.878922 0.339493 0.271466 0.999882 -0.002252 0.008263 0.012741
173 1614 -1.898403 0.410362 -0.844360 0.999974 0.001702 0.000036 -0.007019
79 4524 5.843071 -0.486112 0.465156 0.999838 0.008864 -0.009023 -0.012769
555 3535 3.100362 -0.562836 -0.359203 0.992665 0.000257 -0.004411 -0.120816
425 3418 -4.748817 1.401001 0.211901 0.940719 0.048932 -0.014432 -0.335328
471 3467 -5.132904 -0.786423 -0.172040 0.999960 -0.003635 -0.007200 -0.003967
2426 3362 -4.613508 -1.234940 -0.159661 0.991487 0.007001 0.006286 0.129865
2446 3388 -4.100647 -0.455429 -0.204551 0.980651 -0.007942 0.002260 0.195588
687 3629 -4.730896 -0.087790 -0.670639 0.999967 -0.005180 -0.003062 -0.005391
2415 3366 3.624443 -0.845642 -0.011970 0.999571 0.003959 -0.003244 -0.028844
748 3690 1.291077 -1.507324 -0.841539 0.991476 0.000514 0.001241 0.130282
117 1561 -0.741753 4.375061 -0.741147 0.880620 0.013736 0.003538 -0.473612
567 3511 -5.466845 -0.558105 -0.294799 0.997385 -0.010101 0.018547 0.069113
2406 3357 5.495987 -0.900101 0.043777 0.999939 -0.003596 0.003412 -0.009906
2396 3337 -2.952797 -0.627945 -0.000306 0.999977 -0.005706 0.002690 0.002569
405 2460 2.457581 0.077484 0.364711 0.999883 -0.004027 -0.005424 -0.013703
2417 3357 -2.568512 -0.841843 -0.141038 0.999901 0.003096 0.000735 0.013681
533 3532 3.300018 -0.484161 -0.280556 0.996374 0.001432 -0.004519 -0.084946
15 4459 -4.379069 -0.063752 0.316646 0.999961 0.007188 -0.001494 -0.004847
2367 3315 4.084229 -0.231079 0.018117 0.999982 -0.003597 0.003408 -0.003267
1558 4532 3.319592 -4.504257 1.176050 0.383042 -0.012624 0.000258 0.923645
36 4481 -3.017870 -0.096518 0.289114 0.999822 -0.002693 -0.005856 0.017717
210 1636 -4.574913 0.361253 -0.923322 0.845611 -0.010980 0.006167 -0.533651
743 3683 0.870911 -1.929718 -0.787466 0.999639 -0.003582 0.002365 0.026530
431 3429 -2.422841 -0.050339 -0.063730 0.978356 -0.001500 0.005148 -0.206859
645 3600 2.592377 0.210162 -0.489207 0.999932 -0.001415 -0.004702 -0.010547
2419 3357 -3.748444 -0.923172 -0.144402 0.999481 0.000592 0.002906 0.032078
434 3442 2.546835 -0.259567 -0.226271 0.997532 -0.004509 -0.004428 0.069923
388 3399 4.703781 0.003387 0.352116 0.995929 -0.003318 -0.002796 0.090041
787 3728 3.773693 -0.297760 -0.900173 0.999991 -0.004113 -0.000917 0.000702
733 3678 3.628235 -0.905136 -0.769188 0.992969 -0.001610 0.014735 0.117442
551 3511 -4.284987 -0.405029 -0.380414 0.998716 -0.010062 0.011231 0.048370
2416 3355 -3.358276 -0.857208 -0.167518 0.999945 0.002992 -0.002262 0.009783
770 3714 4.210666 -0.631500 -0.894906 0.999996 0.000521 0.000690 -0.002761
2455 3402 -3.259415 0.152840 -0.126002 0.999158 -0.002670 -0.010403 0.039592
392 2449 2.431061 -0.113899 0.419880 0.998023 -0.007053 -0.016859 0.060130
86 4521 -2.274223 -0.382949 0.245461 0.999889 -0.001337 0.000432 -0.014863
2445 3402 3.806229 -0.321762 -0.074963 0.995433 0.008096 -0.008213 -0.094759
398 3413 5.490738 0.436684 0.281371 0.999474 0.007158 0.004172 0.031371
790 3731 4.301571 -0.304474 -0.870658 0.999995 -0.002652 -0.001284 -0.000651
2368 3309 -2.587509 -0.052231 -0.006755 0.999927 0.001659 -0.011810 -0.001991
2448 3407 4.485519 -0.196342 -0.084983 0.997940 0.007992 0.008746 -0.063043
2347 3295 5.578506 -0.194199 0.086742 0.998049 -0.001269 -0.006050 0.062123
532 3526 2.142633 -0.299576 -0.262551 0.999583 -0.000418 -0.009203 -0.027368
2362 3309 3.349747 -0.080978 0.077971 0.999902 0.004683 -0.012845 -0.003156
854 3782 5.428669 -0.348114 -1.063257 0.999816 -0.008785 0.002041 -0.016941
815 3753 5.508133 -0.398956 -0.897615 0.999984 0.001793 0.005124 -0.001597
909 3825 4.055206 -0.429443 -0.787344 0.999969 0.000671 -0.004839 0.006206
396 3389 -5.655411 -1.501587 0.249576 0.958508 -0.019158 0.008354 0.284299
836 3760 -3.518143 -0.126007 -1.077840 0.999838 -0.005147 -0.000785 -0.017230
753 3691 -1.341221 -1.605804 -0.906751 0.999908 0.007238 -0.004473 0.010606
109 1566 4.913010 0.717804 -0.729230 0.837151 0.011493 0.000077 -0.546850
2416 3356 -2.639435 -0.836166 -0.147510 0.999960 0.002362 -0.001350 0.008493
895 3805 -5.441025 -0.443420 -0.926452 0.999934 0.009079 0.002799 -0.006514
164 1603 -4.031105 0.587952 -0.837617 0.999962 0.002098 -0.001783 0.008257
573 3544 3.411865 -1.270752 -0.413550 0.971106 0.007166 0.012702 -0.238202
860 3779 -1.924721 -0.270905 -0.990050 0.999893 0.003802 0.014006 0.001768
586 3554 4.027969 -1.279861 -0.412562 0.972934 0.003806 -0.000428 -0.231053
589 3556 4.067017 -0.897285 -0.395718 0.982551 0.000969 -0.000733 -0.185987
186 1629 1.940407 0.688530 -0.791158 0.999796 -0.011441 -0.002887 0.016397
391 3383 -4.716217 -3.403290 0.219928 0.901849 -0.019881 0.011129 0.431450
547 3539 4.243128 -1.059845 -0.375023 0.981052 0.008048 0.001207 -0.193575
2352 3286 -3.128113 -1.348907 0.063376 0.964066 -0.007634 -0.004499 0.265514
383 2441 3.535904 -1.582367 0.479774 0.969299 0.004836 -0.005624 0.245771
815 3746 -1.742706 -0.414337 -0.993419 0.999923 0.003228 0.001738 0.011841
2458 3416 2.084610 0.485550 -0.062372 0.997793 0.006610 0.006212 0.065784
183 1628 3.017792 0.617165 -0.770554 0.999753 -0.007096 -0.004043 0.020660
2454 3411 2.358398 0.192055 -0.037827 0.999879 0.013652 -0.000734 0.007355
833 3756 -5.337173 -0.099762 -1.108594 0.999944 -0.009546 -0.000155 -0.004519
119 1574 4.002562 0.635033 -0.680096 0.979596 -0.006292 -0.013302 -0.200438
2430 3385 3.714294 -1.128799 -0.200337 0.985724 0.005716 0.004867 -0.168203
694 3644 5.796600 -0.249358 -0.535460 0.999989 0.000557 -0.003096 -0.003472
636 3587 -4.015381 0.322070 -0.490777 0.999976 -0.003441 -0.001145 -0.005951
2354 3286 -4.751602 -1.383438 0.097369 0.963208 -0.004201 0.001044 0.268721
531 3530 3.278854 -0.432114 -0.257331 0.997706 0.001647 -0.011874 -0.066628
424 3420 -3.602249 0.673721 0.174826 0.962019 0.042278 -0.014892 -0.269276
799 3739 4.872635 -0.480286 -0.878734 0.999959 0.004855 -0.000554 -0.007605
742 3673 -3.385101 -0.917114 -0.963423 0.955473 0.006806 -0.016910 -0.294516
121 1577 4.825609 0.314301 -0.669471 0.987444 0.003118 -0.003816 -0.157893
520 3518 4.121671 -0.425095 -0.222791 0.999897 -0.000098 0.001960 -0.014214
893 3813 5.771919 -0.441742 -0.831933 0.999909 0.004077 0.009289 0.008937
2425 3380 4.038261 -1.133438 -0.087043 0.987249 -0.010784 -0.010750 -0.158455
488 3482 -3.679577 -0.639236 -0.292414 0.999984 -0.001292 -0.004962 0.002507
724 3673 5.357880 -0.300423 -0.703448 0.996156 -0.003778 0.006421 0.087285
147 1595 2.834789 0.387001 -0.721974 0.999994 0.000078 -0.000029 -0.003591
2417 3371 4.649223 -1.024567 0.003260 0.997131 0.002666 -0.002905 -0.075591
518 3514 3.404001 -0.421402 -0.254083 0.999983 -0.001063 0.005604 -0.001252
742 3687 3.315796 -1.075867 -0.776973 0.975302 0.007136 -0.000460 0.220761
2421 3376 4.516258 -1.173355 -0.033649 0.991350 -0.008461 -0.006026 -0.130829
950 3847 -1.338860 -1.607544 -0.698761 0.954295 -0.001979 -0.007002 -0.298779
2414 3364 3.352539 -0.844711 -0.020668 0.999759 0.005079 -0.002534 -0.021204
536 3539 4.628041 -1.088974 -0.302461 0.980776 0.008823 -0.003310 -0.194908
763 3697 -4.239354 -1.227448 -0.937163 0.999532 0.002769 0.006626 0.029723
192 1636 4.736347 0.041847 -0.754567 0.996631 -0.014732 0.000858 -0.080672
178 1614 -5.690622 0.332123 -0.891773 0.999856 0.000043 0.000828 0.016970
805 3742 2.749687 -0.485138 -0.935489 0.999971 0.001562 0.002340 -0.007036
511 3499 -3.440783 -0.579224 -0.423994 0.999999 0.000930 0.000566 -0.000579
148 1588 -3.589975 0.696266 -0.740770 0.999202 -0.000595 -0.002615 -0.039853
557 3539 4.152654 -1.016724 -0.372739 0.980973 0.007538 0.002145 -0.193986
568 3536 2.015383 -0.467621 -0.399573 0.994048 0.002023 0.002037 -0.108904
140 1591 4.572048 0.343521 -0.710355 0.999778 0.010496 0.000958 -0.018230
108 4530 -2.086494 0.231453 0.265894 0.943167 0.003189 0.002432 0.332296
128 1572 -1.072337 1.570320 -0.721660 0.994360 -0.003228 0.004919 -0.105891
66 4506 -4.706173 -0.012340 0.220074 0.999993 0.000575 0.001647 -0.003163
572 3540 2.297943 -0.678711 -0.395154 0.988865 0.006273 0.006875 -0.148527
529 3526 2.898692 -0.346359 -0.233139 0.999392 0.000679 -0.009661 -0.033494
384 3380 -0.812286 -4.689621 0.285625 0.865097 -0.002806 0.002288 0.501591
634 3585 -4.324829 0.318072 -0.513007 0.999984 -0.002260 -0.001426 -0.004983
63 4505 -3.096539 0.006115 0.169508 0.999956 -0.003921 -0.008441 -0.000826
576 3549 4.448227 -2.202744 -0.437678 0.939248 -0.001489 0.005191 -0.343196
751 3682 -4.675308 -0.944672 -0.833551 0.960952 -0.005565 0.003623 -0.276636
730 3680 5.900085 0.201790 -0.747483 0.967559 -0.005100 0.020499 0.251759
582 3530 -3.319107 -0.715881 -0.427829 0.975638 -0.008550 -0.014584 0.218733
139 1591 5.227234 0.302940 -0.714033 0.999739 0.011218 0.001240 -0.019846
456 3462 3.118919 -0.816818 -0.216949 0.999992 0.003110 0.002137 -0.001135
384 2445 5.243118 -0.686539 0.508677 0.989441 0.003079 -0.003761 0.144854
123 1579 5.165598 0.256409 -0.698524 0.991564 0.006837 -0.001347 -0.129431
196 1629 -3.465908 0.998360 -0.877295 0.996636 -0.008004 0.002722 -0.081518
198 1632 -1.796806 0.579948 -0.884011 0.989501 -0.013738 -0.003772 -0.143820
593 3559 4.192688 -0.469917 -0.412661 0.992211 0.001635 0.000086 -0.124558
2416 3367 3.441673 -0.827072 -0.020942 0.999485 0.002716 -0.003144 -0.031812
456 3453 -4.396786 -0.757980 -0.131639 0.999989 -0.003922 0.001231 -0.002433
769 3703 -4.403407 -1.007690 -0.986971 0.999124 0.016089 -0.003080 0.038501
735 3675 1.226959 -1.446213 -0.801887 0.999378 0.003735 0.001532 -0.035030
826 3763 5.516083 -0.193634 -0.903102 0.999861 0.007555 -0.001291 0.014822
2373 3311 -5.852417 -0.048752 0.067925 0.999951 -0.002863 -0.000394 -0.009456
184 1621 -3.948957 0.420937 -0.921457 0.999791 -0.001116 -0.007087 0.019156
414 3429 4.667465 1.612503 -0.215943 0.965189 -0.039531 0.018225 0.257906
94 4529 2.826912 -0.386850 0.335871 0.999814 0.008228 0.002397 0.017293
397 3412 5.606430 0.390640 0.255223 0.999656 0.008191 0.007344 0.023803
514 3502 -2.565744 -0.577362 -0.391108 0.999987 -0.001129 0.001964 0.004473
129 1567 -4.165096 2.237541 -0.748132 0.984838 -0.000936 0.007296 -0.173322
893 3804 -4.677582 -0.449310 -0.920766 0.999924 0.009137 -0.000218 -0.008243
2371 3319 3.957352 -0.408798 0.103647 0.999972 0.000399 -0.004646 -0.005879
63 4510 2.785515 -0.045357 0.304126 0.999942 -0.002865 -0.010215 -0.001919
537 3513 -2.896550 -0.329178 -0.379704 0.999035 -0.010131 0.008292 0.041920
123 1574 2.319588 1.102310 -0.728471 0.990020 0.002944 -0.006019 -0.140766
161 1609 3.525642 0.419273 -0.742797 0.999480 -0.005963 0.003731 -0.031459
2464 3413 -4.291016 0.383560 -0.095151 0.999431 -0.006663 0.012401 0.030658
947 3843 -3.441844 0.219635 -0.784096 0.978950 -0.013227 0.000271 -0.203670
721 3667 3.678650 -0.481197 -0.673338 0.999968 -0.007550 -0.002467 0.000988
409 2464 3.564316 -0.421860 0.486686 0.998528 0.002558 -0.013954 -0.052359
2 4444 -2.845982 1.688285 0.363857 0.973583 -0.005812 -0.012880 -0.227894
32 4485 5.228977 0.055787 0.352338 0.999708 0.010897 0.003531 0.021261
587 3537 -3.433990 -0.883316 -0.352837 0.960732 0.001554 -0.008408 0.277345
126 1570 -1.154518 1.831673 -0.729999 0.989510 -0.005561 0.009882 -0.144021
775 3719 5.056461 -0.535095 -0.924334 0.999988 0.001619 0.004643 0.000136
736 3681 3.614594 -1.006271 -0.774667 0.987834 0.000433 0.013162 0.154955
197 1629 -3.932140 1.144272 -0.900112 0.994735 -0.007409 0.001280 -0.102206
518 3501 -5.488415 -0.657776 -0.472528 0.999912 -0.001377 0.001558 0.013101
2358 3295 -3.392349 -0.155472 0.035447 0.997042 -0.011358 -0.000845 0.076014
2337 3278 4.691696 -3.291077 0.083032 0.860032 -0.001383 0.008553 0.510167
416 2459 -3.659851 0.506821 0.387268 0.981709 0.004902 -0.000569 -0.190325
49 4491 -5.351227 0.069770 0.164065 0.999917 0.003012 -0.000838 0.012517
137 1590 5.693435 0.267700 -0.718098 0.999543 0.011010 0.000826 -0.028144
521 3505 -3.635623 -0.585770 -0.406793 0.999788 -0.001650 -0.001427 0.020451
414 3408 -5.632660 1.374481 0.285333 0.991054 -0.009967 0.004316 -0.133020
631 3588 2.452759 0.223484 -0.482606 0.999998 -0.000247 -0.000027 -0.002058
582 3529 -3.529999 -0.801941 -0.430159 0.973396 -0.009543 -0.015536 0.228401
134 1585 3.749493 0.520073 -0.721032 0.998847 0.003066 0.000367 -0.047915
536 3530 2.422295 -0.364441 -0.307774 0.998164 -0.001222 -0.007861 -0.060039
520 3522 5.326039 -0.510880 -0.183047 0.999416 0.003349 -0.004807 -0.033659
187 1630 2.219223 0.708725 -0.786448 0.999854 -0.014115 -0.002954 0.009116
2348 3280 -2.282501 -2.946243 0.129827 0.905861 -0.003432 0.007741 0.423491
614 3575 3.722382 0.244941 -0.442647 0.999969 -0.000237 0.007141 -0.003376
