idx1 idx2 t_1 t_2 t_3 q_1 q_2 q_3 q_4
139 974 8.477402 0.418977 0.148115 0.999992 -0.001944 0.000476 0.003596
280 1081 -9.705994 2.093033 -0.197750 0.990996 0.002955 -0.000215 -0.133858
240 1070 9.919556 0.255640 0.183035 0.999937 0.003372 -0.002152 0.010484
270 1094 6.663147 0.240922 0.164118 0.999809 -0.009954 -0.002151 -0.016701
238 1064 6.063293 0.127142 0.093551 0.999991 0.002532 -0.000852 0.003285
230 1057 6.442535 -0.005014 0.071798 0.999982 0.002199 -0.001112 -0.005480
238 1068 9.755676 0.170494 0.141102 0.999983 0.002972 0.000909 0.004966
165 985 -8.612564 0.026697 -0.152754 0.999991 0.001166 -0.000503 -0.004056
228 1057 8.018723 -0.057899 0.162179 0.999919 0.000075 -0.006880 -0.010715
111 949 8.397705 0.188472 0.145130 0.999831 0.009998 -0.002307 -0.015248
92 928 5.751747 1.722109 0.078867 0.999762 -0.010497 -0.001427 0.019065
216 1047 8.882278 -0.031909 0.159384 0.999991 0.003051 0.001816 -0.002548
114 952 8.715118 0.128808 0.156572 0.999968 0.003554 -0.003719 -0.006086
16 854 7.946100 0.099462 0.160612 0.999998 -0.000323 -0.000487 -0.001733
36 872 7.564289 -0.136688 0.092254 0.999984 -0.000169 0.005665 0.000361
51 887 8.376499 0.027719 0.165405 0.999977 -0.001040 -0.000941 0.006702
202 1032 7.205505 -0.172033 0.130127 0.999832 0.001047 0.001393 -0.018232
138 972 6.902359 0.411104 0.120655 0.999993 -0.001002 0.001322 0.003383
47 882 7.050457 -0.008758 0.131196 0.999983 0.000870 -0.000124 0.005725
207 1038 8.166916 -0.195886 0.151514 0.999909 0.000257 -0.003959 -0.012861
253 1080 8.143951 0.618229 0.136256 0.999817 -0.000663 0.001805 0.019044
224 1031 -9.282074 -0.159010 -0.052255 0.999963 -0.003182 0.005997 0.005176
297 1095 -6.619164 1.439270 -0.170015 0.835620 -0.002815 -0.008277 -0.549239
218 1048 8.187531 -0.025374 0.128122 0.999986 0.001714 0.000184 -0.005013
77 914 7.981155 0.532484 0.136871 0.999664 0.003946 -0.003773 0.025324
27 853 -6.574009 0.031059 -0.084444 0.999998 -0.000345 -0.000046 -0.001746
209 1038 6.779129 -0.165514 0.123290 0.999945 0.000019 -0.003671 -0.009842
226 1033 -9.348328 -0.134537 -0.144672 0.999995 0.000026 0.002135 0.002216
164 995 6.245270 0.001182 0.139091 0.999991 0.000683 -0.000964 -0.003998
5 845 8.967758 0.129806 0.178576 0.999992 0.000346 -0.000457 0.004026
257 1082 6.561157 0.589428 0.131981 0.999865 -0.000851 -0.000329 0.016433
94 917 -8.910515 0.859533 -0.133564 0.999624 0.002572 -0.002925 0.027156
288 1090 -6.031372 1.513397 -0.161313 0.952207 -0.005708 -0.007361 -0.305313
4 832 -7.535575 -0.037411 -0.089165 0.999996 0.002649 -0.000547 0.000335
198 1011 -7.299316 -0.038853 -0.125996 0.999978 0.002829 0.002278 -0.005524
39 874 6.540962 -0.101063 0.103309 0.999994 0.000639 0.000707 0.003247
232 1062 9.243042 0.011855 0.124346 0.999983 0.002393 -0.001015 -0.005267
114 938 -9.603226 1.089672 -0.174120 0.999324 -0.010605 -0.004361 -0.034932
303 1097 -8.050555 2.395691 -0.294907 0.718584 0.004615 -0.013419 -0.695296
155 989 9.181992 -0.027964 0.172313 0.999949 0.002786 -0.000616 -0.009727
29 867 9.500584 -0.108782 0.167113 0.999991 -0.000470 0.001893 -0.003665
88 910 -9.122322 0.304954 -0.135013 0.999804 0.001027 0.001668 0.019706
182 1011 6.094513 0.126814 0.153379 0.999982 -0.000006 -0.000405 0.006016
145 967 -9.124344 0.295132 -0.127471 0.999997 0.001482 -0.001043 0.001484
228 1059 9.778152 -0.084002 0.202394 0.999901 -0.000715 -0.005245 -0.013032
10 848 7.021454 0.110990 0.139350 1.000000 -0.000515 -0.000181 -0.000169
299 1099 -6.292397 -0.851349 -0.116550 0.801232 0.001440 -0.008727 -0.598289
104 929 -7.733154 1.634839 -0.106305 0.999955 -0.004228 -0.002756 -0.008081
258 1084 7.445770 0.629431 0.161727 0.999889 -0.002132 -0.000881 0.014710
36 873 8.844818 -0.132058 0.097059 0.999986 -0.000963 0.004876 0.001537
115 952 7.461746 0.165566 0.134240 0.999981 0.002654 -0.003279 -0.004434
216 1027 -6.430359 -0.167272 -0.069929 0.999950 -0.000118 0.000871 0.009945
72 910 9.498512 0.276404 0.194648 0.999956 0.003636 0.000251 0.008626
102 928 -6.430496 1.663887 -0.085465 0.999974 -0.006309 -0.002143 -0.002629
110 947 7.008347 0.315380 0.118196 0.999702 0.011344 -0.002436 -0.021484
149 984 9.906708 0.200220 0.148443 0.999972 -0.001013 0.001746 -0.007257
245 1074 9.406494 0.479277 0.177761 0.999804 -0.001580 -0.001517 0.019668
123 947 -9.535599 0.369555 -0.087220 0.999761 0.004528 -0.000813 -0.021367
49 872 -8.093018 -0.134399 -0.124245 0.999994 0.002371 0.000845 0.002299
217 1049 9.717529 -0.020813 0.147914 0.999982 0.000928 -0.002479 -0.005471
129 965 8.245331 0.286631 0.155849 0.999981 -0.000215 -0.000797 0.006038
298 1096 -6.658401 1.063568 -0.155532 0.818504 -0.001308 -0.008028 -0.574444
291 1092 -5.913422 1.337967 -0.138643 0.923226 -0.009203 -0.007836 -0.384068
107 933 -6.834534 1.415934 -0.104201 0.999756 0.000571 -0.005173 -0.021483
135 969 6.420578 0.393114 0.130557 0.999981 -0.000623 -0.000780 0.006138
287 1089 -6.329910 1.674774 -0.171101 0.960085 -0.004589 -0.006833 -0.279589
257 1086 9.959473 0.737841 0.202947 0.999843 -0.003779 -0.002538 0.017159
45 869 -7.139023 -0.134216 -0.094350 0.999998 0.001739 -0.000297 -0.001132
223 1050 6.118057 -0.005452 0.049012 0.999985 -0.001627 0.000186 -0.005302
254 1082 9.126526 0.674820 0.143106 0.999785 -0.000444 0.002003 0.020607
301 1098 -7.321884 0.711212 -0.202262 0.761938 0.002077 -0.011193 -0.647550
63 884 -9.640388 -0.126714 -0.145072 0.999962 0.005387 0.000820 0.006807
174 993 -8.148666 -0.061653 -0.161170 0.999989 0.000401 -0.002095 0.004118
174 1006 8.864639 0.145184 0.213667 0.999986 0.001073 0.001271 0.004972
203 1015 -6.921570 -0.098215 -0.112576 0.999989 0.001351 0.004178 0.001659
74 897 -6.897171 0.021639 -0.101896 0.999864 -0.001267 0.004013 0.015937
285 1086 -7.724976 2.286743 -0.216250 0.972076 -0.000033 -0.005161 -0.234611
301 1096 -7.578228 2.268616 -0.254949 0.761558 0.000548 -0.011787 -0.647990
285 1088 -6.259491 1.553123 -0.167336 0.972126 -0.002011 -0.006270 -0.234365
242 1053 -6.993103 -0.085260 -0.107448 0.999879 0.004070 -0.000900 0.014995
173 993 -7.023483 -0.062429 -0.130599 0.999990 0.000285 -0.001756 0.004125
222 1032 -7.027069 -0.116012 -0.053127 0.999983 0.000199 0.005262 0.002633
150 972 -8.294647 0.314469 -0.136517 0.999999 -0.001151 0.000276 -0.000046
225 1054 7.939758 -0.029058 0.088131 0.999964 0.001227 0.001365 -0.008278
303 1095 -8.103571 4.001312 -0.347453 0.717276 0.002648 -0.014209 -0.696639
60 884 -6.093002 0.011119 -0.092406 0.999984 0.005464 0.000389 -0.001467
188 1019 7.857635 0.070684 0.189469 0.999989 -0.001252 0.000782 0.004370
243 1054 -6.976166 -0.086786 -0.103799 0.999875 0.003758 -0.001003 0.015324
186 1015 6.207886 0.083127 0.160408 0.999993 -0.000612 0.001147 0.003670
219 1026 -9.372986 -0.171441 -0.090485 0.999925 -0.000707 0.001942 0.012060
155 987 6.469299 0.016242 0.125973 0.999901 0.002610 0.000414 -0.013786
275 1081 -7.180084 0.908165 -0.116804 0.998307 0.001194 0.001249 -0.058136
20 847 -6.296770 0.044687 -0.081783 1.000000 0.000705 0.000180 -0.000583
249 1075 6.992828 0.502468 0.146629 0.999796 -0.001585 -0.000761 0.020133
212 1040 6.206116 -0.124162 0.121694 0.999986 0.000247 -0.003195 -0.004121
155 976 -8.893112 0.313157 -0.129514 0.999979 -0.000126 -0.001710 -0.006275
55 878 -7.649292 -0.101724 -0.129954 0.999992 -0.000192 -0.000564 0.003886
167 999 7.997253 0.051435 0.171775 0.999999 0.001022 -0.000951 0.000673
301 1099 -7.186211 -0.101715 -0.180523 0.762520 0.002810 -0.011277 -0.646860
258 1087 9.931366 0.734390 0.221629 0.999839 -0.005700 -0.004739 0.016365
228 1055 6.325882 -0.029615 0.128753 0.999948 0.001247 -0.004600 -0.009014
126 950 -9.310745 0.194558 -0.080228 0.999954 0.003689 0.003642 -0.008092
7 833 -9.757420 -0.059286 -0.128703 0.999995 0.002198 0.000362 0.002376
93 932 9.247040 1.772212 0.140430 0.999965 -0.007906 -0.002337 -0.001700
11 837 -9.105759 0.057703 -0.140871 0.999999 0.000186 -0.000532 -0.001631
256 1083 8.285156 0.662411 0.146482 0.999824 -0.000181 0.001300 0.018703
74 895 -9.112793 -0.056436 -0.127792 0.999849 -0.000562 0.005440 0.016494
147 981 8.225510 0.230670 0.146011 0.999954 0.000425 0.000668 -0.009578
62 885 -7.228844 -0.104316 -0.119866 0.999961 0.005816 -0.000593 0.006611
303 1100 -7.968465 0.029541 -0.227491 0.719667 0.007066 -0.013747 -0.694147
263 1070 -9.349854 0.435942 -0.205605 0.999952 -0.000657 -0.005131 -0.008387
255 1063 -9.330841 0.162832 -0.136698 0.999983 0.001512 -0.002456 0.005115
153 985 6.176834 0.107665 0.132653 0.999919 0.001415 0.000429 -0.012675
89 914 -6.065338 0.552954 -0.094167 0.999589 0.001425 -0.004008 0.028340
306 1099 -9.034943 2.376678 -0.423359 0.645452 0.012766 -0.019056 -0.763457
300 1095 -7.487007 2.620636 -0.244686 0.781196 -0.001018 -0.011026 -0.624188
157 977 -9.993790 0.249969 -0.179852 0.999988 0.001815 -0.003412 -0.002914
185 1014 6.220428 0.083743 0.163626 0.999992 -0.000957 0.000154 0.003917
23 848 -8.529924 0.057294 -0.138556 0.999997 0.000705 -0.000518 -0.002307
102 927 -7.572556 1.671228 -0.100880 0.999977 -0.005991 -0.001842 0.002528
260 1068 -8.862427 0.347891 -0.197401 0.999981 0.000514 -0.004046 -0.004577
43 868 -6.018131 -0.175023 -0.087451 0.999993 0.002138 -0.002281 0.001983
39 863 -7.709808 -0.152778 -0.161847 0.999979 0.004088 -0.004224 -0.002771
171 990 -8.847504 -0.081341 -0.155717 0.999988 0.001265 -0.002095 0.004310
299 1095 -7.207481 2.229370 -0.216994 0.799896 -0.001855 -0.009907 -0.600054
218 1025 -9.408966 -0.172654 -0.093640 0.999901 -0.001114 0.001303 0.013968
128 963 6.620895 0.256711 0.127951 0.999963 -0.000082 0.000559 0.008633
124 950 -6.752930 0.257617 -0.043090 0.999938 0.004129 0.003163 -0.009789
279 1083 -7.517029 1.385101 -0.146196 0.993478 0.002872 0.001105 -0.113982
233 1043 -7.480499 -0.176214 -0.084874 0.999906 0.001074 -0.004041 0.013058
120 957 8.055984 0.182567 0.207308 0.999948 0.000769 -0.009517 0.003536
42 878 8.008698 -0.040336 0.157095 0.999986 -0.000597 -0.000750 0.005232
4 831 -8.901304 -0.053578 -0.108416 0.999995 0.002812 -0.000381 0.001582
247 1055 -9.512756 -0.066582 -0.156350 0.999884 -0.000037 -0.002961 0.014953
290 1089 -7.389740 2.674881 -0.202025 0.934902 -0.005278 -0.006982 -0.354798
211 1019 -9.072159 -0.238258 -0.147384 0.999823 -0.000037 0.003413 0.018504
76 897 -9.147285 -0.053595 -0.121788 0.999805 -0.001197 0.005227 0.019027
186 1019 9.638702 0.138684 0.238317 0.999971 -0.001137 0.000398 0.007494
209 1037 6.013016 -0.159709 0.107877 0.999946 -0.000307 -0.003591 -0.009714
294 1090 -7.812180 3.751389 -0.313300 0.884755 -0.009251 -0.012357 -0.465800
136 960 -7.837570 0.143750 -0.102009 0.999990 0.002361 -0.001737 0.003213
264 1091 8.429810 0.523885 0.232871 0.999926 -0.010050 -0.006802 0.000963
215 1022 -9.572357 -0.221241 -0.146041 0.999795 -0.002832 -0.001344 0.019983
263 1091 9.180542 0.569910 0.252049 0.999918 -0.010365 -0.007052 0.002835
127 952 -7.783936 0.143940 -0.090767 0.999985 0.002934 0.001756 -0.004302
248 1056 -9.543518 -0.043739 -0.154113 0.999895 -0.000876 -0.004453 0.013741
152 985 7.447128 0.130259 0.172288 0.999926 0.000012 -0.001236 -0.012086
254 1064 -7.485596 0.171183 -0.098166 0.999984 0.001697 -0.001639 0.005195
22 858 6.057165 0.027374 0.108585 0.999989 0.001028 0.000144 -0.004622
297 1096 -6.292572 0.696747 -0.141826 0.836028 -0.001783 -0.007684 -0.548630
115 953 8.850281 0.186340 0.152290 0.999985 0.002176 -0.004518 -0.002389
295 1094 -6.343384 1.428085 -0.178832 0.868120 -0.007156 -0.009980 -0.496203
118 954 6.415939 0.170011 0.133795 0.999967 0.001306 -0.007613 -0.002433
4 843 7.456853 0.077742 0.148741 0.999997 0.000541 -0.000025 0.002212
112 949 7.141251 0.204407 0.139155 0.999847 0.008529 -0.003145 -0.014967
284 1084 -8.859711 2.646767 -0.246185 0.976985 0.003460 -0.002878 -0.213261
83 907 -6.382721 0.169890 -0.051795 0.999813 -0.001643 0.002575 0.019106
262 1070 -8.556488 0.390332 -0.191332 0.999969 -0.000497 -0.005264 -0.005753
96 919 -9.197205 1.061667 -0.140520 0.999535 0.001581 -0.002725 0.030344
121 947 -6.990768 0.352756 -0.090521 0.999784 0.005146 -0.003751 -0.019794
265 1093 9.328094 0.499681 0.263273 0.999916 -0.011002 -0.006219 -0.002931
174 1004 6.389511 0.121766 0.161656 0.999986 0.001689 0.000239 0.004927
101 925 -8.623177 1.606033 -0.113756 0.999907 -0.005434 -0.001790 0.012379
277 1080 -9.149536 1.424805 -0.146585 0.996406 0.002815 0.001625 -0.084645
228 1058 8.882614 -0.062708 0.183077 0.999914 -0.000199 -0.006261 -0.011559
84 923 9.641029 1.459619 0.105916 0.998951 -0.008044 0.001014 0.045060
293 1091 -7.134689 2.694504 -0.252846 0.898720 -0.011364 -0.011998 -0.438212
219 1047 6.694382 -0.025130 0.111876 0.999990 0.002310 0.003024 -0.002510
212 1020 -9.004959 -0.245025 -0.150383 0.999803 -0.000915 0.001801 0.019724
253 1064 -6.675995 0.166542 -0.086228 0.999980 0.001128 -0.001750 0.005941
168 989 -6.695343 -0.072134 -0.110916 0.999984 0.001698 -0.002361 0.004876
227 1057 8.842377 -0.070972 0.185847 0.999914 0.001115 -0.007403 -0.010811
220 1051 9.193268 -0.021327 0.127047 0.999970 0.000457 -0.001452 -0.007532
261 1086 6.653839 0.563951 0.167901 0.999945 -0.005156 -0.004593 0.007907
79 901 -8.294113 -0.000032 -0.146161 0.999857 0.000095 -0.001738 0.016799
270 1097 9.070953 0.173846 0.210968 0.999866 -0.008408 0.000912 -0.014010
19 846 -6.428850 0.066504 -0.088322 1.000000 0.000027 -0.000612 -0.000740
291 1087 -8.843231 4.222946 -0.287490 0.924439 -0.004833 -0.008042 -0.381214
26 851 -8.089621 0.044432 -0.115969 0.999997 -0.000146 0.000047 -0.002206
135 970 7.834824 0.395059 0.156164 0.999979 -0.000692 -0.000056 0.006431
275 1097 6.020447 -0.493855 0.136133 0.998428 -0.005854 0.001717 -0.055720
139 962 -8.773499 0.193952 -0.111501 0.999993 0.002249 0.000587 0.003101
214 1046 9.523407 -0.040770 0.197503 0.999993 0.001432 0.000107 -0.003482
47 883 8.301239 0.008848 0.153744 0.999981 0.001066 -0.000059 0.006089
236 1065 8.633301 0.107836 0.152007 0.999996 0.002170 -0.001898 0.000584
271 1095 6.858551 0.139818 0.159052 0.999734 -0.009304 -0.000454 -0.021106
137 961 -7.631577 0.194585 -0.093649 0.999997 0.001729 -0.000769 0.001164
156 989 7.924438 0.016447 0.159243 0.999976 0.002829 -0.001284 -0.006195
85 909 -6.605423 0.237135 -0.059001 0.999776 0.000044 0.003939 0.020814
90 914 -7.269997 0.561408 -0.108806 0.999626 0.001822 -0.003938 0.027002
288 1089 -6.708847 1.984070 -0.189318 0.952515 -0.004871 -0.007351 -0.304362
296 1092 -7.412750 3.229858 -0.251236 0.852653 -0.005700 -0.010778 -0.522335
65 887 -8.266724 -0.105712 -0.081029 0.999900 0.002393 0.002899 0.013660
24 848 -9.721561 0.045191 -0.163376 0.999998 0.000447 -0.000721 -0.001809
73 895 -7.971733 -0.065534 -0.121018 0.999858 -0.000775 0.004495 0.016238
50 872 -9.323723 -0.141902 -0.142109 0.999993 0.002617 0.000976 0.002347
54 876 -8.976246 -0.138161 -0.144152 0.999996 0.000243 -0.000445 0.002671
89 926 7.098640 1.686773 0.100371 0.999428 -0.010736 -0.000652 0.032071
125 962 8.939346 0.176456 0.167292 0.999996 -0.000015 0.000259 0.002890
209 1040 8.312698 -0.200660 0.155969 0.999948 -0.000146 -0.003370 -0.009624
299 1094 -7.432770 2.998352 -0.247178 0.799358 -0.003008 -0.010416 -0.600757
160 980 -9.471512 0.181591 -0.162358 0.999979 0.001301 -0.000109 -0.006347
270 1095 7.464417 0.217183 0.181695 0.999831 -0.009313 -0.001050 -0.015836
206 1036 7.363266 -0.184640 0.135386 0.999904 -0.000110 -0.002787 -0.013574
118 944 -7.122650 0.562827 -0.116153 0.999549 -0.002054 -0.004039 -0.029683
305 1095 -8.369737 5.037903 -0.451525 0.669078 0.007068 -0.017909 -0.742943
217 1046 7.351318 -0.007987 0.123111 0.999995 0.001193 0.002843 -0.000390
227 1056 7.979370 -0.055928 0.168268 0.999926 0.001431 -0.006632 -0.010064
25 861 6.423788 -0.040503 0.132379 0.999984 0.000434 -0.000210 -0.005605
164 986 -6.019440 0.017317 -0.099909 0.999989 0.001295 -0.000509 -0.004400
10 836 -9.278822 0.037590 -0.149246 0.999999 -0.000038 -0.000950 -0.001219
171 1002 7.252136 0.057841 0.164980 0.999996 0.001452 -0.000706 0.002460
221 1049 6.794098 -0.019758 0.093949 0.999984 0.001486 -0.001646 -0.005150
11 839 -6.398058 0.049867 -0.091540 0.999999 0.000231 -0.000723 -0.000691
302 1099 -7.583206 0.354370 -0.202609 0.741085 0.004408 -0.011717 -0.671295
148 981 6.977325 0.239724 0.111625 0.999973 -0.000112 0.001397 -0.007260
270 1079 -6.018494 0.519130 -0.087080 0.999837 -0.001372 0.001023 -0.017989
212 1019 -9.792297 -0.276186 -0.164156 0.999789 -0.000171 0.003056 0.020300
37 860 -9.259140 -0.084512 -0.162483 0.999978 0.002705 -0.001763 -0.005747
82 903 -9.579483 -0.009161 -0.121501 0.999839 -0.002646 0.001130 0.017737
204 1037 9.498032 -0.267598 0.162625 0.999839 0.001080 -0.003206 -0.017608
225 1053 7.094238 -0.003991 0.078245 0.999971 0.000857 0.001700 -0.007381
229 1038 -8.021515 -0.129149 -0.095757 0.999988 -0.000097 -0.000759 0.004928
79 915 6.729965 0.617065 0.139413 0.999610 0.003169 -0.004690 0.027363
273 1097 7.212830 -0.178312 0.161043 0.999372 -0.007923 0.001468 -0.034524
207 1018 -7.095917 -0.152416 -0.129049 0.999934 0.000355 0.003386 0.010941
274 1099 8.224823 -0.469486 0.172425 0.999004 -0.005702 0.002286 -0.044201
96 933 6.767220 1.609888 0.117776 0.999906 -0.007360 -0.002590 -0.011321
27 864 7.997658 -0.060871 0.145093 0.999992 0.001475 0.001790 -0.003140
72 895 -6.779823 -0.036467 -0.092836 0.999884 -0.001248 0.004912 0.014354
272 1097 7.826691 -0.033842 0.170641 0.999631 -0.008377 0.001795 -0.025789
71 906 6.373688 0.155574 0.126184 0.999989 0.000403 -0.000510 0.004660
299 1097 -6.751579 0.688995 -0.162329 0.801020 0.000003 -0.008862 -0.598571
189 1018 6.196579 0.024126 0.153106 0.999995 -0.000209 0.001767 0.002558
153 986 7.574722 0.086549 0.154139 0.999913 0.001910 0.000178 -0.013080
196 1025 6.211227 -0.059391 0.145571 0.999949 0.000080 -0.002968 -0.009631
59 881 -8.603542 0.022834 -0.139153 0.999992 0.003868 0.000069 -0.000983
229 1036 -9.535080 -0.147154 -0.115763 0.999982 -0.000510 0.000384 0.005915
217 1028 -6.399643 -0.157734 -0.056337 0.999962 -0.000346 0.001754 0.008508
204 1014 -8.541550 -0.140235 -0.145504 0.999992 0.001253 0.003138 0.002036
57 894 9.663628 0.038966 0.185073 0.999998 -0.001943 -0.000704 -0.000226
213 1043 7.834656 -0.082438 0.170231 0.999972 0.002768 -0.006453 -0.002540
160 994 9.780045 -0.075649 0.211757 0.999937 0.001646 -0.000788 -0.011104
97 934 6.764511 1.544222 0.120710 0.999823 -0.006940 -0.002062 -0.017351
189 1005 -7.214554 0.111884 -0.146199 0.999925 0.001753 0.000953 -0.012033
225 1036 -6.326126 -0.101340 -0.064348 0.999989 -0.002855 0.001629 0.003299
102 940 7.975021 0.966644 0.111602 0.999193 -0.005843 -0.001760 -0.039691
83 920 7.507324 1.102171 0.110280 0.998799 -0.001665 0.001679 0.048940
255 1065 -7.489990 0.178743 -0.105534 0.999985 0.002675 -0.001814 0.004316
289 1089 -7.041443 2.301086 -0.194608 0.944161 -0.004567 -0.007184 -0.329373
273 1098 7.994568 -0.230104 0.173118 0.999355 -0.007452 0.002000 -0.035083
38 861 -9.174999 -0.131624 -0.181061 0.999985 0.002667 -0.003201 -0.003611
259 1066 -9.906830 0.315005 -0.221679 0.999979 0.001100 -0.005058 -0.003842
182 1013 8.151962 0.181312 0.203192 0.999973 -0.001245 -0.000449 0.007211
147 970 -7.340393 0.373095 -0.094952 0.999998 0.000954 0.000617 -0.001945
188 1003 -8.863556 0.147861 -0.190452 0.999934 0.000952 -0.001542 -0.011304
1 840 6.969136 0.058265 0.139414 0.999996 0.001588 -0.000349 0.002391
209 1041 9.097717 -0.207716 0.172083 0.999952 -0.000243 -0.004143 -0.008861
83 919 6.412384 0.978096 0.101021 0.998909 0.000072 0.001013 0.046692
142 977 8.913574 0.387595 0.176769 0.999997 0.000355 -0.001845 -0.001356
246 1057 -6.967010 -0.009943 -0.113311 0.999895 -0.001177 -0.004980 0.013546
279 1084 -6.684296 1.193840 -0.130548 0.993465 0.002455 0.001181 -0.114106
88 911 -8.063629 0.360975 -0.120792 0.999733 0.002016 0.000628 0.023002
122 946 -9.622284 0.434222 -0.112839 0.999692 0.003477 -0.002594 -0.024439
175 994 -7.886795 -0.051002 -0.148046 0.999998 0.000446 -0.001606 0.001056
151 973 -8.129929 0.310773 -0.163976 0.999994 -0.002638 -0.002204 -0.000889
38 863 -6.524570 -0.146836 -0.118230 0.999983 0.003523 -0.002602 -0.003754
191 1021 6.952499 -0.008914 0.160841 0.999997 -0.001363 -0.001804 -0.000766
29 865 6.896427 -0.100831 0.134537 0.999987 0.001374 0.001426 -0.004755
48 885 9.527084 0.012683 0.182102 0.999977 0.000906 -0.000144 0.006667
3 842 7.316152 0.065439 0.146283 1.000000 0.000886 0.000008 0.000200
243 1071 8.362061 0.340990 0.147413 0.999885 0.002663 -0.001761 0.014843
32 856 -8.578579 0.012589 -0.137154 0.999987 -0.000716 0.000073 -0.005064
43 867 -7.317673 -0.184594 -0.118769 0.999988 0.002174 -0.003931 0.001752
174 994 -6.790665 -0.048426 -0.132055 0.999997 0.000287 -0.002220 0.001466
111 936 -8.250801 1.277220 -0.136024 0.999494 -0.004837 -0.004377 -0.031126
289 1086 -8.990356 3.832901 -0.276025 0.943844 -0.001319 -0.006377 -0.330326
153 975 -7.813843 0.319829 -0.126744 0.999982 -0.001076 -0.001491 -0.005675
80 918 8.768211 0.855492 0.198834 0.999198 0.001905 -0.003730 0.039813
162 984 -6.348434 0.049868 -0.089789 0.999986 0.000613 -0.000236 -0.005226
224 1052 7.041168 0.009330 0.050646 0.999977 -0.001265 0.002662 -0.006151
58 893 7.273186 0.035700 0.153157 0.999997 0.000600 -0.001222 -0.001881
269 1094 7.329407 0.306954 0.190695 0.999864 -0.010377 -0.003074 -0.012427
81 903 -8.420479 0.004020 -0.136619 0.999843 -0.001900 -0.000626 0.017625
59 883 -6.112663 0.012275 -0.090766 0.999989 0.004569 -0.000296 -0.000771
180 1011 8.110886 0.180519 0.184309 0.999949 -0.000029 0.000838 0.010051
31 868 8.394043 -0.139123 0.146645 0.999984 -0.000855 0.003387 -0.004562
143 967 -6.610870 0.284976 -0.097433 0.999995 0.000444 -0.001670 0.002847
59 894 7.277641 -0.045719 0.151910 0.999979 0.000125 -0.001084 -0.006437
274 1079 -8.417267 0.935743 -0.137356 0.998822 0.000218 0.001265 -0.048510
32 868 7.176880 -0.150494 0.126536 0.999982 -0.001151 0.003094 -0.004944
199 1010 -9.074387 -0.030794 -0.151832 0.999963 0.003765 0.002817 -0.007264
192 1005 -9.645645 0.179503 -0.200819 0.999856 0.003532 0.001134 -0.016577
223 1051 6.940750 -0.003073 0.057839 0.999981 -0.001515 0.000986 -0.005869
39 862 -9.034397 -0.149896 -0.196953 0.999976 0.003691 -0.004691 -0.003554
103 940 6.748306 0.973674 0.094526 0.999252 -0.004896 -0.001780 -0.038328
81 917 6.571915 0.778199 0.142478 0.999298 0.001659 -0.002710 0.037337
108 934 -6.862877 1.377620 -0.107114 0.999677 -0.000434 -0.004772 -0.024969
21 847 -7.480288 0.052172 -0.097268 0.999999 0.001007 0.000651 -0.001050
304 1094 -8.227646 5.302917 -0.427060 0.693130 0.003615 -0.016407 -0.720617
23 860 7.519915 -0.017601 0.150580 0.999982 0.000829 -0.000446 -0.005866
143 978 9.069611 0.376953 0.184642 0.999982 0.000520 -0.000028 -0.005984
259 1086 8.303497 0.648952 0.193976 0.999901 -0.004606 -0.004220 0.012627
267 1091 6.234711 0.418785 0.178019 0.999906 -0.010840 -0.006406 -0.005368
187 1020 9.518127 0.105536 0.232733 0.999985 -0.002008 -0.000710 0.005024
265 1074 -7.189789 0.452730 -0.141910 0.999959 -0.002630 -0.004305 -0.007493
65 888 -7.048622 -0.059057 -0.064321 0.999906 0.001214 0.002945 0.013328
154 988 9.086227 -0.025131 0.167608 0.999915 0.002923 -0.000319 -0.012730
221 1051 8.431183 -0.016804 0.113666 0.999976 0.000878 -0.001182 -0.006742
90 915 -6.207909 0.627769 -0.089662 0.999620 0.001683 -0.003446 0.027307
260 1086 7.462280 0.597579 0.180036 0.999929 -0.005042 -0.004303 0.009865
200 1013 -6.675140 -0.046077 -0.108204 0.999990 0.001606 0.002574 -0.003391
268 1092 6.359680 0.381816 0.177909 0.999889 -0.010938 -0.005831 -0.008214
116 940 -9.683701 0.911087 -0.156318 0.999256 -0.011508 -0.005959 -0.036321
283 1087 -6.142670 1.391235 -0.159545 0.981706 -0.000528 -0.005128 -0.190337
230 1040 -7.300552 -0.178200 -0.038095 0.999966 0.000593 0.001910 0.008012
30 856 -6.160210 -0.018160 -0.088818 0.999996 -0.000574 0.000675 -0.002670
11 838 -7.731180 0.058298 -0.119200 0.999999 0.000149 -0.000577 -0.001062
82 921 9.742226 1.200315 0.157329 0.998892 -0.004050 0.000110 0.046887
134 959 -6.765030 0.149078 -0.099905 0.999993 0.001779 -0.003207 0.001051
89 927 8.251389 1.760274 0.115147 0.999524 -0.011383 -0.001174 0.028665
241 1053 -6.153351 -0.054758 -0.099243 0.999899 0.004226 -0.001276 0.013489
269 1097 9.737579 0.260548 0.241802 0.999914 -0.008846 -0.000004 -0.009735
306 1100 -9.161491 1.626953 -0.404085 0.646371 0.013737 -0.019443 -0.762652
255 1080 6.451447 0.575996 0.111913 0.999845 0.000451 0.001468 0.017567
268 1093 7.178986 0.381482 0.198798 0.999884 -0.011276 -0.005126 -0.008895
82 919 7.566803 0.959759 0.133295 0.998981 -0.000275 -0.000359 0.045139
230 1038 -8.834656 -0.197134 -0.054577 0.999968 0.000762 0.001612 0.007794
62 898 8.229416 -0.021489 0.196754 0.999981 0.001408 -0.003716 -0.004794
184 1002 -6.496994 0.092900 -0.135468 0.999976 0.000536 -0.002666 -0.006463
219 1029 -7.090851 -0.127266 -0.061913 0.999979 -0.000598 0.002273 0.006101
159 992 8.284653 -0.034624 0.200077 0.999962 0.002734 -0.001620 -0.008114
95 932 6.815353 1.684592 0.113043 0.999945 -0.007829 -0.003092 -0.006220
90 913 -8.359398 0.489814 -0.129609 0.999680 0.002308 -0.003376 0.024954
103 928 -7.659027 1.631945 -0.102682 0.999982 -0.005362 -0.002199 -0.001266
128 952 -9.048447 0.125464 -0.118605 0.999989 0.003212 0.001378 -0.003114
196 1029 9.261246 -0.150879 0.212453 0.999834 0.000923 -0.002072 -0.018097
77 898 -9.202560 -0.051385 -0.140583 0.999824 -0.001484 0.002285 0.018546
290 1091 -6.165863 1.602814 -0.147760 0.934248 -0.007083 -0.007056 -0.356485
158 992 9.521454 -0.037507 0.227212 0.999959 0.002761 -0.001932 -0.008402
300 1093 -7.842087 4.190552 -0.307589 0.780881 -0.002929 -0.012151 -0.624554
40 864 -7.631905 -0.168795 -0.174034 0.999976 0.004461 -0.005200 -0.001180
46 869 -8.335739 -0.144468 -0.107695 0.999997 0.001645 0.000092 -0.001727
256 1065 -8.325134 0.195717 -0.131170 0.999990 0.002344 -0.002496 0.002947
118 956 9.213272 0.162450 0.207695 0.999951 0.000153 -0.009924 -0.000553
202 1013 -8.113022 -0.081563 -0.135844 0.999995 0.001411 0.002622 -0.001154
9 847 6.866928 0.138700 0.144796 0.999997 0.000159 -0.000478 0.002350
85 924 9.580254 1.561152 0.107517 0.998995 -0.008975 0.000910 0.043909
170 1001 7.095795 0.068409 0.160653 0.999995 0.001576 -0.001394 0.002141
8 846 6.746046 0.161325 0.138854 0.999992 -0.000040 -0.000864 0.003819
171 1003 8.524902 0.088398 0.187363 0.999994 0.001586 0.000228 0.003071
242 1052 -7.815125 -0.107643 -0.122165 0.999871 0.002218 -0.001701 0.015816
173 1003 6.269806 0.104788 0.152362 0.999989 0.001093 -0.000633 0.004417
50 874 -6.745041 -0.106473 -0.106356 0.999993 0.001421 -0.000178 0.003520
275 1082 -6.281494 0.804443 -0.106747 0.998430 0.000924 0.001441 -0.055987
29 854 -7.622187 0.038468 -0.109706 0.999992 -0.000240 0.000129 -0.003890
198 1029 7.797165 -0.138149 0.155296 0.999852 0.001151 -0.000418 -0.017176
120 945 -8.366104 0.477417 -0.133024 0.999603 0.001558 -0.003869 -0.027884
88 912 -7.002106 0.411713 -0.104301 0.999680 0.002224 -0.001199 0.025186
86 924 8.400192 1.556206 0.101103 0.998998 -0.009092 0.000205 0.043818
232 1060 7.443909 0.019213 0.103415 0.999988 0.001348 -0.000824 -0.004731
72 894 -7.952164 -0.098577 -0.106493 0.999850 -0.001488 0.002992 0.017012
255 1082 8.243011 0.647625 0.135241 0.999801 0.000096 0.001561 0.019874
124 949 -8.130096 0.278463 -0.049383 0.999878 0.004919 0.002105 -0.014690
194 1008 -7.631882 0.042862 -0.175113 0.999915 0.002636 0.000126 -0.012785
223 1031 -8.540695 -0.141685 -0.051023 0.999974 -0.002027 0.005577 0.004177
116 942 -7.148651 0.744025 -0.107906 0.999372 -0.006942 -0.005037 -0.034373
219 1028 -7.856766 -0.146258 -0.068153 0.999966 -0.000734 0.002127 0.007971
276 1079 -9.535614 1.321064 -0.152011 0.997393 0.001998 0.001785 -0.072110
9 835 -9.452318 -0.008007 -0.150391 0.999995 0.000788 -0.000937 0.003061
4 833 -6.164708 -0.032655 -0.071335 0.999997 0.002239 0.000170 0.000672
12 838 -8.906507 0.080673 -0.143544 0.999998 0.000441 -0.000790 -0.001961
13 851 7.465155 0.106798 0.137498 0.999998 0.000467 -0.000195 -0.001607
214 1025 -6.512329 -0.130894 -0.105518 0.999926 -0.000806 -0.001739 0.012011
282 1085 -7.266113 1.691277 -0.182328 0.985398 0.001938 -0.002242 -0.170243
164 996 7.576416 -0.013611 0.163072 0.999985 0.000835 -0.001298 -0.005223
49 871 -9.379623 -0.147702 -0.142336 0.999995 0.002173 0.001582 0.001539
41 878 9.213047 -0.048679 0.191444 0.999990 -0.000236 -0.001627 0.004172
8 835 -8.228505 -0.020431 -0.126933 0.999990 0.001189 -0.000785 0.004225
157 991 9.431076 -0.009607 0.207221 0.999961 0.003147 -0.001175 -0.008163
204 1033 6.542007 -0.180353 0.114655 0.999842 0.001470 0.001446 -0.017637
214 1042 6.383835 -0.095164 0.138419 0.999980 0.000810 -0.005800 -0.002324
168 1000 8.157043 0.070449 0.175585 0.999998 0.000779 -0.001208 0.001189
71 909 9.618134 0.194534 0.178897 0.999978 0.002626 0.001242 0.005896
15 840 -9.815113 0.030509 -0.158269 0.999999 0.000949 -0.001242 0.000531
197 1030 9.287384 -0.179935 0.192024 0.999808 0.001068 -0.000835 -0.019567
190 1020 6.951965 0.016095 0.157528 0.999999 -0.001260 0.000212 0.000440
46 870 -7.056564 -0.157374 -0.088506 0.999997 0.001410 0.001969 -0.000249
250 1060 -7.791992 0.061934 -0.116479 0.999945 -0.002298 -0.003202 0.009720
208 1020 -6.209122 -0.129587 -0.114692 0.999920 -0.001212 0.001508 0.012497
15 841 -8.442636 0.027090 -0.131639 0.999999 0.000903 -0.000752 -0.000350
83 922 9.705383 1.340086 0.126269 0.998841 -0.006046 0.000825 0.047748
210 1020 -7.592255 -0.179151 -0.128194 0.999866 -0.000920 0.001872 0.016218
93 931 8.051537 1.756402 0.124864 0.999961 -0.008324 -0.002465 0.001665
29 855 -6.287437 0.021675 -0.085826 0.999990 0.000283 0.000821 -0.004390
175 1006 7.769043 0.129656 0.178493 0.999987 0.001235 0.001884 0.004562
207 1017 -7.938828 -0.167645 -0.144120 0.999945 0.000006 0.003600 0.009858
190 1019 6.164047 0.015303 0.141223 0.999998 -0.000494 0.001453 0.001017
17 844 -6.749464 0.028469 -0.097179 1.000000 -0.000133 -0.000585 -0.000496
232 1041 -8.147781 -0.229476 -0.074383 0.999925 0.000645 -0.000333 0.012246
277 1100 7.172852 -1.198116 0.135264 0.996742 -0.002178 0.003528 -0.080545
232 1043 -6.617920 -0.168223 -0.051218 0.999922 0.003163 -0.002439 0.011859
237 1045 -9.212555 -0.201589 -0.098208 0.999847 -0.000101 0.000888 0.017495
27 852 -7.930189 0.027113 -0.109722 0.999999 -0.000213 0.000079 -0.001475
240 1048 -9.452103 -0.189060 -0.151471 0.999840 0.001764 -0.001423 0.017762
61 896 7.195938 -0.039327 0.163084 0.999972 0.001147 0.000922 -0.007316
242 1054 -6.147339 -0.072565 -0.093132 0.999890 0.004450 -0.001223 0.014098
15 852 6.422516 0.111365 0.128194 1.000000 0.000044 -0.000835 -0.000097
253 1081 9.031464 0.659157 0.148996 0.999814 -0.000734 0.001724 0.019199
206 1016 -8.094315 -0.167668 -0.144584 0.999967 0.000241 0.003675 0.007176
182 1014 9.127991 0.183320 0.227824 0.999967 -0.001390 0.000179 0.008015
227 1038 -6.433182 -0.100238 -0.131950 0.999986 -0.000390 -0.004657 0.002450
252 1081 9.892914 0.686829 0.166324 0.999794 -0.001164 0.001615 0.020212
299 1096 -6.975533 1.452118 -0.187848 0.800343 -0.000789 -0.009380 -0.599469
224 1032 -8.508789 -0.146482 -0.050415 0.999961 -0.003142 0.006773 0.004590
242 1071 9.191803 0.317234 0.164960 0.999900 0.003354 -0.001980 0.013616
179 1010 8.086319 0.172393 0.172196 0.999958 0.000921 0.001618 0.008950
176 1008 9.055573 0.173117 0.193042 0.999967 0.001270 0.002205 0.007679
136 971 8.039886 0.435192 0.156799 0.999966 -0.000926 0.000513 0.008168
236 1063 6.792389 0.105639 0.120570 0.999995 0.001004 -0.002536 0.001383
153 976 -6.397888 0.319820 -0.099921 0.999979 -0.000441 -0.002584 -0.005872
138 962 -7.478455 0.204988 -0.090725 0.999992 0.002194 0.000733 0.003132
152 975 -6.542862 0.325197 -0.133798 0.999979 -0.002490 -0.003147 -0.005088
181 998 -8.807098 0.071585 -0.198484 0.999991 -0.000462 -0.003489 -0.002301
272 1099 9.432648 -0.112170 0.188408 0.999646 -0.007279 0.002739 -0.025459
19 857 8.313602 0.056965 0.157433 0.999994 0.000702 -0.000060 -0.003436
166 998 7.864471 0.006550 0.170043 0.999996 0.001407 -0.001170 -0.002003
68 905 8.779800 0.057310 0.219577 0.999988 0.001451 -0.004673 -0.000549
134 969 7.678513 0.389165 0.160240 0.999980 -0.001109 -0.001420 0.006028
31 855 -8.693401 0.033877 -0.127875 0.999985 -0.000079 0.000663 -0.005512
59 880 -9.851910 0.032358 -0.157862 0.999994 0.003357 0.000278 -0.000322
57 893 8.481064 0.068804 0.166447 0.999999 -0.000990 -0.000976 0.000422
237 1048 -6.873520 -0.104272 -0.074906 0.999909 0.000718 0.000605 0.013421
116 953 7.545807 0.169635 0.124815 0.999984 0.001108 -0.004372 -0.003435
59 895 8.451447 -0.038693 0.175260 0.999958 0.000420 0.000834 -0.009091
196 1010 -6.894852 -0.010639 -0.141645 0.999959 0.003188 0.000767 -0.008473
294 1094 -5.964935 1.074799 -0.162694 0.883265 -0.010239 -0.010601 -0.468643
35 871 7.472866 -0.125567 0.109706 0.999979 -0.001056 0.006407 0.000438
25 862 7.749655 -0.055438 0.156500 0.999978 0.000887 -0.000081 -0.006531
132 968 8.756882 0.322289 0.178849 0.999978 -0.001708 -0.002626 0.005901
100 925 -7.382011 1.602758 -0.100974 0.999893 -0.006553 -0.001761 0.012961
62 899 9.271461 -0.045605 0.227062 0.999954 0.002005 -0.006423 -0.006847
188 1018 7.059570 0.049742 0.173022 0.999992 -0.000607 0.001562 0.003534
16 841 -9.623796 0.026364 -0.154063 0.999999 0.000541 -0.000895 -0.000974
207 1019 -6.298203 -0.119687 -0.115475 0.999927 -0.000283 0.002601 0.011778
287 1086 -8.428162 2.994843 -0.250301 0.959818 -0.001388 -0.005858 -0.280559
270 1098 9.854126 0.154191 0.223667 0.999861 -0.007947 0.001453 -0.014570
85 907 -8.742905 0.157641 -0.079902 0.999798 -0.001410 0.002850 0.019863
289 1090 -6.389709 1.795334 -0.166919 0.943828 -0.005404 -0.007172 -0.330315
6 844 6.418128 0.110880 0.121275 0.999991 0.000111 0.000084 0.004252
204 1013 -9.517685 -0.130448 -0.164313 0.999995 0.001392 0.002511 0.001230
50 873 -8.043320 -0.132286 -0.125260 0.999992 0.001820 0.000183 0.003517
252 1080 9.005524 0.644091 0.153413 0.999797 -0.001093 0.001696 0.020058
223 1053 8.605057 -0.021718 0.074011 0.999962 0.001757 0.003010 -0.007982
302 1100 -7.507996 -0.402008 -0.178518 0.741897 0.005428 -0.011959 -0.670385
208 1039 8.238678 -0.204385 0.151521 0.999927 0.000536 -0.003646 -0.011561
204 1035 8.015594 -0.222581 0.140968 0.999833 0.001601 -0.000381 -0.018181
229 1040 -6.487427 -0.118976 -0.072011 0.999987 -0.000266 -0.000460 0.005146
299 1098 -6.527870 -0.061523 -0.137210 0.800693 0.000702 -0.008691 -0.599012
140 963 -8.565918 0.243177 -0.122691 0.999992 0.001982 0.000773 0.003352
195 1024 6.178024 -0.046252 0.156166 0.999958 -0.000974 -0.004546 -0.007922
70 908 9.683258 0.166126 0.191941 0.999996 0.002126 0.000331 0.002039
286 1087 -7.354538 2.224701 -0.207921 0.966583 -0.002025 -0.006377 -0.256268
119 943 -9.704269 0.649679 -0.169034 0.999495 -0.003277 -0.005840 -0.031064
176 996 -6.263321 -0.020509 -0.112895 0.999997 0.000554 -0.001771 0.001570
42 867 -6.127224 -0.176498 -0.106899 0.999988 0.001743 -0.004544 0.000615
294 1092 -6.889709 2.413040 -0.238550 0.883755 -0.010881 -0.012160 -0.467665
215 1044 7.230347 -0.070439 0.152580 0.999981 0.003411 -0.004966 -0.001390
260 1087 8.279907 0.619138 0.202847 0.999908 -0.006047 -0.005516 0.010870
221 1028 -9.323273 -0.166862 -0.083710 0.999958 0.000222 0.002579 0.008832
273 1077 -9.687653 0.908891 -0.149737 0.999215 -0.000979 0.001328 -0.039591
40 876 7.876831 -0.072368 0.149345 0.999995 0.000231 -0.001561 0.002588
279 1100 6.001038 -1.678783 0.125638 0.993659 -0.001834 0.002631 -0.112392
281 1085 -6.800079 1.431541 -0.159962 0.988642 0.001424 -0.001397 -0.150280
9 837 -6.715450 0.021588 -0.103838 0.999999 0.000545 -0.000940 0.001316
216 1044 6.523956 -0.060268 0.127283 0.999985 0.003767 -0.003845 0.000165
108 945 6.888489 0.460114 0.125386 0.999502 0.009231 -0.001956 -0.030107
224 1055 9.541870 -0.035346 0.068922 0.999959 -0.000089 0.001709 -0.008855
94 931 6.831619 1.716368 0.112319 0.999961 -0.008303 -0.002974 -0.000949
163 983 -8.951035 0.052364 -0.142673 0.999994 -0.000086 -0.001352 -0.003104
101 938 6.738724 1.179172 0.106323 0.999314 -0.007495 0.000280 -0.036253
168 987 -9.407959 -0.107242 -0.166899 0.999997 0.001514 -0.001338 0.000815
201 1011 -9.433441 -0.091522 -0.158620 0.999989 0.002589 0.002589 -0.002991
222 1049 6.043915 -0.020116 0.069537 0.999985 0.001286 -0.000549 -0.005249
242 1070 8.272003 0.289995 0.149443 0.999906 0.003912 -0.001794 0.013006
142 965 -8.187531 0.298597 -0.126750 0.999991 0.001614 -0.000441 0.004031
190 1004 -9.311920 0.174151 -0.185593 0.999897 0.002196 0.000335 -0.014143
206 1035 6.627548 -0.177041 0.125557 0.999887 0.000470 -0.001030 -0.015008
203 1032 6.510742 -0.165322 0.116497 0.999849 0.000950 0.001458 -0.017276
105 942 6.778687 0.768764 0.095687 0.999310 0.000646 -0.001766 -0.037095
183 999 -9.485077 0.144464 -0.212543 0.999974 -0.000398 -0.003128 -0.006436
45 868 -8.436954 -0.142106 -0.121287 0.999995 0.002300 -0.001983 -0.000283
207 1036 6.653824 -0.160024 0.121830 0.999925 -0.000138 -0.002809 -0.011875
270 1075 -9.686218 0.634173 -0.143897 0.999801 -0.001614 -0.000195 -0.019886
89 928 9.392296 1.812747 0.128467 0.999654 -0.011696 -0.001512 0.023511
91 916 -6.359863 0.721183 -0.080947 0.999588 0.002285 -0.002262 0.028504
234 1044 -7.481476 -0.168114 -0.102111 0.999894 0.000966 -0.004249 0.013847
122 947 -8.268005 0.360093 -0.094297 0.999769 0.004794 -0.002653 -0.020769
199 1031 8.589935 -0.185288 0.159112 0.999788 0.001501 0.000643 -0.020532
119 956 7.917877 0.166553 0.201880 0.999942 0.001149 -0.010651 -0.000476
165 996 6.381149 -0.003084 0.140930 0.999984 0.001203 -0.001539 -0.005284
277 1082 -7.380798 1.130772 -0.124645 0.996599 0.002472 0.001748 -0.082346
180 1012 9.127365 0.217984 0.207578 0.999939 -0.000283 0.000633 0.010978
250 1077 7.922241 0.564878 0.152648 0.999787 -0.001819 0.000958 0.020521
60 881 -9.795803 0.024046 -0.158834 0.999989 0.004410 0.000053 -0.001329
211 1043 9.242844 -0.137061 0.175426 0.999964 0.002750 -0.005759 -0.005535
158 980 -7.003250 0.192493 -0.130721 0.999975 0.002024 -0.001120 -0.006624
1 842 9.717914 0.069463 0.180563 0.999999 0.001015 0.000447 0.000286
119 945 -7.094025 0.463651 -0.115548 0.999598 0.001515 -0.004567 -0.027935
115 939 -9.617188 0.984285 -0.158416 0.999321 -0.011160 -0.004159 -0.034883
13 850 6.120031 0.097958 0.117382 0.999999 0.000625 -0.000488 -0.000955
42 865 -8.730717 -0.190613 -0.173041 0.999981 0.003595 -0.005000 -0.000464
3 832 -6.338760 -0.030288 -0.070659 0.999995 0.002891 -0.000788 -0.000022
224 1054 8.709076 -0.028716 0.065155 0.999964 0.000969 0.003085 -0.007880
28 853 -7.761696 0.038914 -0.109693 0.999996 -0.000370 -0.000389 -0.002633
11 850 8.486330 0.112284 0.160124 1.000000 -0.000461 -0.000602 -0.000353
226 1057 9.651749 -0.072608 0.168056 0.999923 0.001533 -0.005341 -0.011142
192 1021 6.141281 -0.020995 0.143160 0.999996 -0.000744 -0.001919 -0.001648
256 1082 7.408752 0.621603 0.130719 0.999828 -0.000241 0.000887 0.018502
155 988 7.825989 -0.016173 0.145936 0.999930 0.002536 -0.000289 -0.011539
178 1009 8.003265 0.175292 0.169137 0.999970 0.000661 0.002066 0.007403
222 1051 7.681030 -0.017473 0.085658 0.999976 0.000676 -0.000086 -0.006840
265 1075 -6.215210 0.450301 -0.117434 0.999971 -0.002505 -0.003187 -0.006515
91 915 -7.427376 0.658868 -0.102754 0.999666 0.002412 -0.003272 0.025506
121 957 6.788437 0.189829 0.177364 0.999956 0.001341 -0.008636 0.003515
66 888 -8.230461 -0.077020 -0.110417 0.999902 0.000453 0.001085 0.013939
265 1072 -9.007233 0.475719 -0.186868 0.999937 -0.001503 -0.005150 -0.009906
297 1094 -6.938133 2.174347 -0.199272 0.835127 -0.003936 -0.008858 -0.549972
177 996 -7.349548 -0.023354 -0.132068 0.999998 0.000380 -0.001499 0.001519
200 1033 9.383423 -0.244513 0.168491 0.999750 0.001679 0.001512 -0.022257
278 1082 -7.874573 1.336113 -0.136792 0.995207 0.002934 0.001421 -0.097730
83 904 -9.637901 0.039537 -0.094793 0.999833 -0.002209 0.001401 0.018066
282 1083 -8.874237 2.252762 -0.220423 0.985321 0.003838 -0.001499 -0.170662
133 967 6.031021 0.322353 0.131346 0.999971 -0.000800 -0.002698 0.007167
241 1069 8.177856 0.249620 0.152039 0.999946 0.004433 -0.001492 0.009235
118 943 -8.409302 0.647917 -0.138560 0.999493 -0.004294 -0.005144 -0.031142
173 1005 8.781769 0.146959 0.206448 0.999987 0.001464 0.001658 0.004666
87 926 9.466118 1.738155 0.121791 0.999350 -0.010992 0.000111 0.034345
130 955 -7.393265 0.167363 -0.122357 0.999988 0.002239 -0.004235 -0.001326
70 906 7.515465 0.134511 0.153369 0.999993 0.000819 -0.000939 0.003440
213 1045 9.442459 -0.069578 0.198532 0.999990 0.001286 -0.002437 -0.003464
117 953 6.272079 0.162909 0.108537 0.999980 0.001177 -0.004531 -0.004352
154 976 -7.632004 0.344232 -0.108605 0.999971 0.000259 -0.001739 -0.007467
23 861 8.820005 -0.022469 0.177053 0.999988 0.000851 -0.000462 -0.004743
70 892 -7.987282 -0.090437 -0.084937 0.999904 -0.000338 0.004988 0.012945
290 1087 -8.638687 3.769897 -0.257329 0.934907 -0.003392 -0.007030 -0.354808
58 882 -6.185699 -0.056594 -0.089474 0.999988 0.003894 -0.000203 0.002771
78 915 7.899109 0.605613 0.149230 0.999641 0.003428 -0.003988 0.026262
150 984 8.606339 0.181644 0.157982 0.999965 -0.000645 0.000182 -0.008342
193 1006 -9.200958 0.103112 -0.200824 0.999872 0.002851 0.000603 -0.015731
11 849 7.150940 0.105840 0.136160 1.000000 -0.000262 -0.000139 -0.000463
117 955 9.047302 0.141047 0.172844 0.999962 -0.000012 -0.008538 -0.001797
268 1076 -7.448883 0.497742 -0.130533 0.999910 -0.002629 -0.001239 -0.013121
261 1071 -6.849304 0.364392 -0.151993 0.999979 -0.000460 -0.005381 -0.003487
195 1029 9.992599 -0.162939 0.245214 0.999821 0.000682 -0.002960 -0.018667
244 1071 7.540588 0.351778 0.139583 0.999875 0.001143 -0.001980 0.015646
64 887 -7.096611 -0.068734 -0.078994 0.999920 0.001748 0.002171 0.012330
152 986 8.844971 0.110852 0.198440 0.999921 0.000507 -0.001487 -0.012490
40 877 9.145905 -0.066604 0.176233 0.999992 0.000146 -0.001210 0.003933
103 929 -6.490883 1.635084 -0.083980 0.999963 -0.004970 -0.002220 -0.006639
207 1016 -8.803711 -0.195588 -0.158784 0.999954 0.000201 0.003655 0.008875
161 982 -7.910355 0.109640 -0.128805 0.999986 0.000369 -0.001689 -0.004957
267 1075 -7.665131 0.502132 -0.148021 0.999931 -0.003355 -0.002856 -0.010931
143 976 6.248001 0.376603 0.123368 0.999997 -0.001115 -0.001903 -0.000880
202 1014 -7.136963 -0.096003 -0.117257 0.999994 0.001273 0.003249 -0.000348
261 1069 -8.704285 0.372822 -0.196171 0.999969 0.000486 -0.004544 -0.006361
142 976 7.518433 0.375334 0.146134 0.999997 -0.000913 -0.001927 -0.001340
73 911 9.364540 0.344780 0.198274 0.999891 0.005095 -0.001212 0.013805
142 964 -9.649551 0.268266 -0.149166 0.999996 0.002161 0.000119 0.001646
143 966 -8.045853 0.274072 -0.124228 0.999987 0.000985 -0.000801 0.004926
131 967 8.574036 0.291778 0.165973 0.999987 -0.000890 -0.002138 0.004529
140 975 8.619080 0.402344 0.158301 0.999998 -0.001967 -0.000543 -0.000215
261 1090 9.957001 0.646013 0.264076 0.999908 -0.008732 -0.006720 0.007931
59 893 6.095558 -0.001120 0.132510 0.999982 0.001076 -0.001363 -0.005789
257 1084 8.291504 0.657475 0.167749 0.999863 -0.001214 0.000105 0.016509
5 844 7.611325 0.104922 0.151552 0.999993 0.000168 -0.000387 0.003663
99 937 7.955208 1.330653 0.123083 0.999406 -0.009612 -0.000548 -0.033071
205 1017 -6.534790 -0.116871 -0.111251 0.999971 0.000884 0.003958 0.006423
234 1045 -6.705292 -0.121939 -0.092996 0.999910 -0.001475 -0.001107 0.013296
52 888 8.381062 0.036715 0.169555 0.999983 -0.002576 -0.000684 0.005222
160 992 7.054016 -0.038741 0.162365 0.999965 0.002036 -0.000923 -0.008126
61 884 -7.273865 -0.020594 -0.121548 0.999984 0.005653 0.000013 0.000744
62 883 -9.675140 -0.132357 -0.165004 0.999966 0.005840 -0.000967 0.005718
218 1027 -7.885513 -0.153015 -0.071337 0.999954 -0.000575 0.002023 0.009384
258 1066 -9.094849 0.270415 -0.189515 0.999989 0.000995 -0.004344 -0.001113
172 990 -9.979202 -0.120801 -0.187996 0.999978 0.001103 -0.002538 0.005979
136 970 6.596954 0.404812 0.134670 0.999972 -0.000485 0.000195 0.007529
249 1057 -9.528198 -0.020058 -0.162295 0.999902 -0.000917 -0.005529 0.012874
19 844 -9.156992 0.030546 -0.136684 0.999999 0.000092 -0.000575 -0.001159
297 1092 -7.594589 3.663361 -0.260326 0.835707 -0.004722 -0.010357 -0.549057
245 1056 -7.003662 -0.036459 -0.113881 0.999890 -0.000517 -0.004384 0.014131
163 994 6.126602 -0.008295 0.134527 0.999981 0.001630 -0.000152 -0.005893
138 973 8.332489 0.407062 0.146972 0.999992 -0.001572 0.000987 0.003389
69 907 9.766548 0.116657 0.224757 0.999994 0.001824 -0.001765 0.002072
260 1070 -6.960266 0.345760 -0.152910 0.999986 0.000215 -0.004905 -0.002139
76 899 -6.980087 -0.000917 -0.093801 0.999882 -0.000062 0.000085 0.015351
169 990 -6.505325 -0.071703 -0.110404 0.999985 0.001815 -0.002116 0.004735
131 966 7.139114 0.275978 0.137858 0.999977 -0.000352 -0.001265 0.006608
199 1012 -6.996216 -0.035213 -0.113591 0.999984 0.002911 0.002469 -0.004307
226 1054 7.126083 -0.035169 0.128153 0.999956 0.003762 -0.001692 -0.008456
97 921 -8.226456 1.284044 -0.121657 0.999573 -0.001723 -0.002203 0.029093
144 977 6.393860 0.374395 0.130123 0.999997 0.000582 -0.001404 -0.001696
189 1019 6.994690 0.043495 0.169240 0.999993 -0.000856 0.000988 0.003394
103 941 7.983429 0.891170 0.107932 0.999323 -0.002638 -0.002229 -0.036636
6 833 -8.563418 -0.066498 -0.105359 0.999994 0.002036 0.000592 0.002589
48 883 7.080757 -0.016061 0.139278 0.999983 0.000929 -0.000523 0.005776
133 956 -9.799835 0.140427 -0.175178 0.999982 0.002609 -0.005412 0.000065
167 1000 9.341431 0.053440 0.197879 0.999999 0.001246 -0.001051 -0.000010
268 1077 -6.537384 0.476973 -0.112223 0.999928 -0.002621 -0.001036 -0.011680
141 965 -6.918457 0.307187 -0.104840 0.999991 0.001271 -0.000354 0.004048
210 1043 9.935257 -0.166133 0.191607 0.999952 0.002606 -0.006056 -0.007243
175 1005 6.560760 0.132910 0.152947 0.999988 0.001742 0.001932 0.004249
161 983 -6.529266 0.106666 -0.100858 0.999976 0.000185 -0.001600 -0.006667
4 842 6.119367 0.068184 0.121170 1.000000 0.000643 0.000248 0.000557
95 933 7.993103 1.652638 0.135222 0.999930 -0.007561 -0.002506 -0.008714
112 936 -9.507339 1.283303 -0.172446 0.999490 -0.006292 -0.005242 -0.030854
254 1080 7.335083 0.600536 0.121403 0.999831 -0.000090 0.001910 0.018300
169 988 -9.230988 -0.116773 -0.167641 0.999990 0.001935 -0.002151 0.003496
201 1031 7.170334 -0.160508 0.136740 0.999832 0.000930 0.000546 -0.018289
15 853 7.778631 0.119035 0.155952 0.999999 -0.000088 -0.000960 -0.000368
186 1001 -9.683228 0.145689 -0.218152 0.999951 0.000414 -0.003496 -0.009276
257 1067 -7.294952 0.249242 -0.135124 0.999994 0.001685 -0.002512 0.001788
256 1064 -9.204773 0.188026 -0.147733 0.999990 0.001910 -0.002756 0.003092
24 861 7.628300 -0.017120 0.159294 0.999991 0.000594 -0.000665 -0.004244
120 944 -9.689758 0.578396 -0.160543 0.999555 -0.000997 -0.004037 -0.029549
267 1094 8.686768 0.403148 0.246279 0.999890 -0.011685 -0.004881 -0.007764
248 1058 -7.817535 0.018553 -0.122314 0.999914 -0.001465 -0.004621 0.012151
146 979 6.726410 0.267621 0.129865 0.999961 0.002266 0.002306 -0.008243
75 912 8.132591 0.412563 0.137524 0.999817 0.005634 -0.001027 0.018246
191 1023 8.505249 -0.015519 0.198011 0.999972 -0.002116 -0.004026 -0.005921
224 1035 -6.292770 -0.130349 -0.038889 0.999981 -0.002553 0.005113 0.002262
183 1016 9.964066 0.161124 0.246397 0.999970 -0.001025 0.001653 0.007528
69 891 -8.036552 -0.114332 -0.100131 0.999892 -0.001782 0.004227 0.013965
300 1098 -6.948685 0.292480 -0.163854 0.782025 0.001573 -0.009890 -0.623167
115 940 -8.380646 0.892205 -0.132500 0.999305 -0.010434 -0.006083 -0.035280
166 999 9.180405 0.024254 0.192457 0.999997 0.001090 -0.000930 -0.001893
73 894 -9.143806 -0.132046 -0.135692 0.999818 -0.001012 0.002573 0.018896
86 909 -7.785469 0.234899 -0.088201 0.999780 -0.000057 0.003230 0.020729
60 895 7.259125 -0.049652 0.155993 0.999955 0.000962 0.000825 -0.009438
189 1021 8.573395 0.056170 0.203551 0.999990 -0.002513 -0.002093 0.002902
28 854 -6.413069 0.035685 -0.089107 0.999994 -0.000244 0.000226 -0.003374
214 1023 -8.050140 -0.166557 -0.135693 0.999858 -0.002415 -0.002767 0.016424
185 1003 -6.159668 0.102157 -0.132351 0.999974 0.000911 -0.002045 -0.006882
207 1039 8.937027 -0.214284 0.169684 0.999910 0.000708 -0.003800 -0.012857
258 1085 8.294037 0.664639 0.180306 0.999876 -0.003438 -0.001982 0.015268
35 870 6.162224 -0.136707 0.099322 0.999981 -0.001165 0.005934 -0.001021
158 990 6.811508 0.001365 0.164945 0.999965 0.002965 -0.002887 -0.007200
225 1056 9.602448 -0.050162 0.103893 0.999947 -0.000689 -0.001519 -0.010205
305 1097 -8.531665 3.439453 -0.404092 0.670474 0.009076 -0.017263 -0.741677
214 1044 7.964859 -0.075375 0.172266 0.999974 0.003639 -0.005746 -0.002344
44 867 -8.536316 -0.169978 -0.124630 0.999990 0.002515 -0.003528 0.001010
280 1082 -8.833557 1.854248 -0.185636 0.991283 0.002697 -0.000006 -0.131724
93 916 -8.774773 0.755457 -0.126964 0.999684 0.002552 -0.002986 0.024835
31 856 -7.361692 0.012125 -0.107747 0.999989 -0.000418 0.000366 -0.004683
83 905 -8.547722 0.061098 -0.082366 0.999836 -0.002498 0.001084 0.017908
205 1035 7.322052 -0.199865 0.134619 0.999859 0.001293 -0.000674 -0.016748
153 987 8.964279 0.035442 0.182520 0.999908 0.002301 -0.000460 -0.013382
122 948 -6.947800 0.310093 -0.074748 0.999831 0.005083 -0.002255 -0.017495
291 1091 -6.497589 1.919296 -0.168080 0.923727 -0.008521 -0.007965 -0.382874
221 1030 -7.801987 -0.142890 -0.071243 0.999982 0.000236 0.002900 0.005198
117 954 7.664627 0.161022 0.141555 0.999970 0.001147 -0.006690 -0.003669
42 877 6.751217 -0.056683 0.133666 0.999988 -0.000642 -0.001088 0.004859
122 959 8.393509 0.161973 0.218677 0.999981 0.000480 -0.006163 0.000501
25 849 -9.599014 0.069214 -0.153352 0.999996 0.000282 -0.000487 -0.002650
37 874 8.943657 -0.114414 0.100890 0.999992 0.000160 0.003758 0.001259
48 871 -8.164516 -0.172709 -0.111952 0.999993 0.001863 0.002047 0.002435
275 1098 6.799316 -0.578819 0.147912 0.998398 -0.005372 0.002239 -0.056278
69 890 -9.271446 -0.152661 -0.109877 0.999882 -0.001060 0.003350 0.014946
180 998 -7.785446 0.027101 -0.155691 0.999997 -0.000317 -0.002437 -0.000050
227 1035 -8.682159 -0.128197 -0.174622 0.999996 -0.000253 -0.001746 0.002000
203 1036 9.460724 -0.260706 0.160147 0.999833 0.000928 -0.001962 -0.018175
137 960 -9.117813 0.199865 -0.118018 0.999996 0.002197 -0.001374 0.000361
222 1052 8.523010 -0.022460 0.095467 0.999964 0.002084 0.001183 -0.008119
244 1070 6.620941 0.320744 0.124127 0.999884 0.001701 -0.001794 0.015035
226 1056 8.788712 -0.056989 0.154042 0.999934 0.001851 -0.004571 -0.010395
185 1001 -8.760605 0.129601 -0.196912 0.999962 0.000246 -0.003625 -0.007978
51 875 -6.660770 -0.082776 -0.102114 0.999998 0.001653 -0.000245 0.000398
24 850 -7.059122 0.053299 -0.114922 0.999998 0.000242 -0.001406 -0.001181
247 1058 -6.957245 0.022999 -0.110389 0.999911 -0.001447 -0.004659 0.012413
211 1022 -6.730026 -0.147949 -0.105737 0.999876 -0.002569 -0.001285 0.015462
192 1025 9.231705 -0.066217 0.215196 0.999932 0.000139 -0.003142 -0.011215
72 908 7.379250 0.230673 0.157759 0.999983 0.001375 -0.000156 0.005614
134 968 6.211655 0.335667 0.131110 0.999978 -0.001202 -0.002328 0.006165
221 1032 -6.276566 -0.118144 -0.057458 0.999987 0.000391 0.004164 0.002732
81 905 -6.236618 0.101808 -0.098426 0.999864 -0.002057 -0.002048 0.016236
57 879 -8.727795 -0.113334 -0.130822 0.999986 0.001718 0.000875 0.004897
58 892 6.119003 0.037703 0.124110 0.999995 0.000055 0.000554 -0.003023
113 951 8.602982 0.168363 0.165109 0.999948 0.006296 -0.003068 -0.007360
226 1037 -6.391098 -0.104218 -0.100675 0.999994 -0.000271 -0.002524 0.002252
169 989 -7.875351 -0.087768 -0.136142 0.999980 0.002186 -0.002473 0.005309
201 1033 8.684021 -0.221261 0.156489 0.999784 0.001429 0.001487 -0.020659
296 1094 -6.663406 1.785492 -0.187211 0.852102 -0.004962 -0.009256 -0.523270
179 997 -8.085037 0.032632 -0.155397 0.999997 0.000036 -0.002161 0.000483
228 1037 -8.023163 -0.103740 -0.155309 0.999987 -0.001751 -0.004044 0.002672
194 1025 7.689774 -0.069850 0.193628 0.999936 -0.000108 -0.004029 -0.010512
121 958 8.241180 0.213208 0.217418 0.999956 0.001180 -0.008070 0.004620
41 865 -7.526043 -0.163246 -0.168085 0.999974 0.003956 -0.005879 -0.001521
216 1023 -9.491425 -0.231995 -0.120112 0.999818 -0.002259 -0.000884 0.018945
156 977 -8.757050 0.238240 -0.135145 0.999993 0.001187 -0.002308 -0.002760
271 1096 7.669525 0.111247 0.174438 0.999754 -0.008739 0.000605 -0.020390
125 951 -6.654617 0.237323 -0.054944 0.999958 0.003760 0.003146 -0.007696
300 1097 -7.126114 1.055267 -0.189320 0.782366 0.000869 -0.010040 -0.622738
259 1085 7.483398 0.614207 0.172975 0.999912 -0.003338 -0.002686 0.012536
82 905 -7.395523 0.089154 -0.091074 0.999862 -0.002805 -0.000293 0.016350
167 986 -9.614471 -0.066895 -0.169687 0.999999 0.001582 -0.000549 -0.000083
195 1010 -6.162659 -0.004421 -0.137478 0.999955 0.002939 -0.000119 -0.009042
262 1088 7.505798 0.574944 0.198929 0.999932 -0.007408 -0.006185 0.006512
125 960 6.039886 0.167418 0.120272 0.999999 0.000309 -0.001521 0.000109
290 1090 -6.766327 2.134659 -0.174159 0.934543 -0.006114 -0.006947 -0.355730
266 1075 -6.950195 0.477227 -0.132679 0.999952 -0.002798 -0.003105 -0.008844
286 1088 -6.637070 1.825684 -0.182420 0.966389 -0.002733 -0.006533 -0.256988
44 868 -7.236740 -0.162352 -0.094359 0.999994 0.002480 -0.001878 0.001241
199 1030 7.837997 -0.164529 0.147163 0.999825 0.001373 0.000158 -0.018650
56 878 -8.839981 -0.117737 -0.146204 0.999990 0.000411 -0.000085 0.004540
173 992 -8.391418 -0.080985 -0.157791 0.999988 0.000558 -0.002007 0.004452
177 1008 7.969543 0.168806 0.165467 0.999967 0.001098 0.002478 0.007627
265 1071 -9.926575 0.477255 -0.210145 0.999920 -0.000828 -0.005055 -0.011572
21 848 -6.133699 0.055674 -0.079802 0.999998 0.000949 0.000802 -0.001434
91 930 9.305855 1.836934 0.125207 0.999890 -0.009660 -0.001652 0.011136
301 1094 -7.839985 3.859589 -0.316372 0.760492 -0.001727 -0.012680 -0.649221
47 871 -6.944145 -0.157300 -0.083380 0.999991 0.001997 0.002512 0.002748
229 1037 -8.787567 -0.145979 -0.106705 0.999987 -0.000424 -0.000684 0.005057
267 1092 7.059021 0.412498 0.200574 0.999890 -0.011525 -0.006552 -0.006660
39 864 -6.411274 -0.158771 -0.131298 0.999983 0.004290 -0.003623 -0.001879
107 932 -8.010933 1.478267 -0.132287 0.999803 0.000289 -0.005776 -0.018995
226 1055 7.958786 -0.042824 0.139872 0.999947 0.002709 -0.003064 -0.009439
298 1094 -7.210480 2.578583 -0.212728 0.817562 -0.003495 -0.009133 -0.575758
78 899 -9.303406 -0.038127 -0.153584 0.999852 -0.001212 -0.001125 0.017125
254 1063 -8.446838 0.163931 -0.113122 0.999980 0.000967 -0.002021 0.005850
92 930 8.082130 1.794242 0.109964 0.999904 -0.009590 -0.001858 0.009824
17 842 -9.447343 0.024729 -0.145207 0.999997 0.000199 -0.000005 -0.002273
241 1068 7.210846 0.224834 0.134668 0.999949 0.004349 -0.001297 0.009063
53 876 -7.778461 -0.097383 -0.115259 0.999998 0.000148 0.000127 0.001736
302 1098 -7.665745 1.174438 -0.222611 0.740481 0.003678 -0.011607 -0.671967
240 1052 -6.169189 -0.061060 -0.099640 0.999908 0.001678 -0.002054 0.013293
13 841 -6.035767 0.060868 -0.081688 0.999997 0.001206 -0.000176 -0.001865
266 1072 -9.742096 0.515622 -0.201693 0.999911 -0.001801 -0.005071 -0.012235
110 935 -8.182854 1.295177 -0.116340 0.999656 -0.002104 -0.003971 -0.025851
244 1052 -9.464478 -0.143272 -0.146770 0.999839 0.000007 -0.001699 0.017845
120 946 -7.077042 0.416223 -0.109057 0.999709 0.003285 -0.004589 -0.023445
184 1017 9.856216 0.164492 0.242998 0.999967 -0.001248 0.001580 0.007900
20 859 9.758905 0.023460 0.177606 0.999989 0.000447 0.000244 -0.004725
208 1018 -7.794479 -0.184174 -0.142246 0.999919 0.000178 0.003544 0.012236
98 935 6.755775 1.450740 0.117275 0.999742 -0.007387 -0.001379 -0.021458
141 976 8.787567 0.384637 0.165321 0.999997 -0.001257 -0.001843 -0.001323
241 1067 6.277100 0.211298 0.117416 0.999956 0.004285 -0.001583 0.008143
33 858 -7.096470 -0.058319 -0.116155 0.999989 -0.000588 -0.001155 -0.004635
190 1005 -8.044983 0.151471 -0.160946 0.999893 0.002108 0.001417 -0.014410
109 948 9.582047 0.250985 0.147055 0.999736 0.012930 -0.001691 -0.018920
67 902 6.704048 0.030605 0.177810 0.999989 0.000905 -0.004341 -0.001608
206 1038 8.876221 -0.225645 0.165003 0.999886 0.000284 -0.003938 -0.014560
124 961 8.788742 0.177002 0.172820 0.999998 -0.000132 -0.001316 0.001565
300 1094 -7.664871 3.401917 -0.275212 0.780636 -0.002184 -0.011498 -0.624877
272 1077 -9.090485 0.757653 -0.127052 0.999521 -0.001434 0.001713 -0.030860
38 873 6.428635 -0.145347 0.088177 0.999994 0.000487 0.002696 0.002263
293 1088 -8.668579 4.625168 -0.367886 0.899212 -0.008415 -0.012316 -0.437258
200 1030 7.117996 -0.159127 0.136781 0.999837 0.001051 0.000087 -0.018005
148 982 8.376297 0.210603 0.131164 0.999974 -0.000239 0.000803 -0.007150
119 944 -8.417618 0.564765 -0.144925 0.999550 -0.001038 -0.004736 -0.029601
293 1093 -6.112732 1.408737 -0.177538 0.897853 -0.012023 -0.011048 -0.439992
36 871 6.277527 -0.145100 0.086618 0.999979 -0.000369 0.006400 -0.000400
247 1073 6.802185 0.429874 0.135204 0.999848 -0.001298 -0.002154 0.017257
48 872 -6.877918 -0.157087 -0.095062 0.999992 0.002062 0.001311 0.003195
271 1098 9.247467 0.051610 0.198408 0.999770 -0.007925 0.002042 -0.019841
65 900 6.829903 0.008575 0.124947 0.999990 0.001823 -0.003141 -0.002576
188 1021 9.436310 0.086472 0.224422 0.999986 -0.002906 -0.002301 0.003879
122 958 6.964279 0.191150 0.179914 0.999969 0.000850 -0.006959 0.003651
170 1002 8.424255 0.062529 0.191160 0.999994 0.002094 -0.000742 0.002625
187 1016 6.224243 0.052443 0.161376 0.999995 -0.000751 0.001583 0.002698
266 1073 -8.850342 0.496914 -0.179378 0.999913 -0.002311 -0.004775 -0.012100
81 920 9.820290 1.089190 0.195684 0.998880 -0.001321 -0.001467 0.047272
217 1048 8.910980 -0.010137 0.140388 0.999991 0.001839 -0.000120 -0.003871
197 1027 7.005127 -0.107903 0.151198 0.999902 0.000914 -0.001197 -0.013918
200 1031 7.869949 -0.178909 0.148841 0.999801 0.001178 0.000572 -0.019887
10 850 9.683901 0.127917 0.184900 0.999999 -0.000719 -0.000865 0.000460
64 901 9.083397 0.010229 0.170819 0.999983 0.002089 -0.002913 -0.004523
35 872 8.759609 -0.114981 0.115309 0.999983 -0.000855 0.005673 0.001199
161 993 7.189346 -0.045074 0.159634 0.999975 0.002026 -0.000286 -0.006804
133 969 8.935577 0.409495 0.188743 0.999973 -0.001243 -0.001832 0.006962
92 929 6.918823 1.772881 0.095218 0.999854 -0.010109 -0.001468 0.013693
76 914 9.162811 0.520871 0.150191 0.999691 0.004720 -0.003287 0.024173
245 1053 -9.510986 -0.112379 -0.153830 0.999855 0.000943 -0.001128 0.016959
285 1085 -8.461639 2.648781 -0.238832 0.972061 0.001575 -0.003988 -0.234691
244 1055 -6.964722 -0.067995 -0.106756 0.999881 0.001218 -0.002620 0.015146
238 1048 -7.717422 -0.121449 -0.081966 0.999891 0.001103 0.000780 0.014685
224 1034 -6.998093 -0.132692 -0.045139 0.999974 -0.002416 0.006416 0.001967
220 1029 -7.795380 -0.124389 -0.073707 0.999978 -0.000064 0.002464 0.006170
210 1038 6.085617 -0.135924 0.109903 0.999963 0.000388 -0.003430 -0.007846
177 1007 6.782730 0.147870 0.144518 0.999982 0.000889 0.002381 0.005357
258 1083 6.591858 0.601620 0.142167 0.999888 -0.001709 -0.000903 0.014836
56 890 6.078293 0.054363 0.131389 0.999988 -0.003933 -0.000206 0.003067
29 866 8.205608 -0.092110 0.153115 0.999992 0.000922 0.001374 -0.003612
215 1045 8.007553 -0.047968 0.162906 0.999996 0.001018 -0.001785 -0.001935
88 925 7.152550 1.629134 0.100034 0.999194 -0.010289 -0.000631 0.038805
198 1010 -8.360245 -0.027594 -0.145467 0.999963 0.003428 0.002421 -0.007554
229 1059 9.015488 -0.042119 0.131248 0.999942 0.000562 -0.001862 -0.010652
211 1021 -7.494415 -0.177941 -0.120718 0.999836 -0.001648 0.000308 0.018014
304 1096 -8.281969 3.691254 -0.371943 0.694312 0.005959 -0.015752 -0.719478
183 1012 6.112167 0.109682 0.154257 0.999990 -0.000038 -0.000303 0.004485
59 882 -7.363567 0.011992 -0.113898 0.999990 0.004373 -0.000358 -0.001136
208 1016 -9.502136 -0.231782 -0.171435 0.999941 0.000023 0.003812 0.010170
193 1024 7.704330 -0.047478 0.188997 0.999955 -0.000838 -0.004329 -0.008401
176 995 -7.594528 -0.023814 -0.138149 0.999995 0.000399 -0.001437 0.002795
173 991 -9.727448 -0.093670 -0.187286 0.999987 0.000817 -0.002109 0.004412
217 1026 -7.915787 -0.184525 -0.079807 0.999919 -0.000321 0.001568 0.012597
61 885 -6.039284 -0.019892 -0.096834 0.999984 0.005279 -0.000313 0.001986
46 868 -9.633698 -0.150821 -0.133617 0.999996 0.002206 -0.001595 -0.000878
264 1092 9.254150 0.528016 0.255970 0.999918 -0.010734 -0.006951 -0.000329
247 1074 7.726990 0.471447 0.152650 0.999806 -0.001922 -0.001622 0.019537
50 886 8.326866 0.033797 0.170247 0.999971 0.000112 -0.001236 0.007569
243 1072 9.280334 0.387899 0.164822 0.999860 0.001996 -0.001878 0.016511
300 1100 -6.590485 -1.250763 -0.117791 0.783340 0.003345 -0.010123 -0.621502
305 1096 -8.449719 4.230591 -0.425981 0.669632 0.008209 -0.017606 -0.742439
147 969 -8.754501 0.394922 -0.118610 0.999997 0.001017 -0.000108 -0.002239
84 920 6.343964 1.105831 0.086890 0.998771 -0.001647 0.002326 0.049490
56 879 -7.545193 -0.108718 -0.123479 0.999987 0.000300 -0.000015 0.005041
251 1060 -8.625702 0.091789 -0.123743 0.999961 -0.002186 -0.002818 0.008114
232 1040 -8.932495 -0.255541 -0.084536 0.999934 0.000722 0.000443 0.011484
198 1030 8.551788 -0.170949 0.166898 0.999820 0.001040 -0.000242 -0.018940
165 986 -7.214569 0.029689 -0.128628 0.999988 0.001663 -0.000750 -0.004461
51 886 7.123035 0.011284 0.144172 0.999979 0.000235 -0.001002 0.006463
12 840 -6.217211 0.083542 -0.090167 0.999999 0.000459 -0.000994 -0.001281
75 898 -6.924736 0.002728 -0.095725 0.999863 -0.000654 0.002628 0.016334
190 1006 -6.837692 0.103116 -0.134255 0.999898 0.001600 0.001379 -0.014098
237 1044 -9.988342 -0.254257 -0.104323 0.999832 0.002354 -0.002246 0.018036
189 1020 7.782593 0.048044 0.186274 0.999995 -0.001619 -0.000255 0.002817
271 1079 -6.620697 0.584034 -0.094965 0.999727 -0.001354 0.001578 -0.023263
108 947 9.531418 0.315231 0.162188 0.999678 0.012281 -0.002801 -0.022007
5 833 -7.370203 -0.054779 -0.089226 0.999996 0.002093 0.000119 0.002001
120 958 9.508652 0.206034 0.249899 0.999949 0.000607 -0.008949 0.004640
221 1050 7.608551 -0.017697 0.101238 0.999979 0.000764 -0.001983 -0.006177
87 911 -6.881660 0.363074 -0.098846 0.999720 0.001814 0.001017 0.023555
2 841 7.137918 0.062713 0.145601 0.999998 0.001617 -0.000053 0.001358
10 837 -7.907903 0.044590 -0.125322 0.999999 -0.000071 -0.000795 -0.000818
77 913 6.891510 0.464616 0.116263 0.999714 0.004433 -0.003207 0.023277
269 1075 -9.022156 0.559867 -0.146165 0.999876 -0.002043 -0.001084 -0.015605
64 885 -9.595192 -0.144433 -0.108457 0.999933 0.004359 0.002885 0.010335
63 898 7.052711 0.016916 0.161093 0.999991 0.000599 -0.002648 -0.003350
40 865 -6.336178 -0.171403 -0.134332 0.999976 0.004380 -0.005122 -0.001392
239 1065 6.091553 0.144798 0.104513 0.999982 0.003287 -0.001676 0.004664
212 1041 6.991165 -0.122588 0.137536 0.999986 0.000154 -0.003969 -0.003359
247 1075 8.700409 0.521652 0.171800 0.999788 -0.001825 -0.000502 0.020516
104 930 -6.570076 1.605393 -0.088286 0.999917 -0.003712 -0.003134 -0.011952
30 868 9.596161 -0.105895 0.155850 0.999989 -0.001017 0.003694 -0.002550
184 1001 -7.825012 0.122836 -0.171102 0.999970 0.000013 -0.003314 -0.006947
239 1048 -8.567581 -0.156271 -0.116291 0.999868 0.001410 -0.000310 0.016207
229 1057 7.255722 -0.024318 0.102943 0.999958 0.001363 -0.003498 -0.008340
93 915 -9.842674 0.700994 -0.150317 0.999750 0.002677 -0.003996 0.021837
164 997 8.941315 0.002186 0.190427 0.999990 0.001052 -0.001508 -0.004150
158 991 8.185547 -0.015724 0.197982 0.999958 0.003019 -0.002038 -0.008443
169 1002 9.594177 0.080868 0.211064 0.999994 0.002002 -0.000726 0.002886
157 990 8.056946 0.006713 0.176553 0.999969 0.003094 -0.002024 -0.006920
43 865 -9.921204 -0.204592 -0.181745 0.999982 0.004025 -0.004385 0.000672
85 922 7.343506 1.352069 0.089674 0.998806 -0.005803 0.001090 0.048505
66 901 6.730537 0.016632 0.154911 0.999986 0.002002 -0.004044 -0.002580
292 1088 -8.503784 4.142334 -0.319500 0.912288 -0.007543 -0.010530 -0.409345
207 1040 9.700211 -0.240307 0.185061 0.999913 0.000093 -0.003657 -0.012644
6 845 7.774556 0.137365 0.147018 0.999989 0.000289 0.000014 0.004615
102 941 9.209900 0.880792 0.125045 0.999269 -0.003585 -0.002211 -0.037998
258 1086 9.113983 0.703865 0.200133 0.999865 -0.004702 -0.003520 0.015360
105 930 -7.830452 1.602789 -0.117633 0.999925 -0.003514 -0.003508 -0.011220
273 1080 -6.921722 0.720055 -0.110582 0.999311 -0.000791 0.001221 -0.037095
6 832 -9.934273 -0.076520 -0.122043 0.999995 0.002447 -0.000125 0.002253
66 903 8.914246 -0.022879 0.208860 0.999986 0.001420 -0.003258 -0.003802
151 985 8.709610 0.157962 0.196350 0.999947 -0.000581 -0.001120 -0.010233
8 834 -9.591094 -0.023628 -0.148606 0.999994 0.001978 -0.000153 0.002622
232 1039 -9.696152 -0.266355 -0.093659 0.999936 0.001340 0.000314 0.011268
156 990 9.294525 0.000969 0.181647 0.999974 0.002461 -0.000923 -0.006768
269 1076 -8.106567 0.534127 -0.128681 0.999866 -0.001905 -0.000177 -0.016237
178 996 -8.413681 -0.011820 -0.162146 0.999998 -0.000155 -0.001861 0.000629
235 1065 9.462708 0.089400 0.182114 0.999995 0.001119 -0.003029 -0.000536
150 983 7.207199 0.219976 0.132370 0.999967 -0.001308 -0.000618 -0.007996
238 1049 -6.911011 -0.102177 -0.075849 0.999913 0.000235 -0.001597 0.013088
131 956 -7.257874 0.193319 -0.122888 0.999982 0.002508 -0.004862 -0.002574
143 977 7.643143 0.390161 0.153928 0.999998 0.000154 -0.001820 -0.000896
68 890 -8.090813 -0.129326 -0.113989 0.999906 -0.000570 0.001909 0.013534
236 1043 -9.973038 -0.241449 -0.124084 0.999844 0.001035 -0.004211 0.017125
178 1010 9.121948 0.199161 0.191322 0.999946 0.000944 0.001711 0.010169
22 860 8.699389 -0.005892 0.154089 0.999985 0.001461 0.000532 -0.005238
34 859 -6.980644 -0.089870 -0.117284 0.999987 -0.000276 -0.001278 -0.005016
225 1034 -7.767029 -0.120367 -0.076271 0.999985 -0.002173 0.004696 0.001564
94 918 -7.857201 0.929582 -0.115156 0.999508 0.002284 -0.002904 0.031141
252 1062 -7.682556 0.140703 -0.099677 0.999977 -0.000740 -0.002543 0.006224
48 870 -9.474960 -0.188951 -0.133836 0.999997 0.001761 0.001579 0.000974
67 903 7.758446 -0.002926 0.206173 0.999985 0.000730 -0.004748 -0.002450
54 889 7.231079 0.046762 0.142037 0.999987 -0.003817 -0.000616 0.003226
74 911 8.223854 0.362580 0.158776 0.999887 0.005306 -0.000265 0.014055
181 1010 6.028290 0.136407 0.150174 0.999983 0.000426 -0.000068 0.005771
98 923 -7.216194 1.454438 -0.106283 0.999727 -0.005789 -0.002983 0.022439
114 939 -8.360733 1.004445 -0.149550 0.999269 -0.010248 -0.004548 -0.036541
296 1095 -6.298599 1.072083 -0.156483 0.852572 -0.003861 -0.008639 -0.522523
106 932 -6.748283 1.488781 -0.099113 0.999798 -0.000662 -0.004381 -0.019590
210 1042 9.184540 -0.184281 0.175732 0.999957 0.000686 -0.005267 -0.007599
91 929 8.142601 1.812521 0.110971 0.999835 -0.010178 -0.001263 0.015006
129 953 -8.930344 0.225201 -0.143305 0.999980 0.003395 -0.000311 -0.005269
225 1055 8.772522 -0.036360 0.094761 0.999957 0.000171 -0.000010 -0.009255
230 1041 -6.515640 -0.157580 -0.030253 0.999961 0.000514 0.001135 0.008775
106 945 9.385193 0.455280 0.138468 0.999499 0.009235 -0.000454 -0.030265
241 1050 -8.638458 -0.145012 -0.146025 0.999861 0.000891 -0.004178 0.016146
276 1081 -7.733459 1.074196 -0.125559 0.997505 0.002011 0.001488 -0.070549
170 989 -9.045334 -0.096935 -0.156606 0.999981 0.002278 -0.002489 0.005048
207 1015 -9.728745 -0.204499 -0.178313 0.999963 0.000230 0.003355 0.007953
219 1050 9.075104 -0.025802 0.132143 0.999972 -0.000189 -0.002450 -0.007033
152 984 6.077057 0.143609 0.143541 0.999936 -0.000952 -0.002088 -0.011042
76 912 7.033997 0.418876 0.117965 0.999797 0.005585 -0.000866 0.019314
125 961 7.526108 0.161472 0.145099 0.999999 -0.000159 -0.000914 0.000910
304 1100 -8.385380 0.529938 -0.284145 0.696247 0.009253 -0.015789 -0.717570
232 1061 8.364471 0.016107 0.113257 0.999987 0.001472 -0.001029 -0.004834
26 862 6.579123 -0.056385 0.127004 0.999984 0.000812 0.000623 -0.005545
110 949 9.661728 0.202866 0.153676 0.999824 0.011557 -0.001385 -0.014686
133 958 -6.936783 0.167320 -0.114640 0.999975 0.002028 -0.004416 0.005134
245 1071 6.672058 0.355289 0.125035 0.999876 0.000229 -0.002214 0.015583
237 1065 7.787415 0.115428 0.118916 0.999995 0.002581 -0.000774 0.001877
269 1077 -7.195190 0.507648 -0.112308 0.999889 -0.001894 0.000024 -0.014796
202 1035 9.419693 -0.257272 0.165442 0.999787 0.001611 -0.000271 -0.020563
18 845 -6.584520 0.033997 -0.086415 1.000000 0.000228 -0.000472 -0.000412
126 962 7.644485 0.188641 0.142910 0.999986 -0.000417 0.000335 0.005245
296 1093 -7.029449 2.506165 -0.219813 0.852308 -0.005618 -0.009994 -0.522915
37 873 7.645161 -0.134406 0.092263 0.999991 0.000559 0.004118 0.001254
22 849 -6.023930 0.053388 -0.084466 0.999998 0.001335 0.000236 -0.001161
200 1029 6.363266 -0.127739 0.125674 0.999867 0.001162 -0.000089 -0.016241
220 1028 -8.561295 -0.143478 -0.079670 0.999965 -0.000200 0.002317 0.008040
61 883 -8.485771 -0.025355 -0.140474 0.999985 0.005301 -0.000688 0.001093
235 1046 -6.757080 -0.104324 -0.099119 0.999893 -0.001461 0.001333 0.014474
7 835 -7.022900 -0.024847 -0.094574 0.999987 0.001437 -0.000103 0.004863
288 1088 -7.393585 2.470825 -0.217474 0.952290 -0.003700 -0.007419 -0.305082
32 855 -9.910255 0.035342 -0.158074 0.999982 -0.000377 0.000370 -0.005893
167 998 6.681442 0.026975 0.149301 0.999998 0.001339 -0.001190 0.000562
213 1024 -6.577194 -0.139952 -0.100240 0.999902 -0.001552 -0.002321 0.013720
30 866 7.001301 -0.089496 0.126481 0.999995 0.000401 0.001526 -0.002722
166 987 -7.041412 -0.025753 -0.117762 0.999993 0.002049 -0.001164 -0.002949
45 882 9.445267 -0.008610 0.175109 0.999988 0.000473 -0.000584 0.004784
234 1043 -8.311829 -0.188807 -0.116835 0.999886 0.000075 -0.005095 0.014228
64 900 7.999954 0.005696 0.149016 0.999984 0.001182 -0.003879 -0.003902
41 876 6.686539 -0.067791 0.137001 0.999994 -0.000195 -0.002316 0.002454
95 919 -7.968307 1.021141 -0.119449 0.999453 0.001385 -0.002608 0.032948
191 1024 9.278183 -0.026666 0.216722 0.999960 -0.001282 -0.003725 -0.008052
212 1044 9.352539 -0.118296 0.188169 0.999971 0.003547 -0.005284 -0.004114
159 991 6.948730 -0.013616 0.171679 0.999961 0.002992 -0.001725 -0.008154
59 896 9.569115 -0.059682 0.200263 0.999957 0.000415 0.001316 -0.009179
49 884 7.077488 -0.004494 0.142734 0.999988 0.001586 -0.000287 0.004527
140 974 7.209976 0.415790 0.133942 0.999995 -0.001950 -0.000080 0.002365
107 931 -9.206116 1.504027 -0.156354 0.999860 -0.000142 -0.005924 -0.015634
194 1007 -8.818451 0.070468 -0.201555 0.999884 0.002431 0.000036 -0.015056
117 941 -9.720795 0.856466 -0.153405 0.999305 -0.009183 -0.006540 -0.035536
215 1043 6.399750 -0.065760 0.136707 0.999980 0.002507 -0.005799 -0.001012
153 974 -9.222656 0.348700 -0.153766 0.999994 -0.001060 -0.001030 -0.003094
31 857 -6.053871 0.013791 -0.084661 0.999982 0.000014 -0.000198 -0.005979
205 1037 8.804611 -0.240622 0.157160 0.999863 0.000776 -0.003499 -0.016175
17 854 6.746643 0.092620 0.130766 0.999998 -0.000143 0.000097 -0.001806
101 939 7.981140 1.090454 0.119102 0.999257 -0.007146 0.000098 -0.037864
223 1052 7.782730 -0.006387 0.065838 0.999972 -0.000109 0.002254 -0.007152
197 1026 6.251434 -0.081113 0.135987 0.999928 0.001041 -0.001349 -0.011846
238 1065 6.942963 0.135160 0.106771 0.999990 0.002965 -0.000592 0.003140
5 843 6.251003 0.091891 0.132299 0.999994 0.000395 -0.000078 0.003541
218 1029 -6.357574 -0.120009 -0.052839 0.999983 -0.000328 0.002209 0.005497
0 829 -6.826946 -0.011998 -0.038598 0.999994 0.002237 0.001546 -0.002353
188 1020 8.645493 0.076787 0.206824 0.999991 -0.002015 -0.000462 0.003794
68 904 7.689774 0.076124 0.194640 0.999989 0.001745 -0.004362 -0.000388
70 905 6.454079 0.113378 0.131438 0.999995 0.000701 -0.001727 0.002513
298 1091 -8.056030 4.879547 -0.303699 0.818914 -0.003697 -0.010889 -0.573801
203 1014 -7.831894 -0.116765 -0.129013 0.999994 0.001175 0.003316 0.000608
236 1064 7.753601 0.104299 0.136508 0.999996 0.001736 -0.002157 0.000729
5 832 -8.741051 -0.063184 -0.107203 0.999995 0.002504 -0.000598 0.001665
290 1088 -8.018631 3.231918 -0.230039 0.934638 -0.004112 -0.007113 -0.355505
205 1038 9.570587 -0.256355 0.172429 0.999860 0.001101 -0.003582 -0.016302
192 1024 8.466934 -0.042911 0.199558 0.999952 -0.000665 -0.003835 -0.008935
194 1006 -9.980026 0.097190 -0.226464 0.999875 0.002778 0.000210 -0.015561
170 1003 9.697021 0.093479 0.213669 0.999992 0.002227 0.000192 0.003237
227 1034 -9.387344 -0.130127 -0.190550 0.999998 -0.000113 -0.000443 0.001709
134 957 -9.647552 0.154626 -0.158422 0.999982 0.002315 -0.004573 0.003091
262 1087 6.685028 0.553946 0.175003 0.999934 -0.006766 -0.005844 0.007255
174 1005 7.656372 0.147439 0.186634 0.999987 0.001580 0.001319 0.004660
251 1080 9.859314 0.679659 0.172169 0.999769 -0.001503 0.001246 0.021412
274 1080 -7.490662 0.850988 -0.122687 0.998890 0.000313 0.001047 -0.047102
14 851 6.261900 0.113355 0.121056 1.000000 0.000220 -0.000386 -0.000181
196 1009 -8.013580 0.007321 -0.165864 0.999932 0.002914 0.001134 -0.011239
87 925 8.333260 1.648189 0.109776 0.999170 -0.010485 -0.000245 0.039362
28 852 -9.117861 0.037373 -0.135901 0.999997 -0.000238 -0.000264 -0.002363
267 1073 -9.565186 0.529706 -0.193805 0.999885 -0.002872 -0.004529 -0.014186
94 919 -6.753983 1.006145 -0.095570 0.999389 0.001340 -0.002344 0.034852
99 925 -6.171738 1.583396 -0.084149 0.999857 -0.007388 -0.001778 0.015078
209 1020 -6.898697 -0.154281 -0.121310 0.999897 -0.001284 0.001641 0.014220
274 1081 -6.605530 0.774435 -0.108590 0.998897 0.000237 0.000971 -0.046947
67 888 -9.385017 -0.103747 -0.164058 0.999883 -0.000269 -0.000393 0.015287
281 1083 -8.429688 1.927498 -0.195616 0.988573 0.003308 -0.000616 -0.150703
99 922 -9.547684 1.431444 -0.135115 0.999720 -0.003357 -0.002369 0.023299
257 1068 -6.361084 0.250988 -0.116189 0.999992 0.001750 -0.002224 0.002707
179 996 -9.449707 0.004135 -0.184491 0.999998 -0.000181 -0.001953 -0.000590
215 1024 -8.012207 -0.167488 -0.114963 0.999881 -0.001809 -0.001669 0.015250
245 1057 -6.140839 -0.009691 -0.100182 0.999897 -0.000816 -0.005164 0.013387
74 909 6.121880 0.282572 0.124743 0.999941 0.002982 0.000868 0.010390
121 946 -8.345139 0.424267 -0.112022 0.999710 0.003833 -0.003693 -0.023465
238 1067 8.821777 0.164551 0.128007 0.999987 0.002905 0.000622 0.004047
16 843 -6.910082 0.031313 -0.104459 0.999999 -0.000086 -0.000862 -0.000545
114 951 7.316177 0.170716 0.129809 0.999967 0.004298 -0.002385 -0.006397
53 888 7.208427 0.063474 0.135388 0.999971 -0.003039 -0.000128 0.007044
79 900 -9.376419 -0.050830 -0.165383 0.999844 -0.000791 -0.002721 0.017423
208 1037 6.702423 -0.179542 0.117966 0.999928 -0.000240 -0.003724 -0.011437
225 1033 -8.536011 -0.135623 -0.082763 0.999980 -0.002476 0.005219 0.002395
