idx1 idx2 t_1 t_2 t_3 q_1 q_2 q_3 q_4
634 695 5.393684 0.110840 -0.046697 0.999083 -0.005377 -0.003142 0.042365
36 1098 -2.380770 -4.477691 0.039021 0.842776 0.000024 0.002886 -0.538257
38 1087 -3.736761 -3.988918 0.019885 0.819872 0.003847 0.009163 -0.572460
687 749 3.884163 1.627563 -0.321625 0.942525 -0.001680 0.003240 0.334117
642 732 3.228691 0.157883 -0.385492 0.993573 -0.009216 -0.006754 0.112617
35 1089 -1.779059 -4.529389 0.038612 0.858827 0.004246 0.008914 -0.512170
637 729 4.549141 0.075531 -0.321396 0.995918 -0.009399 -0.003817 0.089686
33 1079 -1.918413 -2.630932 0.051446 0.903384 -0.002319 0.009870 -0.428712
12 1072 2.935430 -0.293958 0.045528 0.999479 0.000587 -0.001657 -0.032224
18 1074 2.274864 -1.015905 0.034717 0.994670 0.002561 0.005151 -0.102948
652 746 3.840065 1.285370 -0.416145 0.956770 -0.009089 0.005107 0.290657
26 1092 3.512008 -3.737918 -0.005820 0.962177 0.005404 0.015319 -0.271940
31 1088 0.669207 -4.417210 0.051380 0.914683 0.000950 0.013670 -0.403940
26 1084 2.750050 -3.266843 0.003763 0.968486 0.005825 0.017186 -0.248408
637 693 4.093430 0.167435 -0.079745 0.998906 -0.007663 -0.004003 0.045963
642 720 2.659416 0.098831 -0.296951 0.998726 -0.006524 -0.005019 0.049788
641 693 2.811951 0.186508 -0.121744 0.998906 -0.006949 -0.004889 0.045980
1 1049 -3.863710 0.429958 0.080750 0.999421 -0.008270 -0.002976 0.032867
675 747 3.333412 1.198410 -0.369002 0.958307 -0.004951 0.004352 0.285666
675 741 2.027374 0.363235 -0.355812 0.985283 -0.002876 0.004415 0.170850
644 727 2.494034 0.065811 -0.376998 0.997238 -0.006099 -0.003690 0.073927
637 713 4.093048 0.174835 -0.118856 0.998874 -0.007434 -0.003830 0.046697
639 698 3.384277 0.182388 -0.108786 0.998851 -0.008023 -0.004854 0.047001
13 1054 -3.900043 1.003278 0.124861 0.996733 -0.000385 0.005794 -0.080553
636 714 4.494873 0.156830 -0.109274 0.998926 -0.006253 -0.003591 0.045776
634 727 5.748077 -0.001312 -0.278802 0.997266 -0.006914 -0.003121 0.073511
31 1078 -1.173362 -2.486429 0.052660 0.925951 -0.001102 0.008277 -0.377550
644 734 3.012474 0.220932 -0.402322 0.991682 -0.009079 -0.005997 0.128254
30 1081 0.089320 -3.165939 0.052723 0.937928 -0.005465 0.014068 -0.346501
37 1080 -3.840660 -2.411767 0.021669 0.849711 -0.002789 0.007898 -0.527183
3 1043 -5.569839 0.428555 0.063262 0.999196 -0.009039 -0.000608 0.039051
668 743 2.426826 0.547882 -0.385805 0.979147 -0.002441 0.007397 0.203005
638 696 3.720963 0.175186 -0.091545 0.998864 -0.008145 -0.004319 0.046759
680 749 3.876205 1.642181 -0.359144 0.942156 -0.001414 0.003081 0.335158
639 712 3.384964 0.194183 -0.137424 0.998830 -0.007946 -0.004711 0.047476
691 750 4.172104 1.913254 -0.309605 0.933510 -0.001095 0.001933 0.358543
633 699 5.890457 0.086884 -0.045745 0.999155 -0.004852 -0.002688 0.040720
3 1042 -5.793396 0.415698 0.058137 0.999112 -0.009052 -0.000622 0.041141
8 1077 5.430452 0.275904 0.099928 0.997076 -0.008186 0.005203 0.075797
645 739 3.577065 0.516602 -0.409610 0.983115 -0.009572 0.000543 0.182738
659 751 4.550362 2.311752 -0.416222 0.920662 -0.001221 -0.000178 0.390358
37 1090 -3.028861 -4.379498 0.036956 0.828719 0.003048 0.006144 -0.559623
6 1047 -4.927947 0.613642 0.100546 0.999876 -0.008152 -0.000484 0.013475
16 1056 -3.766918 1.142646 0.127008 0.991212 0.002682 0.007294 -0.132054
6 1054 -2.829780 0.576112 0.113552 0.999980 -0.004767 0.002341 -0.003395
657 752 4.953949 2.734207 -0.427719 0.907689 -0.001766 0.001376 0.419638
654 749 4.373833 1.906052 -0.434607 0.933947 -0.005187 0.003613 0.357355
16 1060 -2.380226 0.728390 0.118292 0.990610 0.004293 0.004132 -0.136587
643 745 5.126122 1.250717 -0.399265 0.959468 -0.010161 0.003164 0.281615
648 747 4.640129 1.587784 -0.424410 0.947360 -0.010781 0.004042 0.319962
668 747 3.331009 1.181870 -0.396734 0.958198 -0.004873 0.004502 0.286028
29 1065 -3.590032 0.917195 0.036425 0.898813 0.008287 -0.000403 -0.438254
30 1085 0.917008 -3.971103 0.045886 0.931525 0.000552 0.015531 -0.363346
694 750 4.177254 1.910004 -0.303399 0.933576 -0.001264 0.002025 0.358370
666 745 2.854988 0.815201 -0.389094 0.970404 -0.003099 0.005402 0.241405
679 745 2.847649 0.839249 -0.345884 0.970560 -0.003217 0.006075 0.240762
35 1078 -3.153590 -2.134093 0.026936 0.874489 0.001005 0.004658 -0.485022
637 702 4.092957 0.167862 -0.103865 0.998878 -0.007464 -0.003905 0.046607
29 1067 -3.133187 0.286402 0.030091 0.901892 0.007137 -0.002965 -0.431893
663 746 3.086975 0.994308 -0.392689 0.964713 -0.004485 0.004015 0.263236
639 697 3.383957 0.182526 -0.105968 0.998853 -0.008019 -0.004876 0.046962
21 1079 3.156029 -1.737676 0.046843 0.993482 -0.001879 0.014211 -0.113085
643 722 2.494438 0.071365 -0.331699 0.998529 -0.005549 -0.004562 0.053739
23 1079 2.500480 -2.046581 0.055953 0.987387 -0.003815 0.014081 -0.157651
20 1059 -3.494231 1.171495 0.141939 0.978140 0.009509 0.006011 -0.207645
31 1085 0.353547 -4.047894 0.049311 0.920139 0.000610 0.014953 -0.391305
20 1057 -4.146557 1.479642 0.150312 0.978574 0.008096 0.008354 -0.205566
647 746 4.585213 1.387466 -0.432082 0.954446 -0.010652 0.005159 0.298149
34 1077 -2.856003 -1.985810 0.034275 0.884951 0.001661 0.003881 -0.465665
32 1075 -2.354266 -1.652820 0.038091 0.901623 -0.001133 0.002837 -0.432513
636 720 4.586960 0.063507 -0.235339 0.998732 -0.006969 -0.004165 0.049679
26 1089 3.438424 -3.700399 -0.004254 0.962904 0.006502 0.016409 -0.269266
656 747 3.647850 1.365143 -0.407777 0.953731 -0.006920 0.003979 0.300555
639 730 3.900452 0.109283 -0.343123 0.995168 -0.010180 -0.005026 0.097525
36 1065 -5.351228 2.497738 -0.055777 0.789561 0.008149 -0.009085 -0.613550
684 742 2.211349 0.466888 -0.311816 0.982665 -0.002954 0.006276 0.185261
633 714 5.891190 0.097260 -0.072302 0.999139 -0.004762 -0.002573 0.041139
27 1098 2.997519 -3.921776 0.014747 0.954187 0.001363 0.010840 -0.299010
8 1074 4.378795 0.134574 0.089715 0.999175 -0.007343 0.001328 0.039931
24 1085 3.821851 -2.940341 0.023494 0.979380 0.002737 0.017632 -0.201236
11 1052 -4.206108 0.928648 0.117698 0.998751 -0.004891 0.003219 -0.049620
685 741 2.016251 0.367035 -0.305532 0.985450 -0.003262 0.004535 0.169873
637 721 4.215233 0.065933 -0.262113 0.998553 -0.007929 -0.004271 0.053026
38 1080 -4.371357 -2.248376 0.009504 0.836723 -0.001273 0.008744 -0.547555
698 753 5.065338 2.950592 -0.303737 0.902369 -0.000567 0.003900 0.430946
633 712 5.890717 0.099274 -0.071436 0.999139 -0.004799 -0.002581 0.041136
31 1089 0.728129 -4.489237 0.050064 0.913613 0.001500 0.012838 -0.406380
34 1100 -1.092292 -4.605639 0.042803 0.872114 -0.000019 0.006765 -0.489255
1 1041 -5.830004 0.318868 0.048992 0.998686 -0.009599 -0.001141 0.050317
642 726 2.873260 0.071716 -0.358437 0.997431 -0.007258 -0.004664 0.071107
23 1076 1.500364 -1.726716 0.053047 0.983731 -0.000141 0.008524 -0.179445
643 726 2.647926 0.066849 -0.365304 0.997525 -0.006423 -0.004381 0.069886
685 743 2.418015 0.568146 -0.308256 0.979423 -0.002885 0.007372 0.201663
693 748 3.615532 1.391846 -0.287787 0.951146 -0.004039 0.004283 0.308685
678 748 3.598183 1.408157 -0.362124 0.950657 -0.003423 0.004085 0.310199
21 1086 5.115892 -2.284990 0.020983 0.990387 0.000490 0.019232 -0.136979
30 1074 -1.750554 -1.561927 0.039366 0.921026 -0.000501 0.002774 -0.389490
18 1078 3.671983 -1.210154 0.039673 0.998144 0.000479 0.010613 -0.059958
686 746 3.083740 0.994644 -0.310874 0.965209 -0.004955 0.005157 0.261383
655 741 2.469208 0.518921 -0.396389 0.981764 -0.005846 0.004203 0.189966
640 697 3.076378 0.184677 -0.116608 0.998865 -0.007519 -0.005137 0.046747
5 1076 5.485804 0.500539 0.103699 0.995975 -0.008173 0.002807 0.089209
633 713 5.891006 0.097702 -0.071454 0.999139 -0.004793 -0.002574 0.041119
16 1073 2.419580 -0.742940 0.037352 0.996734 0.002374 0.002803 -0.080677
637 740 5.902985 0.609390 -0.336934 0.979652 -0.012353 0.000257 0.200323
35 1069 -4.628500 0.769099 -0.033809 0.820436 -0.000268 -0.008738 -0.571672
644 738 3.603500 0.444183 -0.397713 0.985083 -0.009779 -0.001949 0.171790
683 743 2.417236 0.570892 -0.319065 0.979356 -0.002764 0.007295 0.201992
634 712 5.394653 0.121582 -0.083874 0.999056 -0.005285 -0.003011 0.043009
2 1050 -3.661774 0.459618 0.084452 0.999611 -0.007077 -0.002426 0.026866
3 1045 -5.107312 0.452536 0.071788 0.999345 -0.008960 -0.001916 0.035000
635 696 4.929321 0.130600 -0.061756 0.999010 -0.005631 -0.003475 0.043989
642 715 2.567139 0.192902 -0.173235 0.998919 -0.005808 -0.004476 0.045896
637 724 4.316284 0.052505 -0.293730 0.997985 -0.008557 -0.004115 0.062728
634 717 5.427727 0.070160 -0.150714 0.999041 -0.005298 -0.003089 0.043357
694 748 3.617226 1.390442 -0.287148 0.951183 -0.004119 0.004314 0.308571
675 749 3.885262 1.636017 -0.384077 0.942036 -0.001232 0.002996 0.335495
23 1060 -3.713120 1.388492 0.139904 0.962352 0.004432 0.004739 -0.271728
20 1074 1.733713 -1.228275 0.037685 0.990134 0.004696 0.005742 -0.139926
678 753 5.039711 2.971832 -0.385836 0.901563 0.000158 0.003576 0.432632
642 712 2.566605 0.194031 -0.170087 0.998920 -0.005842 -0.004451 0.045884
17 1057 -3.613068 1.143116 0.127008 0.988437 0.004498 0.007332 -0.151387
684 753 5.036491 2.968933 -0.355237 0.901806 -0.000076 0.003628 0.432126
638 699 3.722404 0.173843 -0.101399 0.998858 -0.008096 -0.004255 0.046895
14 1073 2.885324 -0.520374 0.040596 0.998833 0.000429 0.002889 -0.048214
688 753 5.051094 2.952377 -0.331847 0.902165 -0.000252 0.003780 0.431374
36 1066 -5.276130 2.113559 -0.052524 0.790439 0.008566 -0.011569 -0.612371
648 731 1.972450 0.090424 -0.396889 0.995283 -0.006873 -0.002993 0.096725
635 704 4.931633 0.132187 -0.085193 0.998988 -0.005452 -0.003365 0.044516
637 739 5.723900 0.523468 -0.335805 0.982205 -0.012982 -0.000623 0.187362
22 1088 5.039849 -2.628096 0.024517 0.985766 -0.000761 0.018302 -0.167123
647 744 4.159920 1.041138 -0.424050 0.966344 -0.008626 0.007052 0.257010
12 1049 -5.261531 1.148726 0.120355 0.998474 -0.005078 0.002717 -0.054925
644 720 2.232407 0.092773 -0.309515 0.998858 -0.005133 -0.004126 0.047331
38 1075 -5.061275 -0.643718 -0.018009 0.816862 0.000165 -0.001577 -0.576830
13 1057 -2.893178 0.811835 0.123609 0.996228 0.000983 0.006933 -0.086493
637 701 4.092926 0.166534 -0.100174 0.998881 -0.007461 -0.003947 0.046544
17 1058 -3.276709 1.026177 0.124252 0.988240 0.005586 0.006301 -0.152679
651 748 4.454071 1.743256 -0.423949 0.940281 -0.007432 0.003832 0.340297
645 740 3.756950 0.600845 -0.410823 0.980620 -0.008925 0.001375 0.195712
25 1090 3.953684 -3.487645 0.004775 0.969442 0.005572 0.015630 -0.244759
30 1068 -3.197069 0.135392 0.016251 0.892515 0.003522 -0.004836 -0.450977
644 721 2.261955 0.077606 -0.326240 0.998742 -0.004942 -0.004005 0.049737
23 1084 4.000938 -2.606600 0.034476 0.985030 -0.000214 0.017650 -0.171476
637 717 4.126328 0.124969 -0.185410 0.998856 -0.007452 -0.003914 0.047063
634 686 5.410767 0.110504 -0.011693 0.999111 -0.005809 -0.003186 0.041630
634 708 5.395355 0.117172 -0.078390 0.999057 -0.005273 -0.003021 0.042999
636 723 4.682854 0.034073 -0.276401 0.998285 -0.007209 -0.003971 0.057959
647 729 2.023270 0.067856 -0.394657 0.996551 -0.006681 -0.001159 0.082705
634 723 5.582214 -0.003906 -0.252337 0.998451 -0.006197 -0.003394 0.055196
16 1083 5.857909 -0.975979 0.037986 0.999445 -0.003860 0.015235 -0.029365
28 1081 1.061906 -3.024966 0.043997 0.956511 -0.004813 0.015587 -0.291241
641 713 2.811630 0.193970 -0.160845 0.998874 -0.006721 -0.004717 0.046715
11 1080 5.952165 0.024839 0.087044 0.998316 -0.014604 0.011248 0.054996
658 740 2.012939 0.350250 -0.389787 0.986167 -0.003873 0.001402 0.165701
38 1093 -3.644331 -4.257204 0.021475 0.814590 0.002611 0.005678 -0.580003
640 738 4.539253 0.462463 -0.360605 0.984380 -0.012933 -0.002989 0.175557
32 1067 -4.001724 0.811364 0.009726 0.859511 0.006326 -0.005866 -0.511044
642 742 4.751419 0.835999 -0.385071 0.973517 -0.010445 0.002824 0.228357
37 1093 -3.017397 -4.383064 0.039704 0.828375 0.001201 0.004875 -0.560151
634 697 5.393654 0.109787 -0.052475 0.999077 -0.005359 -0.003174 0.042495
38 1078 -4.659086 -1.618889 0.000323 0.833811 0.001339 0.003079 -0.552040
674 742 2.224915 0.459854 -0.361505 0.982514 -0.002578 0.006294 0.186062
643 744 4.924774 1.082321 -0.395900 0.965071 -0.009506 0.004076 0.261784
36 1090 -2.394879 -4.492223 0.037220 0.843110 0.003518 0.006784 -0.537687
667 752 4.756226 2.553146 -0.424221 0.912595 -0.000312 0.002243 0.408859
644 728 2.543633 0.073166 -0.380642 0.996776 -0.006204 -0.003626 0.079915
641 743 5.190437 0.962372 -0.376700 0.969293 -0.011366 0.003903 0.245614
646 749 5.511337 2.097977 -0.453620 0.928489 -0.006904 0.003513 0.371279
2 1041 -5.921835 0.358155 0.048370 0.998860 -0.009342 -0.001039 0.046808
36 1100 -2.381493 -4.474184 0.037039 0.842748 0.000020 0.003246 -0.538298
3 1048 -4.330659 0.476032 0.077774 0.999570 -0.008288 -0.002624 0.028020
680 753 5.036682 2.973068 -0.374246 0.901624 0.000066 0.003569 0.432506
636 709 4.494240 0.158005 -0.105943 0.998924 -0.006314 -0.003575 0.045812
14 1079 5.005277 -0.520551 0.053011 0.999822 -0.007546 0.012136 0.012353
25 1100 3.953629 -3.465181 0.004875 0.969335 0.003361 0.011173 -0.245465
652 742 3.006165 0.700226 -0.402984 0.976633 -0.007224 0.006034 0.214707
28 1087 2.258617 -3.953012 0.033240 0.948019 0.000504 0.017128 -0.317752
641 704 2.812012 0.186111 -0.148676 0.998875 -0.006649 -0.004786 0.046706
35 1074 -3.878607 -0.924315 0.004818 0.852781 0.000731 -0.001337 -0.522266
634 692 5.396538 0.111969 -0.042198 0.999087 -0.005581 -0.003185 0.042231
37 1073 -4.884778 -0.180673 -0.028905 0.815625 0.000393 -0.006591 -0.578544
684 741 2.015030 0.369141 -0.310544 0.985414 -0.003221 0.004487 0.170082
20 1080 3.795052 -1.641079 0.038349 0.995672 -0.002073 0.014958 -0.091706
656 745 3.181259 0.985672 -0.403107 0.966618 -0.005027 0.005594 0.256111
639 722 3.538589 0.075897 -0.291675 0.998351 -0.008485 -0.005098 0.056554
641 707 2.811356 0.186310 -0.151261 0.998877 -0.006660 -0.004734 0.046675
31 1063 -4.431666 2.030010 0.039152 0.873925 0.000596 0.002543 -0.486053
639 711 3.383942 0.197510 -0.137200 0.998827 -0.007942 -0.004722 0.047538
4 1055 -2.267799 0.519712 0.105522 0.999964 -0.004857 0.001316 0.006889
648 737 2.691803 0.335556 -0.403671 0.987872 -0.008469 -0.001466 0.155036
9 1054 -3.253341 0.718550 0.114409 0.999503 -0.006130 0.002756 -0.030789
691 745 2.861572 0.826370 -0.282162 0.970911 -0.003677 0.006224 0.239332
27 1059 -4.675867 2.368171 0.127171 0.928021 0.007818 0.004312 -0.372420
656 742 2.561470 0.593811 -0.394980 0.979502 -0.004569 0.005669 0.201305
640 713 3.077713 0.194778 -0.148058 0.998843 -0.007440 -0.004966 0.047244
10 1072 3.310870 -0.098454 0.068000 0.999963 -0.003315 -0.003521 -0.007140
677 747 3.331154 1.200760 -0.362908 0.958346 -0.005025 0.004413 0.285530
14 1059 -2.367540 0.716574 0.121075 0.994600 0.003084 0.005217 -0.103606
641 691 2.815056 0.185776 -0.115469 0.998909 -0.007054 -0.004874 0.045915
2 1073 4.734192 0.465142 0.105617 0.997881 -0.004842 -0.003410 0.064798
679 742 2.215752 0.467209 -0.337913 0.982572 -0.002783 0.006238 0.185759
24 1089 4.338392 -3.201616 0.019507 0.975965 0.003981 0.015819 -0.217318
7 1050 -4.212505 0.658394 0.107247 0.999977 -0.006574 0.000375 -0.001909
643 713 2.342003 0.188034 -0.176565 0.998982 -0.005008 -0.004142 0.044643
640 732 3.739838 0.161362 -0.362566 0.993397 -0.010847 -0.007171 0.113988
644 735 3.142311 0.262192 -0.401788 0.990409 -0.008660 -0.005170 0.137796
16 1057 -3.431939 1.042876 0.126643 0.990974 0.003521 0.007389 -0.133803
11 1051 -4.513554 0.962850 0.115943 0.998867 -0.005459 0.002567 -0.047197
22 1084 4.363929 -2.378460 0.029849 0.988749 -0.000774 0.018443 -0.148440
8 1076 5.082077 0.223805 0.097130 0.997829 -0.008780 0.003776 0.065154
33 1096 -0.455863 -4.616264 0.053613 0.886350 -0.001177 0.006255 -0.462971
8 1051 -4.051948 0.714557 0.111331 0.999883 -0.006352 0.001255 -0.013871
650 744 3.675423 0.980820 -0.404534 0.967305 -0.006443 0.006079 0.253460
8 1044 -5.939256 0.796474 0.096960 0.999952 -0.009235 0.001689 0.002734
37 1097 -3.014615 -4.364290 0.038547 0.828268 -0.000690 0.002154 -0.560327
672 746 3.089157 0.993530 -0.381872 0.964864 -0.004484 0.004916 0.262667
649 743 3.620186 0.871872 -0.403797 0.971566 -0.007502 0.006090 0.236573
644 707 2.140297 0.178787 -0.172687 0.999043 -0.004387 -0.003563 0.043369
681 749 3.875443 1.642273 -0.354862 0.942168 -0.001428 0.003086 0.335125
639 726 3.692146 0.072052 -0.325047 0.997298 -0.009367 -0.004873 0.072697
694 753 5.064095 2.949158 -0.313146 0.902301 -0.000504 0.003889 0.431088
645 718 1.991585 0.114624 -0.278305 0.999040 -0.004349 -0.002519 0.043507
27 1097 2.996222 -3.920910 0.014586 0.954137 0.001277 0.010623 -0.299179
8 1052 -3.742910 0.700926 0.113798 0.999849 -0.005803 0.001925 -0.016297
643 738 3.804520 0.449127 -0.390529 0.984863 -0.010412 -0.002473 0.173002
34 1092 -1.086014 -4.643848 0.042731 0.872036 0.002410 0.009893 -0.489337
28 1069 -2.321943 -0.398986 0.022332 0.920726 0.000918 -0.002807 -0.390199
29 1095 1.936604 -4.280271 0.044875 0.935349 -0.002052 0.009034 -0.353604
634 730 5.908607 0.033157 -0.291865 0.995625 -0.007439 -0.003453 0.093077
3 1054 -2.503138 0.503079 0.098385 0.999895 -0.005151 0.000060 0.013576
28 1098 2.475852 -4.111776 0.030294 0.945133 -0.000796 0.010527 -0.326515
648 740 3.209473 0.567017 -0.405933 0.981281 -0.008987 0.002036 0.192362
10 1048 -5.228954 0.956792 0.102297 0.999578 -0.009454 0.000528 -0.027464
693 749 3.897697 1.623413 -0.296800 0.942640 -0.001936 0.003307 0.333790
32 1089 0.123985 -4.555040 0.049216 0.900980 0.002137 0.012156 -0.433686
22 1079 2.839010 -1.889066 0.053789 0.990786 -0.004280 0.014793 -0.134561
637 716 4.112564 0.144836 -0.159377 0.998873 -0.007398 -0.003820 0.046734
10 1056 -2.738083 0.708997 0.116095 0.998912 -0.005707 0.004022 -0.046113
28 1068 -2.586212 -0.128163 0.028660 0.917266 0.005038 -0.002606 -0.398234
1 1066 2.192825 0.345703 0.078917 0.999983 0.004140 -0.004037 -0.000046
19 1077 3.051538 -1.326212 0.036711 0.996322 0.004122 0.009035 -0.085110
13 1053 -4.219438 1.062086 0.128060 0.996905 -0.000356 0.005407 -0.078435
10 1069 2.190319 -0.032489 0.054518 0.999163 -0.005139 -0.005501 -0.040202
644 703 2.140739 0.179016 -0.169561 0.999045 -0.004412 -0.003618 0.043324
0 1067 2.669694 0.356819 0.078501 0.999947 0.002121 -0.004972 0.008742
683 742 2.211906 0.467331 -0.317687 0.982643 -0.002871 0.006250 0.185381
30 1076 -1.233770 -2.047223 0.046108 0.930565 -0.000798 0.005461 -0.366086
652 747 4.070976 1.501007 -0.419672 0.949497 -0.009494 0.004573 0.313599
666 751 4.454903 2.213409 -0.416091 0.923033 -0.000739 0.000904 0.384718
682 741 2.015259 0.371719 -0.320143 0.985369 -0.003101 0.004466 0.170349
649 748 4.734261 1.789764 -0.424128 0.939186 -0.008300 0.003344 0.343293
27 1086 2.641074 -3.681039 0.018492 0.958213 0.002609 0.018067 -0.285473
680 746 3.080734 1.003403 -0.341638 0.964995 -0.004707 0.005052 0.262178
29 1087 1.728331 -4.103272 0.041888 0.938506 -0.000008 0.016327 -0.344877
643 729 2.797760 0.087860 -0.379399 0.996119 -0.006990 -0.004229 0.087637
21 1088 5.386790 -2.380770 0.017692 0.989161 0.001578 0.017885 -0.145735
645 725 2.205994 0.055695 -0.374189 0.998027 -0.005419 -0.002581 0.062498
19 1079 3.744256 -1.412353 0.040294 0.997195 -0.000866 0.012979 -0.073708
1 1048 -4.145239 0.419568 0.077232 0.999335 -0.008681 -0.003096 0.035288
0 1051 -3.180237 0.426379 0.093070 0.999498 -0.006677 -0.001660 0.030934
36 1083 -2.867696 -3.447835 0.030964 0.858005 0.001441 0.008017 -0.513577
7 1069 2.678855 0.143549 0.058593 0.999928 -0.003431 -0.006031 -0.009746
32 1094 0.169271 -4.591371 0.055190 0.899799 -0.001319 0.008334 -0.436223
33 1098 -0.454173 -4.614043 0.051081 0.886375 -0.000801 0.006779 -0.462917
27 1078 0.629644 -2.404604 0.037911 0.963789 0.002163 0.010849 -0.266438
699 752 4.774727 2.556473 -0.296678 0.913568 -0.001084 0.002599 0.406675
633 690 5.896805 0.089859 -0.021201 0.999175 -0.005107 -0.002738 0.040207
638 716 3.742493 0.154449 -0.167646 0.998839 -0.008003 -0.004128 0.047330
0 1072 4.548222 0.473162 0.094757 0.998244 -0.002562 -0.006631 0.058801
647 739 3.204117 0.499344 -0.413529 0.983524 -0.009999 0.001777 0.180491
654 739 2.204330 0.380829 -0.396756 0.985944 -0.007957 0.002076 0.166872
19 1060 -2.958742 0.928040 0.129417 0.981832 0.008198 0.004852 -0.189515
635 693 4.931648 0.132523 -0.058259 0.999018 -0.005753 -0.003467 0.043790
654 743 2.968758 0.768631 -0.402287 0.974221 -0.006611 0.007286 0.225382
11 1069 2.009084 -0.101011 0.047028 0.998610 -0.003516 -0.004650 -0.052390
663 751 4.451134 2.230301 -0.416710 0.922899 -0.000682 0.000554 0.385042
637 688 4.102921 0.169296 -0.060386 0.998913 -0.007850 -0.004029 0.045767
2 1044 -5.248008 0.404105 0.065353 0.999124 -0.009145 -0.001360 0.040816
663 745 2.852180 0.830963 -0.391202 0.970322 -0.002992 0.005063 0.241746
33 1066 -4.448334 1.375999 0.004835 0.840721 0.008615 -0.006946 -0.541355
642 724 2.790138 0.070312 -0.345128 0.998047 -0.006970 -0.004753 0.061896
11 1076 4.567396 -0.135577 0.080539 0.999450 -0.007717 0.005097 0.031858
28 1079 0.494992 -2.644634 0.050674 0.956883 -0.002604 0.013317 -0.290156
692 752 4.770401 2.557693 -0.311910 0.913421 -0.000837 0.002547 0.407007
671 753 5.041374 2.963333 -0.420006 0.901360 0.000355 0.003601 0.433055
638 727 4.077560 0.065186 -0.320562 0.996913 -0.009706 -0.004177 0.077803
651 745 3.742844 1.127411 -0.410739 0.962374 -0.007202 0.005593 0.271575
676 741 2.025673 0.365524 -0.351469 0.985289 -0.002898 0.004429 0.170816
654 738 2.031548 0.305328 -0.395252 0.987964 -0.007812 0.000897 0.154483
13 1050 -5.134233 1.219673 0.126128 0.997463 -0.002308 0.003805 -0.071045
667 747 3.334412 1.178299 -0.397618 0.958236 -0.005041 0.004379 0.285901
638 722 3.876007 0.067673 -0.281562 0.998362 -0.008578 -0.004532 0.056389
666 746 3.089905 0.978363 -0.390784 0.964803 -0.004585 0.004357 0.262899
13 1073 3.101719 -0.409800 0.044856 0.999448 0.000026 0.002414 -0.033144
638 715 3.723129 0.184921 -0.130312 0.998839 -0.008011 -0.004170 0.047323
34 1091 -1.086524 -4.644734 0.042616 0.871976 0.002477 0.010106 -0.489438
653 746 3.720619 1.261169 -0.417001 0.957549 -0.009167 0.005381 0.288074
13 1081 5.902427 -0.309998 0.052819 0.999510 -0.010929 0.013016 0.026275
680 743 2.418915 0.572327 -0.332919 0.979296 -0.002696 0.007299 0.202284
645 737 3.240875 0.365829 -0.409274 0.987336 -0.008372 -0.002122 0.158409
35 1064 -5.169128 2.627949 -0.020307 0.807571 0.005912 -0.003441 -0.589731
9 1077 5.269753 0.159781 0.098476 0.997779 -0.008861 0.005459 0.065797
640 741 5.074074 0.728500 -0.361482 0.976612 -0.012256 0.000664 0.214661
4 1070 3.426742 0.291157 0.066735 0.999752 -0.003689 -0.008661 0.020166
12 1078 5.076006 -0.217777 0.068537 0.999257 -0.006729 0.009218 0.036816
38 1090 -3.655608 -4.253081 0.018738 0.814944 0.004488 0.006901 -0.579481
36 1094 -2.384610 -4.486712 0.043655 0.842670 0.000104 0.003585 -0.538419
654 741 2.577240 0.548264 -0.398678 0.981016 -0.006917 0.004325 0.193757
641 728 3.215912 0.082443 -0.357737 0.996484 -0.008518 -0.004718 0.083212
657 741 2.279564 0.459610 -0.390913 0.983146 -0.004190 0.003208 0.182744
664 743 2.419418 0.554123 -0.383497 0.979169 -0.002294 0.006150 0.202941
639 707 3.385010 0.184967 -0.127829 0.998833 -0.007880 -0.004720 0.047419
38 1094 -3.644839 -4.248639 0.025182 0.814470 0.000918 0.003878 -0.580192
639 721 3.507881 0.083740 -0.280366 0.998504 -0.008440 -0.005142 0.053787
645 734 2.815117 0.214035 -0.411574 0.991874 -0.008754 -0.004687 0.126839
36 1084 -2.753852 -3.698934 0.029608 0.855528 0.003401 0.008067 -0.517682
38 1092 -3.642500 -4.275148 0.018637 0.814480 0.003567 0.006393 -0.580146
682 753 5.035316 2.973114 -0.364204 0.901689 0.000034 0.003575 0.432370
673 753 5.044678 2.966660 -0.409833 0.901413 0.000320 0.003526 0.432947
28 1062 -4.044624 1.743603 0.094830 0.915042 0.000823 0.005156 -0.403325
634 728 5.797691 0.005997 -0.282507 0.996805 -0.007015 -0.003052 0.079500
646 726 2.058617 0.054642 -0.380309 0.997798 -0.005765 -0.001427 0.066064
635 700 4.930603 0.129623 -0.073871 0.998999 -0.005564 -0.003402 0.044249
15 1053 -4.557993 1.290540 0.133750 0.993992 0.000990 0.006005 -0.109284
12 1076 4.376193 -0.272419 0.064671 0.999786 -0.005334 0.006148 0.018997
27 1079 0.935103 -2.571764 0.040054 0.964886 -0.000514 0.013483 -0.262321
658 743 2.603539 0.642807 -0.390448 0.977390 -0.003220 0.005646 0.211346
680 745 2.845581 0.840576 -0.339552 0.970580 -0.003236 0.006093 0.240679
4 1044 -5.442178 0.484770 0.076995 0.999434 -0.008661 -0.000223 0.032498
35 1073 -4.050731 -0.605805 -0.003226 0.845797 0.001779 -0.004126 -0.533485
659 743 2.544647 0.619980 -0.387964 0.977896 -0.002838 0.005450 0.209002
643 702 2.341881 0.180969 -0.161607 0.998985 -0.005039 -0.004216 0.044552
38 1085 -3.851308 -3.647917 0.013841 0.825448 0.004408 0.009301 -0.564385
0 1047 -4.326687 0.383069 0.077893 0.999117 -0.009131 -0.003178 0.040895
21 1060 -3.340887 1.125164 0.145909 0.973577 0.006726 0.005546 -0.228194
687 744 2.636566 0.677979 -0.297996 0.975570 -0.002875 0.007243 0.219552
655 740 2.278122 0.431335 -0.396230 0.984352 -0.006211 0.002770 0.176082
681 742 2.212784 0.468857 -0.327227 0.982594 -0.002818 0.006259 0.185640
661 751 4.482880 2.262314 -0.417940 0.922102 -0.000926 0.000354 0.386945
644 704 2.140961 0.178574 -0.170104 0.999042 -0.004376 -0.003616 0.043400
635 698 4.930275 0.129730 -0.068744 0.999007 -0.005607 -0.003445 0.044066
26 1085 2.952807 -3.385374 0.001226 0.967178 0.005370 0.018259 -0.253387
27 1090 2.992654 -3.941428 0.012841 0.954317 0.003721 0.015515 -0.298369
661 746 3.123817 1.020721 -0.394305 0.964168 -0.004709 0.003778 0.265225
23 1065 -2.106194 0.195991 0.063178 0.958516 0.009411 0.003282 -0.284865
641 742 4.995186 0.840866 -0.375596 0.973315 -0.011371 0.002714 0.229176
12 1057 -2.720557 0.757218 0.123233 0.997321 -0.000853 0.006237 -0.072883
645 746 4.954109 1.411102 -0.423947 0.953771 -0.010383 0.003880 0.300329
32 1090 0.160502 -4.599101 0.048819 0.900130 0.001701 0.011911 -0.435455
644 716 2.159882 0.156586 -0.222951 0.999040 -0.004412 -0.003537 0.043446
671 747 3.330887 1.193161 -0.389981 0.958234 -0.004858 0.004503 0.285908
634 701 5.394798 0.111618 -0.065241 0.999063 -0.005307 -0.003120 0.042838
5 1072 4.062450 0.277027 0.076533 0.999261 -0.001564 -0.004683 0.038130
648 748 4.895218 1.811630 -0.432261 0.938766 -0.009148 0.003882 0.344413
661 745 2.889709 0.856400 -0.392900 0.969822 -0.003213 0.004824 0.243746
691 742 2.228592 0.456192 -0.273792 0.982842 -0.003250 0.006361 0.184311
636 726 4.800690 0.036270 -0.297153 0.997440 -0.007685 -0.003800 0.070999
686 744 2.633186 0.681808 -0.305284 0.975508 -0.002846 0.007207 0.219827
32 1064 -4.481954 1.887635 0.020692 0.856870 0.004633 -0.000134 -0.515511
36 1070 -4.856500 0.650330 -0.054544 0.809663 -0.001870 -0.011234 -0.586784
644 694 2.139572 0.179199 -0.144093 0.999066 -0.004591 -0.003717 0.042794
665 744 2.633652 0.667252 -0.383634 0.975172 -0.002200 0.005910 0.221360
27 1099 2.997202 -3.921050 0.014213 0.954165 0.001315 0.011229 -0.299066
674 745 2.856560 0.832291 -0.369453 0.970486 -0.003009 0.006119 0.241062
647 734 2.440796 0.200272 -0.413407 0.992161 -0.009260 -0.003480 0.124575
33 1062 -4.973514 2.894736 0.045150 0.845229 0.000319 0.001111 -0.534403
0 1069 3.428831 0.391119 0.074751 0.999622 -0.004156 -0.008708 0.025752
31 1065 -4.091372 1.300042 0.020130 0.871055 0.007489 -0.002593 -0.491122
650 743 3.472046 0.849304 -0.401095 0.971892 -0.006532 0.006193 0.235257
652 738 2.273346 0.341431 -0.397803 0.987018 -0.008303 0.000722 0.160395
17 1078 3.932672 -1.046694 0.046058 0.999058 -0.001039 0.010230 -0.042167
693 752 4.771706 2.556793 -0.309608 0.913432 -0.000907 0.002569 0.406983
35 1067 -4.887326 1.483560 -0.028033 0.810581 0.007073 -0.009308 -0.585509
32 1081 -0.948221 -3.193090 0.052161 0.915360 -0.004814 0.013199 -0.402392
653 745 3.494583 1.085922 -0.413783 0.963719 -0.007733 0.006364 0.266731
5 1074 4.787656 0.377493 0.095132 0.997926 -0.006659 0.000411 0.064025
645 748 5.434174 1.856964 -0.434646 0.937586 -0.009192 0.003218 0.347618
31 1081 -0.424054 -3.194249 0.054590 0.927044 -0.005458 0.013680 -0.374663
11 1073 3.497875 -0.191169 0.069115 0.999970 -0.004071 0.000706 -0.006608
40 1075 -5.981011 -0.254291 -0.008620 0.792636 0.001672 0.000995 -0.609692
24 1080 2.459230 -2.330339 0.042054 0.983307 -0.002138 0.014875 -0.181333
0 1049 -3.774798 0.407633 0.083102 0.999309 -0.008486 -0.002863 0.036060
25 1087 3.715456 -3.347706 0.010542 0.971487 0.004219 0.017472 -0.236410
639 727 3.740181 0.073456 -0.330450 0.996898 -0.009625 -0.004745 0.077967
36 1095 -2.382778 -4.483356 0.044405 0.842742 -0.000674 0.002294 -0.538312
687 743 2.424522 0.560944 -0.294573 0.979517 -0.002977 0.007422 0.201201
634 706 5.394936 0.112350 -0.072858 0.999058 -0.005236 -0.003052 0.042972
664 751 4.445908 2.220917 -0.413676 0.923064 -0.000593 0.000402 0.384645
645 735 2.945084 0.254913 -0.411372 0.990614 -0.008320 -0.003863 0.136382
14 1057 -3.069922 0.881468 0.125882 0.994806 0.001428 0.007411 -0.101508
20 1055 -4.773864 1.768074 0.154030 0.979371 0.006678 0.007868 -0.201804
19 1074 2.009258 -1.126942 0.034452 0.992642 0.004232 0.005482 -0.120891
22 1100 5.176785 -2.659358 0.021148 0.984947 -0.002273 0.012669 -0.172377
640 725 3.342346 0.070099 -0.330782 0.997650 -0.008682 -0.005267 0.067756
685 742 2.212608 0.464691 -0.306830 0.982704 -0.002994 0.006324 0.185052
695 746 3.102417 0.987640 -0.276721 0.965398 -0.005376 0.005254 0.260672
654 745 3.382278 1.056717 -0.410372 0.964596 -0.007118 0.006214 0.263564
697 752 4.774864 2.556870 -0.302772 0.913528 -0.001040 0.002638 0.406765
633 702 5.890877 0.090622 -0.056498 0.999143 -0.004824 -0.002648 0.041028
22 1098 5.179825 -2.661314 0.023068 0.984960 -0.002131 0.012339 -0.172330
652 737 2.106026 0.275055 -0.398248 0.988901 -0.007315 -0.000744 0.148396
30 1066 -3.638592 0.764765 0.026259 0.886147 0.008749 -0.004128 -0.463303
26 1097 3.490282 -3.708496 -0.003425 0.962229 0.003802 0.011147 -0.271987
634 705 5.395004 0.112610 -0.071955 0.999058 -0.005249 -0.003058 0.042966
643 705 2.342064 0.180634 -0.164637 0.998983 -0.004978 -0.004196 0.044618
39 1088 -4.311596 -3.969534 0.006085 0.804946 0.005950 0.009044 -0.593250
3 1070 3.527757 0.328259 0.070335 0.999642 -0.003973 -0.009409 0.024738
696 747 3.347229 1.188110 -0.277878 0.958872 -0.005780 0.004683 0.283740
640 692 3.079208 0.186935 -0.106328 0.998876 -0.007740 -0.005150 0.046482
24 1088 4.256134 -3.158133 0.021599 0.976533 0.003285 0.016512 -0.214709
22 1063 -2.513647 0.616180 0.095746 0.966444 0.001177 0.007562 -0.256762
640 720 3.170631 0.101028 -0.274502 0.998642 -0.008129 -0.005535 0.051166
20 1061 -2.797473 0.858521 0.131861 0.977757 0.006969 0.005452 -0.209552
652 751 5.131424 2.596939 -0.452020 0.911513 -0.004994 0.002323 0.411234
637 696 4.091125 0.165497 -0.083237 0.998897 -0.007541 -0.004010 0.046162
10 1074 4.042230 -0.063943 0.084888 0.999789 -0.008145 0.001839 0.018786
18 1055 -4.437885 1.487978 0.133581 0.986225 0.004513 0.007230 -0.165187
649 749 4.998764 2.041306 -0.433808 0.929771 -0.006182 0.002555 0.368077
676 751 4.454620 2.232727 -0.389891 0.923196 -0.000614 0.001531 0.384326
29 1069 -2.640531 -0.292072 0.018377 0.909135 -0.000104 -0.003687 -0.416486
2 1071 3.996074 0.375150 0.080777 0.999148 -0.002094 -0.009749 0.040044
7 1051 -3.910878 0.647557 0.111120 0.999973 -0.005686 0.001097 -0.004550
641 734 3.683815 0.233231 -0.378909 0.991221 -0.011434 -0.006984 0.131535
634 731 5.974899 0.054489 -0.297074 0.994833 -0.007824 -0.004361 0.101134
16 1076 3.485597 -0.846154 0.044713 0.999081 -0.000872 0.007205 -0.042245
6 1055 -2.495458 0.566417 0.114294 0.999969 -0.004790 0.002841 -0.005513
682 743 2.416832 0.573181 -0.322767 0.979326 -0.002728 0.007298 0.202137
34 1082 -1.852941 -3.375923 0.043572 0.887813 -0.002244 0.011584 -0.460053
6 1077 5.711131 0.485011 0.101654 0.995615 -0.007602 0.004830 0.093110
14 1054 -4.070553 1.103192 0.128221 0.995402 0.000046 0.006291 -0.095575
636 706 4.494698 0.149628 -0.097380 0.998927 -0.006241 -0.003640 0.045736
635 734 5.802948 0.175980 -0.317868 0.991529 -0.010127 -0.005661 0.129365
13 1059 -2.186137 0.668199 0.119573 0.996053 0.002673 0.004763 -0.088592
22 1056 -4.783904 1.971369 0.161797 0.969538 0.002861 0.008953 -0.244761
645 724 2.165222 0.058685 -0.365594 0.998298 -0.005330 -0.002550 0.058013
36 1088 -2.455659 -4.354854 0.037711 0.845582 0.003534 0.007877 -0.533775
641 714 2.811821 0.193527 -0.161692 0.998874 -0.006690 -0.004717 0.046734
671 748 3.601311 1.398270 -0.396506 0.950511 -0.003231 0.004135 0.310646
660 744 2.709663 0.720810 -0.391265 0.974273 -0.002697 0.005668 0.225283
38 1073 -5.306420 0.030717 -0.034204 0.801400 0.001507 -0.005737 -0.598099
644 723 2.328148 0.063019 -0.350708 0.998430 -0.005372 -0.003947 0.055612
644 739 3.773537 0.525681 -0.398434 0.982849 -0.009978 -0.000748 0.184138
650 737 2.377670 0.299316 -0.397029 0.988279 -0.006588 -0.001647 0.152506
646 730 2.267265 0.089218 -0.399659 0.995837 -0.006495 -0.001666 0.090907
669 741 2.023590 0.350861 -0.380384 0.985237 -0.002736 0.004346 0.171120
32 1070 -3.428440 -0.168401 0.001355 0.872743 -0.001825 -0.006680 -0.488131
686 742 2.215767 0.461319 -0.300440 0.982739 -0.003057 0.006339 0.184865
687 741 2.022568 0.360229 -0.291785 0.985530 -0.003357 0.004582 0.169408
2 1053 -2.733896 0.483280 0.097510 0.999797 -0.005246 -0.000673 0.019461
9 1047 -5.346313 0.870899 0.102351 0.999857 -0.009586 0.000049 -0.013918
661 743 2.464722 0.585464 -0.387484 0.978660 -0.002627 0.006035 0.205380
9 1049 -4.795032 0.834893 0.104573 0.999784 -0.008937 0.000327 -0.018758
674 750 4.163208 1.923843 -0.395582 0.932872 -0.000438 0.001749 0.360203
638 735 4.724327 0.266388 -0.345828 0.989826 -0.012282 -0.005433 0.141649
643 742 4.527939 0.826599 -0.391942 0.973803 -0.009568 0.002974 0.227172
634 702 5.394829 0.112961 -0.068926 0.999061 -0.005310 -0.003078 0.042901
18 1084 5.602155 -1.480988 0.023003 0.997431 0.000542 0.016584 -0.069683
660 741 2.099434 0.395859 -0.387213 0.984524 -0.003085 0.003017 0.175196
644 725 2.403709 0.060837 -0.366504 0.997931 -0.005663 -0.003906 0.063927
675 750 4.161957 1.925140 -0.390745 0.932885 -0.000488 0.001661 0.360170
25 1059 -4.368644 1.930118 0.135311 0.947287 0.010283 0.004885 -0.320184
21 1061 -2.993388 0.953549 0.140332 0.973299 0.005078 0.005969 -0.229409
691 744 2.646271 0.676224 -0.278709 0.975631 -0.003037 0.007236 0.219277
34 1086 -1.320291 -4.245013 0.044082 0.878893 0.002659 0.013272 -0.476826
17 1060 -2.573194 0.791465 0.118320 0.988023 0.005212 0.004064 -0.154167
653 750 4.741463 2.245102 -0.448063 0.922962 -0.004970 0.002630 0.384851
670 742 2.220177 0.452789 -0.381470 0.982484 -0.002439 0.006332 0.186223
643 699 2.341446 0.177246 -0.150854 0.998999 -0.005066 -0.004257 0.044244
642 734 3.439018 0.230606 -0.388635 0.991344 -0.010532 -0.006783 0.130692
31 1076 -1.677226 -1.997745 0.045677 0.919092 -0.001042 0.004928 -0.394010
2 1075 5.438899 0.600785 0.120104 0.995815 -0.008559 -0.000859 0.090989
19 1056 -4.293067 1.488385 0.143035 0.982680 0.006763 0.008079 -0.185008
32 1072 -3.030272 -0.800752 0.015079 0.884044 0.001427 -0.005210 -0.467373
5 1054 -2.710116 0.545052 0.109842 0.999982 -0.004719 0.001774 0.003359
636 692 4.496277 0.149307 -0.066719 0.998958 -0.006586 -0.003774 0.044995
2 1055 -2.074720 0.491975 0.100681 0.999870 -0.005327 0.000198 0.015216
644 724 2.362892 0.063736 -0.358018 0.998209 -0.005568 -0.003876 0.059441
32 1092 0.180138 -4.615631 0.048522 0.899787 0.000874 0.011255 -0.436184
633 697 5.889702 0.087448 -0.040048 0.999159 -0.004874 -0.002744 0.040622
636 721 4.616577 0.048431 -0.252001 0.998612 -0.006779 -0.004039 0.052085
24 1090 4.390646 -3.224935 0.018612 0.975543 0.003605 0.015490 -0.219234
639 705 3.385353 0.185287 -0.125459 0.998832 -0.007910 -0.004758 0.047433
38 1084 -3.932914 -3.427680 0.012200 0.828355 0.004443 0.008173 -0.560127
656 749 4.185822 1.819687 -0.423502 0.936691 -0.003193 0.002781 0.350131
641 709 2.811188 0.194717 -0.158363 0.998872 -0.006750 -0.004701 0.046771
3 1051 -3.454177 0.488605 0.090697 0.999771 -0.006057 -0.001318 0.020471
35 1068 -4.761025 1.123577 -0.031347 0.815406 0.003855 -0.009396 -0.578800
676 749 3.883652 1.638168 -0.379830 0.942048 -0.001251 0.003013 0.335463
692 744 2.648232 0.675491 -0.275268 0.975639 -0.003062 0.007271 0.219239
638 720 3.815628 0.090591 -0.253648 0.998638 -0.008724 -0.004706 0.051216
34 1081 -2.036016 -3.096489 0.043807 0.889611 -0.003199 0.012143 -0.456547
643 724 2.564812 0.065643 -0.351943 0.998129 -0.006137 -0.004463 0.060674
661 742 2.260109 0.480469 -0.386680 0.982003 -0.002710 0.004992 0.188780
662 745 2.866127 0.843109 -0.392203 0.970088 -0.003317 0.004819 0.242682
646 745 4.545609 1.219437 -0.427917 0.960536 -0.008864 0.005921 0.277951
10 1057 -2.390948 0.668303 0.118536 0.998833 -0.004872 0.004176 -0.047874
37 1081 -3.694572 -2.717331 0.023610 0.848505 -0.003412 0.008365 -0.529110
685 753 5.038811 2.965561 -0.350720 0.901897 -0.000102 0.003684 0.431935
20 1053 -5.374764 2.039077 0.162661 0.980225 0.006595 0.006950 -0.197656
18 1083 5.331804 -1.427217 0.028740 0.997769 -0.001141 0.015638 -0.064889
634 707 5.394646 0.112320 -0.074325 0.999059 -0.005219 -0.003020 0.042952
6 1076 5.364778 0.420844 0.098652 0.996553 -0.008169 0.003400 0.082481
34 1063 -5.042554 2.761324 0.014984 0.826661 0.002064 0.000645 -0.562696
691 749 3.894409 1.625107 -0.302532 0.942618 -0.001844 0.003253 0.333852
643 715 2.342232 0.188507 -0.179700 0.998981 -0.004980 -0.004174 0.044673
634 714 5.395126 0.119553 -0.084737 0.999056 -0.005248 -0.003004 0.043011
633 698 5.890007 0.087326 -0.042869 0.999157 -0.004877 -0.002722 0.040661
633 717 5.923546 0.047791 -0.138355 0.999124 -0.004812 -0.002658 0.041484
635 694 4.930252 0.132874 -0.059183 0.999013 -0.005667 -0.003467 0.043910
11 1057 -2.553632 0.711069 0.120228 0.998178 -0.003137 0.005036 -0.060041
29 1071 -2.148161 -0.856348 0.019136 0.917671 0.000987 -0.005452 -0.397303
633 706 5.890968 0.090027 -0.060430 0.999140 -0.004750 -0.002622 0.041099
674 746 3.091583 0.995285 -0.371506 0.964892 -0.004479 0.005073 0.262558
11 1070 2.382507 -0.138536 0.046347 0.999054 -0.003912 -0.005650 -0.042943
637 698 4.092094 0.164612 -0.090220 0.998894 -0.007517 -0.003981 0.046240
703 753 5.066307 2.943741 -0.287864 0.902530 -0.000707 0.003889 0.430609
38 1077 -4.804080 -1.300556 -0.006457 0.829844 0.002091 0.000494 -0.557991
18 1081 4.697308 -1.315799 0.034791 0.998266 -0.005372 0.014316 -0.056839
672 743 2.427773 0.561783 -0.373464 0.979195 -0.002466 0.007179 0.202781
33 1076 -2.588191 -1.822384 0.037246 0.893742 -0.000249 0.003448 -0.448568
0 1044 -5.067197 0.338976 0.068781 0.998823 -0.009620 -0.001352 0.047517
638 700 3.722267 0.174164 -0.103652 0.998852 -0.008078 -0.004245 0.047018
15 1049 -5.745705 1.575228 0.132558 0.995034 -0.001985 0.004117 -0.099435
641 699 2.811089 0.183258 -0.135098 0.998892 -0.006778 -0.004833 0.046316
34 1068 -4.441111 0.892638 -0.009669 0.831947 0.003732 -0.007626 -0.554790
30 1061 -4.648446 2.499509 0.086172 0.891203 0.001749 0.001454 -0.453599
689 752 4.763222 2.558914 -0.324233 0.913349 -0.000762 0.002530 0.407170
674 752 4.757103 2.571304 -0.400284 0.912681 -0.000174 0.002289 0.408667
34 1071 -3.984307 -0.137971 -0.008134 0.848067 0.000348 -0.008997 -0.529812
38 1079 -4.510840 -1.933879 0.007849 0.836129 -0.000417 0.006430 -0.548495
40 1080 -5.424226 -1.910000 0.008358 0.813666 0.000746 0.011309 -0.581222
638 718 3.771828 0.116928 -0.215596 0.998764 -0.008159 -0.004432 0.048823
663 743 2.426079 0.561768 -0.385631 0.979081 -0.002413 0.006281 0.203361
685 746 3.080383 0.998367 -0.317191 0.965159 -0.004893 0.005138 0.261567
646 742 3.944229 0.799911 -0.417426 0.974661 -0.008427 0.005796 0.223452
655 743 2.862427 0.736252 -0.399579 0.975091 -0.005534 0.007128 0.221620
12 1051 -4.673343 1.059427 0.124229 0.998183 -0.003191 0.003769 -0.060052
31 1064 -4.257045 1.664712 0.028384 0.871994 0.004308 0.000601 -0.489498
21 1078 2.814522 -1.669683 0.045406 0.993020 0.001162 0.012016 -0.117325
656 748 3.911873 1.578445 -0.414514 0.945632 -0.005299 0.003687 0.325174
33 1081 -1.487760 -3.160674 0.050321 0.902856 -0.004162 0.012440 -0.429743
647 747 4.812721 1.606689 -0.436110 0.946992 -0.011050 0.004658 0.321033
19 1061 -2.598759 0.784427 0.124319 0.981605 0.006536 0.005211 -0.190741
662 741 2.039879 0.369858 -0.385238 0.984994 -0.003056 0.003194 0.172531
26 1067 -2.283520 -0.083884 0.034340 0.935593 0.013397 -0.000045 -0.352825
38 1074 -5.186181 -0.310755 -0.025290 0.809244 0.000661 -0.002875 -0.587465
39 1073 -5.735036 0.237184 -0.032931 0.788263 0.002567 -0.004580 -0.615317
671 746 3.087845 0.991272 -0.387770 0.964835 -0.004430 0.005134 0.262767
12 1075 4.023155 -0.285060 0.063064 0.999953 -0.005147 0.004566 0.006811
12 1074 3.667652 -0.296290 0.059982 0.999965 -0.004063 0.003717 -0.006272
25 1096 3.955835 -3.470362 0.009288 0.969342 0.003234 0.010236 -0.245483
28 1065 -3.339312 0.753702 0.044042 0.911022 0.009190 0.000738 -0.412254
634 719 5.463890 0.036072 -0.195391 0.998947 -0.005660 -0.003487 0.045403
27 1076 0.025893 -2.046525 0.036222 0.958908 0.002565 0.007605 -0.283603
647 742 3.760597 0.789352 -0.417694 0.974907 -0.008799 0.005980 0.222356
690 741 2.029686 0.358963 -0.277425 0.985558 -0.003539 0.004582 0.169241
667 753 5.044930 2.948471 -0.427550 0.901363 0.000154 0.003507 0.433050
641 731 3.392807 0.132233 -0.371818 0.994427 -0.009358 -0.005997 0.104838
693 744 2.649445 0.674698 -0.272726 0.975645 -0.003135 0.007279 0.219213
642 717 2.600166 0.142746 -0.236780 0.998903 -0.005855 -0.004528 0.046231
9 1079 5.956649 0.283926 0.105920 0.996878 -0.014431 0.008739 0.077138
33 1073 -3.217803 -0.956116 0.020894 0.875822 0.001041 -0.001988 -0.482628
687 751 4.456825 2.220474 -0.332338 0.923743 -0.001033 0.001780 0.383007
646 725 2.016327 0.050964 -0.375132 0.998100 -0.005592 -0.001533 0.061335
648 745 4.189415 1.189606 -0.417749 0.961162 -0.008927 0.005521 0.275786
651 749 4.720161 1.993118 -0.433691 0.930945 -0.005305 0.003014 0.365109
678 742 2.217384 0.466614 -0.343279 0.982561 -0.002717 0.006285 0.185813
638 707 3.722649 0.176849 -0.117570 0.998842 -0.007978 -0.004155 0.047254
24 1086 4.001287 -3.025411 0.024282 0.978372 0.002283 0.017927 -0.206061
9 1057 -2.232427 0.628361 0.119960 0.999305 -0.004802 0.003929 -0.036751
647 732 2.229614 0.130157 -0.408965 0.994277 -0.008003 -0.003435 0.106482
688 752 4.760933 2.558151 -0.328091 0.913352 -0.000728 0.002506 0.407162
29 1084 1.281208 -3.711349 0.040805 0.943574 0.000918 0.015541 -0.330797
683 751 4.446884 2.233704 -0.355718 0.923434 -0.000843 0.001615 0.383752
22 1085 4.586510 -2.453412 0.027359 0.987952 -0.001340 0.019439 -0.153530
683 741 2.015610 0.369537 -0.316435 0.985394 -0.003137 0.004462 0.170203
639 706 3.385292 0.185013 -0.126360 0.998832 -0.007897 -0.004752 0.047439
36 1069 -4.968264 1.008597 -0.057058 0.804090 -0.000906 -0.010575 -0.594412
9 1048 -5.076147 0.853592 0.102657 0.999823 -0.009347 0.000229 -0.016335
30 1077 -0.971685 -2.282578 0.048662 0.934415 0.000328 0.006440 -0.356127
39 1089 -4.288831 -4.059769 0.005115 0.803366 0.006316 0.008118 -0.595397
37 1070 -5.217376 0.884915 -0.064054 0.793989 -0.002777 -0.011763 -0.607812
650 735 2.080574 0.191940 -0.399081 0.991427 -0.006558 -0.003348 0.130457
640 711 3.076378 0.199692 -0.147823 0.998839 -0.007441 -0.004983 0.047323
29 1090 1.928995 -4.293233 0.037751 0.935540 0.001132 0.014290 -0.352930
694 747 3.345909 1.186508 -0.280315 0.958850 -0.005749 0.004662 0.283815
658 748 3.763657 1.501877 -0.404204 0.947791 -0.004185 0.002467 0.318857
32 1098 0.170869 -4.581695 0.050563 0.899889 -0.001317 0.007631 -0.436051
636 719 4.564232 0.073517 -0.219677 0.998809 -0.006666 -0.004073 0.048168
637 734 4.964851 0.213699 -0.338466 0.991221 -0.012069 -0.006040 0.131524
672 747 3.332245 1.195374 -0.383972 0.958265 -0.004917 0.004287 0.285808
657 748 3.830544 1.537552 -0.408476 0.946767 -0.004793 0.002966 0.321870
677 742 2.221077 0.463928 -0.350706 0.982547 -0.002690 0.006252 0.185888
32 1065 -4.338507 1.513658 0.012667 0.855881 0.007718 -0.003421 -0.517104
22 1092 5.205586 -2.685237 0.020663 0.984875 -0.001020 0.016426 -0.172484
697 747 3.346764 1.188599 -0.273721 0.958883 -0.005809 0.004685 0.283702
652 739 2.445198 0.418961 -0.399308 0.984924 -0.008457 0.001906 0.172770
643 723 2.530060 0.064865 -0.344674 0.998355 -0.005940 -0.004536 0.056846
9 1056 -2.580381 0.661317 0.117389 0.999365 -0.005635 0.003766 -0.034989
659 753 5.129318 3.056473 -0.418511 0.898637 -0.000489 0.001815 0.438688
20 1058 -3.825102 1.326446 0.146134 0.978303 0.009124 0.007269 -0.206850
32 1078 -1.653592 -2.441480 0.049205 0.914177 -0.000621 0.007668 -0.405242
657 750 4.375839 2.072601 -0.423358 0.928462 -0.001974 0.000752 0.371422
664 748 3.594131 1.393158 -0.397487 0.950498 -0.003239 0.002878 0.310701
669 744 2.636475 0.670715 -0.386029 0.975190 -0.002270 0.006976 0.221249
653 737 1.981163 0.260239 -0.398048 0.989297 -0.007444 -0.000492 0.145727
642 727 2.921303 0.072998 -0.363867 0.997040 -0.007514 -0.004547 0.076378
637 726 4.399399 0.053986 -0.307134 0.997362 -0.008839 -0.004012 0.071938
676 747 3.331757 1.200623 -0.364724 0.958316 -0.004972 0.004368 0.285633
11 1058 -2.201554 0.657582 0.119820 0.998107 -0.001956 0.004100 -0.061336
701 752 4.775429 2.551712 -0.289823 0.913668 -0.001111 0.002615 0.406452
23 1095 4.805209 -2.932761 0.034342 0.980676 -0.002129 0.010777 -0.195333
33 1093 -0.453570 -4.631706 0.051970 0.886367 0.000649 0.009497 -0.462886
27 1083 2.057194 -3.278785 0.025625 0.962392 0.001621 0.016099 -0.271184
37 1075 -4.607324 -0.842419 -0.010674 0.830566 -0.001071 -0.002431 -0.556914
39 1097 -4.255597 -4.100375 0.006585 0.801729 0.001929 0.004150 -0.597670
6 1052 -3.471463 0.591058 0.112614 0.999985 -0.005144 0.001657 0.001077
23 1087 4.550848 -2.832697 0.032673 0.982342 -0.001289 0.018293 -0.186193
32 1074 -2.581787 -1.379455 0.033171 0.895890 -0.000485 0.001619 -0.444273
635 702 4.931145 0.133026 -0.082376 0.998991 -0.005554 -0.003370 0.044433
636 693 4.495079 0.149765 -0.069331 0.998958 -0.006514 -0.003763 0.045022
36 1099 -2.380672 -4.476912 0.038475 0.842742 0.000079 0.003273 -0.538308
31 1094 0.775527 -4.522779 0.055973 0.912512 -0.001842 0.008913 -0.408949
27 1082 1.803260 -3.100521 0.028501 0.963512 -0.001755 0.015352 -0.267218
635 691 4.934769 0.131775 -0.051996 0.999020 -0.005859 -0.003451 0.043725
24 1061 -3.575664 1.315369 0.125705 0.954828 0.006044 0.004423 -0.297064
633 709 5.890579 0.098434 -0.068967 0.999137 -0.004823 -0.002557 0.041175
639 719 3.455368 0.108719 -0.248247 0.998708 -0.008323 -0.005182 0.049870
31 1100 0.774801 -4.509873 0.049388 0.912574 -0.001875 0.008565 -0.408819
26 1076 0.418514 -2.005553 0.026119 0.966552 0.005183 0.008121 -0.256291
21 1053 -5.520473 2.238040 0.172082 0.976005 0.004743 0.007498 -0.217567
3 1046 -4.860290 0.460542 0.073546 0.999423 -0.008677 -0.002656 0.032726
686 747 3.327362 1.195831 -0.313233 0.958640 -0.005383 0.004540 0.284533
639 691 3.388710 0.184525 -0.092033 0.998865 -0.008274 -0.004862 0.046659
20 1079 3.456479 -1.580090 0.042247 0.995592 -0.000241 0.013318 -0.092834
666 748 3.603271 1.385529 -0.398664 0.950471 -0.003424 0.003367 0.310776
674 743 2.430099 0.563705 -0.362865 0.979216 -0.002471 0.007335 0.202671
13 1058 -2.544438 0.739746 0.121585 0.996119 0.002137 0.005971 -0.087792
642 714 2.567101 0.192001 -0.170948 0.998920 -0.005805 -0.004443 0.045886
36 1085 -2.650494 -3.909837 0.031533 0.852839 0.003310 0.009189 -0.522082
26 1078 1.041582 -2.328857 0.026330 0.970946 0.004696 0.011302 -0.238985
653 741 2.692917 0.572235 -0.401437 0.980368 -0.007537 0.004434 0.196980
667 746 3.091354 0.976410 -0.395434 0.964837 -0.004610 0.005005 0.262761
638 694 3.721878 0.177475 -0.088982 0.998867 -0.008181 -0.004311 0.046679
26 1094 3.493479 -3.718989 0.001209 0.962215 0.003756 0.012060 -0.271997
666 752 4.754349 2.555588 -0.416901 0.912537 -0.000387 0.001600 0.408991
37 1096 -3.016173 -4.367490 0.041265 0.828333 -0.000978 0.001860 -0.560233
34 1098 -1.091161 -4.609048 0.044765 0.872140 0.000006 0.006406 -0.489214
22 1087 4.923786 -2.578649 0.027143 0.986405 -0.001876 0.019059 -0.163215
662 742 2.235695 0.468582 -0.385948 0.982209 -0.002813 0.004981 0.187704
637 725 4.357124 0.049835 -0.302167 0.997693 -0.008653 -0.004131 0.067212
39 1084 -4.512496 -3.277558 0.001258 0.816025 0.005857 0.009207 -0.577914
643 717 2.375099 0.138336 -0.243349 0.998965 -0.005027 -0.004226 0.045008
4 1045 -5.206820 0.494400 0.081019 0.999499 -0.008635 -0.001149 0.030435
25 1092 3.978252 -3.495060 0.004277 0.969259 0.004891 0.014826 -0.245547
671 745 2.852890 0.828156 -0.385692 0.970433 -0.002961 0.006181 0.241272
683 750 4.152245 1.928635 -0.352201 0.933121 -0.000737 0.001757 0.359558
16 1058 -3.091637 0.937960 0.124002 0.990801 0.004627 0.006377 -0.135097
30 1071 -2.507901 -0.756724 0.014200 0.905527 0.000395 -0.006572 -0.424237
675 742 2.223534 0.461273 -0.357012 0.982522 -0.002612 0.006199 0.186027
662 743 2.440544 0.573105 -0.386760 0.978885 -0.002730 0.006026 0.204307
637 737 5.389145 0.369553 -0.335668 0.986540 -0.011740 -0.003367 0.163064
667 742 2.224907 0.440628 -0.385488 0.982476 -0.002704 0.006217 0.186268
643 711 2.340691 0.192947 -0.176305 0.998978 -0.005010 -0.004160 0.044723
35 1100 -1.738580 -4.560468 0.038292 0.857488 0.000396 0.005076 -0.514479
35 1096 -1.739608 -4.565937 0.042787 0.857485 0.000005 0.004215 -0.514491
687 747 3.331032 1.191605 -0.306021 0.958720 -0.005410 0.004578 0.284263
643 734 3.214050 0.224411 -0.395621 0.991513 -0.009685 -0.006547 0.129478
30 1064 -4.029888 1.452915 0.034970 0.886368 0.004617 0.001336 -0.462956
647 730 2.082047 0.082458 -0.399063 0.995936 -0.006896 -0.001537 0.089790
21 1076 2.131233 -1.508886 0.045169 0.990799 0.002034 0.008882 -0.135035
658 747 3.496803 1.292114 -0.398520 0.955728 -0.005772 0.002798 0.294183
23 1086 4.403279 -2.767776 0.033017 0.983227 -0.001218 0.018927 -0.181396
642 721 2.689072 0.083801 -0.313577 0.998605 -0.006335 -0.004894 0.052194
643 737 3.638977 0.378494 -0.391884 0.986897 -0.009368 -0.003951 0.161034
646 739 3.388390 0.508652 -0.413592 0.983325 -0.009614 0.001609 0.181595
30 1080 -0.165868 -2.943251 0.054834 0.938720 -0.004745 0.013737 -0.344375
33 1091 -0.447412 -4.649391 0.048950 0.886216 0.001558 0.010551 -0.463149
639 717 3.418747 0.142715 -0.203878 0.998813 -0.007959 -0.004788 0.047824
648 750 5.414299 2.372009 -0.451524 0.919291 -0.006216 0.001960 0.393524
23 1100 4.799816 -2.925124 0.027087 0.980666 -0.001827 0.011916 -0.195319
641 708 2.812042 0.191147 -0.155337 0.998874 -0.006715 -0.004735 0.046722
5 1069 2.940554 0.241410 0.060794 0.999959 -0.003264 -0.006691 0.005061
5 1055 -2.375695 0.539876 0.110941 0.999985 -0.004744 0.002274 0.001241
646 731 2.333626 0.110291 -0.405080 0.995064 -0.006868 -0.002581 0.098966
636 722 4.647224 0.040527 -0.263407 0.998463 -0.006820 -0.004000 0.054852
4 1051 -3.553398 0.515336 0.097508 0.999857 -0.005739 -0.000560 0.015903
643 706 2.341988 0.180374 -0.165540 0.998983 -0.004965 -0.004190 0.044623
28 1080 0.782559 -2.833479 0.047609 0.957176 -0.004071 0.015296 -0.289074
634 691 5.398468 0.111679 -0.038548 0.999089 -0.005614 -0.003158 0.042192
25 1083 2.950365 -2.933124 0.018995 0.975997 0.003440 0.016018 -0.217167
639 696 3.383293 0.183289 -0.101805 0.998854 -0.008047 -0.004884 0.046924
645 745 4.732628 1.230118 -0.421220 0.960217 -0.008931 0.004857 0.279068
24 1084 3.607573 -2.844177 0.025456 0.980420 0.003244 0.016594 -0.196192
633 718 5.938797 0.030121 -0.160468 0.999074 -0.004913 -0.002872 0.042649
650 749 4.853798 2.015030 -0.429851 0.930276 -0.005213 0.002523 0.366814
638 706 3.722931 0.176910 -0.116103 0.998841 -0.007995 -0.004187 0.047274
681 752 4.746803 2.578156 -0.366570 0.912856 -0.000417 0.002310 0.408275
640 709 3.077263 0.195541 -0.145577 0.998841 -0.007470 -0.004949 0.047300
23 1094 4.806118 -2.936469 0.033568 0.980633 -0.001873 0.012263 -0.195459
663 741 2.025024 0.359299 -0.383961 0.985160 -0.002750 0.003460 0.171579
22 1064 -2.186388 0.377997 0.080882 0.965411 0.005233 0.006594 -0.260596
642 692 2.568428 0.184464 -0.128396 0.998953 -0.006137 -0.004626 0.045105
37 1098 -3.014009 -4.365723 0.038737 0.828366 -0.000547 0.002338 -0.560181
34 1095 -1.092478 -4.614925 0.050135 0.872113 -0.000657 0.005775 -0.489269
32 1068 -3.813609 0.479488 0.005158 0.863721 0.003152 -0.006228 -0.503922
634 709 5.394516 0.120743 -0.081403 0.999054 -0.005308 -0.002988 0.043048
636 700 4.494049 0.146866 -0.084940 0.998938 -0.006324 -0.003697 0.045481
681 744 2.629868 0.690018 -0.331933 0.975336 -0.002610 0.007119 0.220596
689 750 4.167206 1.913406 -0.318732 0.933460 -0.001039 0.001959 0.358674
31 1092 0.787824 -4.546340 0.049288 0.912496 0.000262 0.011899 -0.408913
635 731 5.511528 0.076248 -0.310156 0.994673 -0.008083 -0.004643 0.102659
682 744 2.628647 0.690613 -0.326098 0.975361 -0.002627 0.007114 0.220484
648 734 2.265015 0.186661 -0.405397 0.992303 -0.008880 -0.004032 0.123451
10 1075 4.396710 -0.034873 0.089052 0.999446 -0.009274 0.002712 0.031859
641 733 3.576004 0.187637 -0.377553 0.992396 -0.010893 -0.007355 0.122384
653 738 2.148834 0.325699 -0.397695 0.987446 -0.008426 0.000978 0.157731
31 1071 -2.871145 -0.632757 0.011313 0.892307 -0.000176 -0.007161 -0.451372
21 1080 3.491833 -1.812397 0.042473 0.993579 -0.003676 0.015890 -0.111959
636 718 4.543289 0.089874 -0.197142 0.998853 -0.006404 -0.003888 0.047286
679 750 4.154968 1.930008 -0.372188 0.932983 -0.000651 0.001730 0.359916
21 1062 -2.643468 0.757713 0.121344 0.972694 0.002750 0.007160 -0.231966
23 1064 -2.413690 0.452520 0.074965 0.959071 0.005606 0.005684 -0.283052
14 1080 5.349125 -0.509381 0.049776 0.999772 -0.009541 0.013580 0.013472
638 728 4.127113 0.072876 -0.324186 0.996427 -0.009813 -0.004092 0.083790
684 748 3.593208 1.406860 -0.330951 0.950830 -0.003661 0.004107 0.309666
4 1049 -4.148273 0.514500 0.088745 0.999749 -0.007561 -0.001740 0.021032
654 752 5.199867 2.882065 -0.452118 0.902913 -0.004102 0.003149 0.429793
681 743 2.418068 0.572525 -0.328603 0.979303 -0.002711 0.007303 0.202250
644 711 2.139297 0.191391 -0.181968 0.999038 -0.004449 -0.003565 0.043488
28 1084 1.789722 -3.587414 0.033452 0.952679 0.001464 0.016355 -0.303533
5 1049 -4.256135 0.555925 0.097668 0.999854 -0.007452 -0.000769 0.015387
664 750 4.151863 1.915253 -0.411188 0.932774 -0.000456 0.000550 0.360461
692 742 2.230545 0.455475 -0.270314 0.982849 -0.003276 0.006394 0.184273
7 1074 4.529218 0.224876 0.090658 0.998764 -0.006684 0.001124 0.049244
0 1073 4.913289 0.533946 0.107927 0.997421 -0.005301 -0.003361 0.071492
34 1066 -4.720033 1.609085 -0.001965 0.824149 0.009040 -0.007538 -0.566251
641 692 2.813148 0.186066 -0.119126 0.998907 -0.007021 -0.004901 0.045953
29 1094 1.936265 -4.284077 0.044117 0.935290 -0.001556 0.010457 -0.353725
29 1066 -3.366723 0.595674 0.035617 0.899445 0.009216 -0.002746 -0.436929
647 728 1.970985 0.056015 -0.389297 0.997070 -0.006497 -0.001131 0.076210
29 1088 1.818110 -4.191921 0.040074 0.937148 0.000956 0.015367 -0.348591
640 728 3.482224 0.083389 -0.344567 0.996433 -0.009246 -0.004941 0.083739
6 1068 2.437781 0.195945 0.061885 0.999936 0.000383 -0.004394 -0.010437
635 717 4.964226 0.090302 -0.164124 0.998971 -0.005542 -0.003381 0.044889
681 746 3.079926 1.003540 -0.337336 0.965004 -0.004722 0.005057 0.262144
27 1069 -2.006973 -0.492672 0.019492 0.931622 0.003434 -0.002271 -0.363405
17 1083 5.599183 -1.204471 0.036661 0.998770 -0.002746 0.015219 -0.047111
683 748 3.593536 1.407623 -0.336630 0.950792 -0.003581 0.004070 0.309782
29 1091 1.951041 -4.306983 0.037219 0.935221 0.000400 0.013783 -0.353796
666 750 4.160912 1.907700 -0.413162 0.932745 -0.000615 0.001049 0.360535
9 1075 4.569216 0.076499 0.093017 0.999031 -0.009203 0.002408 0.042983
23 1093 4.812795 -2.941774 0.029742 0.980646 -0.001064 0.014598 -0.195242
15 1055 -3.918429 1.130780 0.127969 0.993514 0.000997 0.006906 -0.113497
11 1050 -4.813169 0.999361 0.112818 0.998985 -0.006374 0.001883 -0.044557
15 1074 3.018846 -0.660089 0.043123 0.998691 -0.000873 0.004925 -0.050895
20 1084 5.017124 -1.939768 0.020391 0.994131 0.003126 0.017178 -0.106764
11 1049 -5.103837 1.036941 0.110487 0.999087 -0.007338 0.001502 -0.042066
27 1068 -2.286468 -0.237619 0.026841 0.928387 0.007541 -0.001930 -0.371534
38 1091 -3.643186 -4.275907 0.018521 0.814410 0.003657 0.006597 -0.580240
639 710 3.384300 0.196381 -0.136237 0.998827 -0.007957 -0.004736 0.047525
652 749 4.596291 1.970032 -0.437702 0.931789 -0.005711 0.003558 0.362939
695 750 4.177666 1.911972 -0.302349 0.933572 -0.001319 0.002014 0.358382
8 1075 4.731727 0.178605 0.094170 0.998556 -0.008494 0.002166 0.052995
2 1070 3.622909 0.358326 0.074365 0.999538 -0.004090 -0.009763 0.028496
18 1073 1.918770 -0.950146 0.031109 0.993222 0.004630 0.003104 -0.116099
4 1053 -2.927033 0.522007 0.103772 0.999927 -0.004779 0.000442 0.011134
36 1074 -4.314467 -0.724029 -0.011889 0.837818 0.000191 -0.003178 -0.545941
670 753 5.040428 2.960373 -0.423251 0.901383 0.000439 0.003550 0.433008
683 753 5.036438 2.970062 -0.360615 0.901753 -0.000002 0.003581 0.432237
654 748 4.103630 1.660660 -0.424512 0.943076 -0.007322 0.004451 0.332467
636 717 4.527817 0.107483 -0.175114 0.998909 -0.006303 -0.003676 0.046121
18 1054 -4.752069 1.602635 0.136322 0.986576 0.004464 0.006714 -0.163103
645 720 2.034943 0.088074 -0.316734 0.998930 -0.004911 -0.002798 0.045900
684 743 2.416710 0.570404 -0.313216 0.979381 -0.002846 0.007323 0.201871
21 1087 5.268695 -2.336398 0.020366 0.989718 0.000446 0.018607 -0.141814
641 710 2.810669 0.197754 -0.159642 0.998871 -0.006738 -0.004750 0.046781
636 686 4.510468 0.147995 -0.036193 0.998984 -0.006813 -0.003776 0.044395
670 752 4.751701 2.565094 -0.420017 0.912614 -0.000029 0.002294 0.408816
24 1092 4.415570 -3.231051 0.018130 0.975379 0.002946 0.014667 -0.220026
0 1075 5.616115 0.679044 0.122207 0.995178 -0.009033 -0.000822 0.097667
645 742 4.132217 0.809189 -0.412163 0.974406 -0.008435 0.004731 0.224587
670 751 4.452126 2.223007 -0.418771 0.923106 -0.000398 0.001608 0.384541
638 709 3.722466 0.185242 -0.124695 0.998837 -0.008068 -0.004122 0.047349
643 703 2.342140 0.180573 -0.163882 0.998986 -0.004973 -0.004213 0.044558
667 750 4.162605 1.905441 -0.419498 0.932796 -0.000574 0.001695 0.360400
646 744 4.342987 1.052597 -0.423508 0.966059 -0.008261 0.006856 0.258097
638 697 3.721619 0.174423 -0.095708 0.998862 -0.008118 -0.004311 0.046797
687 752 4.757530 2.561569 -0.333980 0.913291 -0.000657 0.002482 0.407299
677 748 3.601738 1.405655 -0.369415 0.950633 -0.003400 0.004049 0.310272
643 728 2.745560 0.075500 -0.374356 0.996670 -0.006786 -0.004202 0.081146
666 742 2.223595 0.442322 -0.382117 0.982453 -0.002628 0.005574 0.186410
644 726 2.445999 0.064758 -0.371480 0.997616 -0.005848 -0.003800 0.068654
633 695 5.889732 0.088501 -0.034269 0.999164 -0.004892 -0.002712 0.040492
637 708 4.093468 0.172043 -0.113346 0.998874 -0.007428 -0.003848 0.046705
35 1077 -3.346545 -1.842306 0.021048 0.871003 0.001946 0.002139 -0.491268
27 1088 2.870848 -3.853569 0.015826 0.955674 0.003488 0.016565 -0.293940
6 1071 3.565088 0.197943 0.063329 0.999786 -0.001701 -0.007185 0.019311
649 733 1.991539 0.127472 -0.399919 0.993545 -0.007424 -0.004709 0.113095
8 1049 -4.645844 0.749129 0.104491 0.999928 -0.008200 0.000133 -0.008737
15 1052 -4.866336 1.364505 0.134550 0.994247 0.000540 0.005731 -0.106952
20 1076 2.423232 -1.393151 0.039139 0.993344 0.003797 0.008113 -0.114840
15 1056 -3.587898 1.047201 0.127584 0.993271 0.001534 0.007390 -0.115564
695 749 3.899872 1.623932 -0.295143 0.942675 -0.002069 0.003328 0.333689
27 1094 2.998824 -3.931542 0.019278 0.954123 0.001257 0.011537 -0.299190
30 1086 1.058035 -4.110895 0.047988 0.929717 0.000161 0.015872 -0.367934
14 1076 3.955797 -0.554020 0.047869 0.999922 -0.002957 0.007254 -0.009734
692 743 2.436111 0.558594 -0.271806 0.979581 -0.003165 0.007447 0.200887
17 1056 -3.944289 1.254727 0.127478 0.988707 0.003657 0.007250 -0.149643
25 1088 3.822864 -3.413881 0.007955 0.970552 0.005281 0.016652 -0.240259
646 743 4.140892 0.919128 -0.419425 0.970733 -0.008365 0.006935 0.239917
636 689 4.502357 0.150543 -0.054126 0.998966 -0.006661 -0.003795 0.044817
642 741 4.564484 0.721359 -0.384184 0.976923 -0.010581 0.000914 0.213325
678 750 4.156433 1.929626 -0.377614 0.932963 -0.000577 0.001764 0.359967
673 741 2.027954 0.361359 -0.366754 0.985260 -0.002813 0.004495 0.170979
22 1082 3.814156 -2.175960 0.039856 0.990055 -0.005761 0.016475 -0.139596
636 691 4.498199 0.149017 -0.063064 0.998960 -0.006619 -0.003747 0.044957
32 1100 0.169333 -4.578446 0.048604 0.899865 -0.001363 0.007987 -0.436094
644 696 2.138634 0.176941 -0.146671 0.999063 -0.004555 -0.003725 0.042873
27 1062 -3.850750 1.546324 0.100478 0.926324 0.003101 0.005721 -0.376670
20 1077 2.767576 -1.467416 0.039153 0.994500 0.004667 0.009284 -0.104221
641 744 5.390961 1.098221 -0.379914 0.964512 -0.011318 0.003880 0.263768
640 740 4.887657 0.631363 -0.362005 0.979541 -0.012536 -0.000866 0.200853
685 744 2.629944 0.685379 -0.311643 0.975467 -0.002783 0.007191 0.220013
652 748 4.329048 1.721420 -0.427488 0.941065 -0.007850 0.004369 0.338105
21 1083 4.438348 -2.076109 0.029632 0.992355 -0.000173 0.017126 -0.122222
688 745 2.854668 0.825409 -0.295299 0.970880 -0.003587 0.006239 0.239460
20 1087 5.591796 -2.092317 0.018272 0.992414 0.002017 0.017817 -0.121623
26 1077 0.727548 -2.174623 0.025653 0.969220 0.006218 0.009152 -0.245948
634 698 5.393959 0.109665 -0.055294 0.999076 -0.005363 -0.003153 0.042534
1 1075 5.528732 0.641375 0.122431 0.995486 -0.008819 -0.000947 0.094488
644 722 2.292564 0.069611 -0.337681 0.998600 -0.004983 -0.003972 0.052505
25 1063 -3.162961 0.919618 0.076899 0.944550 0.006543 0.006232 -0.328244
670 750 4.158012 1.917435 -0.415410 0.932813 -0.000293 0.001761 0.360356
639 702 3.385170 0.185638 -0.122432 0.998834 -0.007971 -0.004778 0.047368
633 701 5.890839 0.089279 -0.052814 0.999145 -0.004822 -0.002690 0.040965
651 737 2.237793 0.286499 -0.397912 0.988556 -0.006792 -0.001187 0.150697
636 729 4.950455 0.057571 -0.311453 0.996013 -0.008241 -0.003626 0.088749
33 1084 -0.956598 -3.911694 0.047234 0.897266 0.002207 0.012247 -0.441315
645 730 2.456886 0.094559 -0.398181 0.995729 -0.006353 -0.002720 0.092067
663 742 2.221039 0.457626 -0.384745 0.982389 -0.002502 0.005242 0.186755
635 720 5.023216 0.046280 -0.224456 0.998799 -0.006208 -0.003872 0.048447
26 1064 -3.105060 0.760772 0.061322 0.933783 0.010704 0.005334 -0.357640
645 736 3.087967 0.305740 -0.410938 0.989104 -0.007717 -0.002914 0.146985
644 733 2.904373 0.176056 -0.400897 0.992825 -0.008548 -0.006348 0.119098
36 1073 -4.468466 -0.396406 -0.021247 0.830520 0.001184 -0.006002 -0.556955
657 742 2.473297 0.562363 -0.391788 0.980204 -0.003966 0.005014 0.197885
32 1080 -1.174776 -2.941323 0.053491 0.916278 -0.004118 0.012826 -0.400316
39 1079 -5.025222 -1.760136 0.002174 0.824058 0.000977 0.007553 -0.566455
35 1088 -1.819308 -4.445479 0.039487 0.860183 0.003789 0.009801 -0.509877
635 732 5.592438 0.103851 -0.314279 0.993733 -0.008831 -0.005625 0.111285
635 708 4.931664 0.137253 -0.091843 0.998987 -0.005518 -0.003314 0.044532
7 1070 3.054118 0.137992 0.058840 0.999968 -0.003796 -0.007045 -0.000288
6 1067 2.056368 0.203529 0.066000 0.999817 0.002967 -0.002554 -0.018718
0 1045 -4.832244 0.355688 0.073263 0.998918 -0.009578 -0.002279 0.045457
635 687 4.943916 0.132629 -0.032660 0.999032 -0.006015 -0.003503 0.043444
640 739 4.708656 0.545258 -0.361290 0.982100 -0.013149 -0.001749 0.187893
679 752 4.749260 2.577118 -0.377027 0.912807 -0.000387 0.002282 0.408386
634 716 5.414162 0.090027 -0.124572 0.999056 -0.005243 -0.002994 0.043029
653 751 5.019035 2.565765 -0.453842 0.912619 -0.005047 0.002595 0.408772
665 749 3.877769 1.621490 -0.402580 0.941909 -0.001162 0.001837 0.335861
638 688 3.732742 0.179016 -0.068692 0.998879 -0.008454 -0.004338 0.046363
663 747 3.329826 1.196442 -0.394271 0.958099 -0.004939 0.003386 0.286373
682 747 3.322136 1.205566 -0.333747 0.958450 -0.005169 0.004430 0.285178
25 1086 3.575337 -3.267967 0.011022 0.972619 0.004318 0.018079 -0.231661
33 1078 -2.146664 -2.368020 0.045903 0.901584 -0.000135 0.006787 -0.432551
19 1059 -3.307025 1.070429 0.133741 0.981951 0.009064 0.005819 -0.188826
659 742 2.340797 0.513489 -0.387393 0.981299 -0.002907 0.004404 0.192415
642 738 4.028938 0.456757 -0.383519 0.984641 -0.011274 -0.002672 0.174205
35 1065 -5.094231 2.234450 -0.027354 0.806434 0.008697 -0.006987 -0.591219
25 1098 3.956332 -3.467585 0.006790 0.969350 0.003478 0.010833 -0.245421
29 1078 -0.241443 -2.494542 0.051193 0.946831 -0.000723 0.009838 -0.321581
677 745 2.852867 0.836136 -0.358651 0.970529 -0.003123 0.006083 0.240889
677 743 2.426308 0.567703 -0.352062 0.979253 -0.002583 0.007295 0.202496
691 746 3.097176 0.988541 -0.284408 0.965355 -0.005146 0.005195 0.260839
30 1072 -2.265423 -1.041348 0.022928 0.910599 0.001788 -0.003925 -0.413268
673 742 2.224091 0.459457 -0.367979 0.982497 -0.002548 0.006278 0.186156
35 1099 -1.737604 -4.563149 0.039718 0.857481 0.000455 0.005105 -0.514489
40 1083 -5.149819 -2.853556 0.006839 0.807624 0.004453 0.010647 -0.589585
634 726 5.700050 -0.002304 -0.273233 0.997642 -0.006666 -0.003235 0.068239
32 1076 -2.127138 -1.923372 0.041532 0.906824 -0.000650 0.004323 -0.421487
673 746 3.090660 0.995056 -0.377927 0.964868 -0.004450 0.005054 0.262650
683 744 2.629105 0.688263 -0.322399 0.975394 -0.002663 0.007112 0.220340
10 1051 -4.356419 0.872187 0.110644 0.999359 -0.007174 0.001700 -0.035020
698 752 4.774803 2.556625 -0.299732 0.913544 -0.001047 0.002617 0.406730
35 1087 -1.872348 -4.330987 0.040246 0.862183 0.002991 0.010917 -0.506470
25 1066 -2.305367 0.085696 0.044174 0.943014 0.015386 0.000166 -0.332396
653 749 4.480522 1.941727 -0.439097 0.932764 -0.005774 0.003828 0.360422
27 1066 -2.830498 0.305459 0.042681 0.923093 0.012651 -0.000719 -0.384369
642 730 3.081665 0.108368 -0.376502 0.995343 -0.008066 -0.004869 0.095938
644 746 5.148018 1.424118 -0.409408 0.953341 -0.010945 0.002646 0.301686
644 706 2.140579 0.178818 -0.171218 0.999042 -0.004404 -0.003595 0.043389
700 753 5.066147 2.948776 -0.298469 0.902448 -0.000625 0.003883 0.430781
1 1043 -5.383584 0.354057 0.061716 0.998882 -0.009452 -0.001081 0.046315
642 745 5.348579 1.261566 -0.392692 0.959116 -0.011045 0.003063 0.282782
30 1089 1.317538 -4.389040 0.045853 0.925456 0.001496 0.013450 -0.378612
661 747 3.365845 1.223831 -0.395813 0.957507 -0.005167 0.003153 0.288348
638 703 3.723083 0.177124 -0.114447 0.998844 -0.008003 -0.004210 0.047209
0 1043 -5.294162 0.322019 0.064503 0.998727 -0.009671 -0.000970 0.049506
640 699 3.077164 0.184097 -0.122297 0.998861 -0.007497 -0.005082 0.046845
37 1068 -5.403564 1.615297 -0.066673 0.782819 0.002312 -0.012026 -0.622129
3 1052 -3.144948 0.496223 0.094621 0.999822 -0.005525 -0.000629 0.018047
26 1081 1.962701 -2.791407 0.018481 0.971639 -0.000388 0.015992 -0.235926
37 1094 -3.018319 -4.374521 0.043385 0.828256 -0.000447 0.003035 -0.560341
24 1064 -2.644920 0.534008 0.064172 0.951623 0.008862 0.004837 -0.307103
649 740 3.045540 0.549133 -0.400996 0.981519 -0.008065 0.001637 0.191189
643 743 4.723686 0.947311 -0.392888 0.969815 -0.009558 0.004132 0.243621
30 1096 1.366035 -4.412354 0.049606 0.924498 -0.002009 0.008169 -0.381094
640 694 3.076614 0.187729 -0.109875 0.998870 -0.007582 -0.005137 0.046629
646 748 5.248589 1.844620 -0.443081 0.937986 -0.009051 0.004275 0.346527
640 716 3.097351 0.164810 -0.188537 0.998842 -0.007405 -0.004955 0.047281
37 1091 -3.015350 -4.401696 0.036808 0.828202 0.002225 0.005819 -0.560394
33 1064 -4.709600 2.123286 0.011260 0.840981 0.004991 -0.001132 -0.541041
5 1068 2.562154 0.236110 0.063771 0.999981 0.000481 -0.004926 -0.003680
26 1059 -4.525871 2.135092 0.137784 0.938178 0.010472 0.005242 -0.345955
639 742 5.567886 0.842178 -0.353598 0.973131 -0.012571 0.002948 0.229892
639 743 5.762955 0.963989 -0.354985 0.969097 -0.012564 0.004157 0.246326
641 698 2.810623 0.183701 -0.132226 0.998895 -0.006803 -0.004867 0.046257
26 1087 3.257662 -3.576431 0.000829 0.964653 0.004810 0.017982 -0.262866
26 1100 3.489056 -3.706739 -0.005178 0.962258 0.003774 0.011710 -0.271861
689 742 2.224106 0.455795 -0.282874 0.982816 -0.003200 0.006396 0.184449
648 742 3.586151 0.772797 -0.407806 0.975164 -0.008466 0.005392 0.221256
635 726 5.236839 0.018600 -0.286448 0.997533 -0.006917 -0.003523 0.069769
24 1060 -3.895760 1.533895 0.130538 0.955190 0.007656 0.003885 -0.295869
673 748 3.604233 1.401947 -0.386576 0.950549 -0.003255 0.004056 0.310531
640 712 3.077400 0.196365 -0.148051 0.998842 -0.007446 -0.004973 0.047261
22 1097 5.178349 -2.660812 0.022910 0.984932 -0.002188 0.012112 -0.172503
25 1067 -2.008293 -0.163088 0.035695 0.944889 0.013356 -0.000320 -0.327119
22 1096 5.179759 -2.664112 0.025592 0.984956 -0.002330 0.011726 -0.172390
637 736 5.236809 0.307968 -0.337475 0.988363 -0.011067 -0.004194 0.151653
643 746 5.346642 1.432861 -0.401389 0.952963 -0.011647 0.002211 0.302856
18 1058 -3.458864 1.118198 0.128253 0.985350 0.006985 0.006713 -0.170267
678 746 3.084328 1.001617 -0.353364 0.964958 -0.004618 0.005075 0.262314
653 744 3.288124 0.923859 -0.409424 0.969009 -0.007127 0.007314 0.246814
640 693 3.078018 0.187393 -0.108946 0.998875 -0.007668 -0.005138 0.046509
681 741 2.016548 0.370956 -0.325978 0.985349 -0.003084 0.004472 0.170462
673 749 3.885506 1.634628 -0.395228 0.941992 -0.001156 0.003064 0.335619
26 1088 3.361292 -3.648374 -0.001918 0.963612 0.005846 0.017134 -0.266690
680 744 2.630699 0.689835 -0.336246 0.975328 -0.002595 0.007115 0.220631
15 1058 -2.906187 0.865073 0.124714 0.992913 0.003494 0.006502 -0.118613
642 710 2.565948 0.196228 -0.168890 0.998917 -0.005853 -0.004476 0.045933
37 1077 -4.318685 -1.486020 0.002859 0.843091 0.000785 -0.000285 -0.537769
640 706 3.077721 0.187180 -0.136996 0.998844 -0.007396 -0.005014 0.047224
14 1075 3.602615 -0.546346 0.046955 0.999739 -0.002828 0.005693 -0.021922
5 1047 -4.808584 0.554226 0.094594 0.999762 -0.008094 -0.001075 0.020226
30 1079 -0.429524 -2.722231 0.056386 0.938365 -0.003394 0.011675 -0.345433
678 749 3.879616 1.640625 -0.370841 0.942109 -0.001323 0.003097 0.335290
640 734 3.949966 0.234650 -0.365694 0.991141 -0.012170 -0.007172 0.132060
679 751 4.449371 2.235306 -0.375654 0.923287 -0.000757 0.001587 0.384106
643 694 2.340950 0.180786 -0.138415 0.999008 -0.005151 -0.004312 0.044028
691 747 3.341026 1.189453 -0.286838 0.958799 -0.005574 0.004583 0.283993
694 752 4.773682 2.555115 -0.309180 0.913481 -0.000984 0.002608 0.406873
664 753 5.034058 2.958420 -0.416341 0.901337 0.000181 0.002357 0.433111
633 708 5.891411 0.094849 -0.065959 0.999139 -0.004787 -0.002591 0.041127
11 1054 -3.569237 0.848791 0.116951 0.998519 -0.004486 0.003884 -0.054086
37 1072 -5.014475 0.165877 -0.043840 0.808155 0.000524 -0.010771 -0.588871
685 745 2.845032 0.835831 -0.315024 0.970731 -0.003423 0.006173 0.240064
9 1046 -5.605080 0.885110 0.101013 0.999885 -0.009726 0.000218 -0.011626
31 1082 -0.193873 -3.436357 0.053540 0.925570 -0.004463 0.013205 -0.378319
8 1071 3.275717 0.063516 0.062714 0.999971 -0.002510 -0.006963 0.001944
649 735 2.230507 0.210724 -0.401464 0.991240 -0.007499 -0.003553 0.131809
22 1099 5.179330 -2.660696 0.022533 0.984944 -0.002229 0.012718 -0.172389
23 1055 -5.223504 2.345676 0.152905 0.964128 0.002675 0.007697 -0.265314
31 1099 0.776394 -4.512249 0.050802 0.912568 -0.001820 0.008601 -0.408830
35 1094 -1.740973 -4.573168 0.044880 0.857412 0.000471 0.005417 -0.514602
641 723 3.000412 0.071014 -0.328294 0.998221 -0.007658 -0.005093 0.058916
640 735 4.079491 0.276886 -0.365007 0.989835 -0.011765 -0.006313 0.141595
34 1069 -4.288158 0.546491 -0.013028 0.836768 -0.000393 -0.007084 -0.547512
25 1097 3.954947 -3.466867 0.006630 0.969309 0.003404 0.010611 -0.245592
641 717 2.845024 0.144196 -0.227417 0.998857 -0.006740 -0.004802 0.047080
36 1072 -4.616163 -0.057110 -0.035575 0.823325 0.001417 -0.010169 -0.567478
10 1078 5.444837 0.085173 0.097454 0.997999 -0.011021 0.007444 0.061815
648 733 2.156487 0.142853 -0.403552 0.993403 -0.008368 -0.004384 0.114289
34 1084 -1.550696 -3.877917 0.040819 0.883674 0.003167 0.011767 -0.467943
636 713 4.494682 0.157272 -0.108427 0.998926 -0.006285 -0.003591 0.045756
16 1053 -4.728389 1.418091 0.133336 0.992037 0.002115 0.005912 -0.125788
18 1059 -3.117370 0.988301 0.124957 0.985217 0.007417 0.005468 -0.171064
33 1090 -0.465563 -4.630796 0.049321 0.886639 0.002343 0.010967 -0.462326
30 1084 0.746799 -3.809255 0.046334 0.933401 0.000870 0.014448 -0.358543
634 724 5.616951 -0.003250 -0.259686 0.998231 -0.006391 -0.003319 0.059026
23 1096 4.802556 -2.930011 0.031535 0.980674 -0.001906 0.010974 -0.195332
672 741 2.026474 0.359772 -0.371003 0.985258 -0.002834 0.004355 0.170996
684 746 3.078896 1.000916 -0.322056 0.965104 -0.004856 0.005086 0.261771
641 695 2.810303 0.184906 -0.123633 0.998902 -0.006818 -0.004857 0.046088
17 1054 -4.586368 1.464220 0.130269 0.989334 0.003062 0.006267 -0.145496
672 753 5.043114 2.965195 -0.413212 0.901405 0.000262 0.003397 0.432963
11 1078 5.265560 -0.062900 0.085548 0.998691 -0.009169 0.008189 0.049660
638 719 3.792839 0.100571 -0.238049 0.998718 -0.008420 -0.004616 0.049705
638 739 5.353477 0.534805 -0.343456 0.982085 -0.013625 -0.000846 0.187944
643 719 2.411476 0.104416 -0.287966 0.998867 -0.005391 -0.004626 0.047054
648 744 3.986053 1.023697 -0.413528 0.966641 -0.008313 0.006453 0.255920
643 700 2.341316 0.177582 -0.153107 0.998994 -0.005048 -0.004247 0.044367
16 1077 3.837073 -0.869619 0.045616 0.999466 -0.000103 0.008479 -0.031574
657 743 2.675926 0.671127 -0.392774 0.976708 -0.003891 0.006079 0.214451
17 1074 2.529518 -0.902394 0.039777 0.996351 0.001158 0.004748 -0.085204
637 707 4.092789 0.167191 -0.109261 0.998876 -0.007373 -0.003847 0.046658
34 1094 -1.093920 -4.618465 0.049381 0.872042 0.000046 0.007109 -0.489380
12 1050 -4.971923 1.103659 0.121901 0.998337 -0.004112 0.003091 -0.057415
32 1066 -4.176249 1.157407 0.013551 0.856625 0.008429 -0.005837 -0.515837
