idx1 idx2 t_1 t_2 t_3 q_1 q_2 q_3 q_4
218 1030 -5.602158 -0.118535 -0.045158 0.999990 -0.000448 0.002380 0.003732
192 1017 2.921280 -0.024636 0.075938 0.999992 0.001232 0.002152 -0.003069
92 925 2.323097 1.541891 0.036891 0.999426 -0.009032 -0.000949 0.032646
221 1037 -2.577408 -0.100317 -0.021173 0.999999 0.000516 -0.000323 0.000975
268 1082 -1.972717 0.418880 -0.027450 0.999972 -0.002794 -0.001025 -0.006875
64 897 4.738747 0.066035 0.083117 0.999997 -0.000528 0.002180 0.000574
112 940 -4.560089 0.923938 -0.073925 0.999240 -0.006467 -0.006512 -0.037878
2 832 -5.140870 -0.021990 -0.047203 0.999995 0.003098 -0.000544 -0.000089
125 954 -2.474014 0.199820 -0.020932 0.999985 0.002515 -0.001585 -0.004654
121 956 5.378632 0.189201 0.135983 0.999957 0.001779 -0.009071 -0.000446
220 1033 -4.772858 -0.105613 -0.046166 0.999991 0.000401 0.004069 0.000150
185 1005 -3.647552 0.087565 -0.071236 0.999977 0.001308 0.000242 -0.006633
233 1046 -5.093155 -0.076004 -0.054639 0.999930 -0.000332 0.002621 0.011535
143 974 3.423004 0.377215 0.073385 0.999997 -0.001739 -0.000350 0.001898
216 1030 -4.147095 -0.130257 -0.038479 0.999990 0.000016 0.001231 0.004294
83 918 5.311188 0.875361 0.088951 0.999075 0.001010 0.000460 0.042981
46 873 -3.178997 -0.123136 -0.036814 0.999994 0.000914 0.000910 0.003143
288 1098 -0.783646 -2.228546 0.040995 0.951918 -0.004047 -0.002945 -0.306311
90 918 -3.000687 0.854970 -0.030051 0.999228 0.001283 -0.001806 0.039215
295 1099 -4.283951 -2.017868 -0.031747 0.869682 -0.002952 -0.007732 -0.493544
170 1000 5.806915 0.050472 0.133776 0.999997 0.001359 -0.001333 0.001362
79 914 5.667931 0.550640 0.117513 0.999615 0.003308 -0.005181 0.027057
84 918 4.148056 0.876605 0.068414 0.999051 0.001025 0.001109 0.043530
35 867 2.285019 -0.126687 0.055416 0.999998 -0.000346 0.000718 -0.001872
285 1089 -5.510803 1.171783 -0.141911 0.972300 -0.003184 -0.006289 -0.233629
273 1094 4.809784 -0.012438 0.116119 0.999261 -0.009533 -0.001561 -0.037214
10 840 -3.844074 0.059562 -0.049293 0.999999 -0.000090 -0.001044 0.000431
207 1021 -4.719818 -0.080584 -0.086255 0.999934 -0.001915 -0.000494 0.011287
292 1095 -4.689606 -0.118088 -0.077340 0.911233 -0.009619 -0.007805 -0.411705
153 977 -5.002731 0.319409 -0.067436 0.999979 0.000828 -0.002507 -0.005888
257 1080 4.769257 0.530079 0.101936 0.999900 -0.000492 -0.000425 0.014127
23 857 3.521315 0.032498 0.078091 0.999990 0.000837 -0.000651 -0.004314
3 833 -4.967899 -0.026522 -0.052168 0.999997 0.002481 -0.000071 0.000315
176 999 -2.247482 0.031468 -0.032266 0.999994 0.000449 -0.001382 0.003148
54 886 3.538231 -0.003667 0.077548 0.999967 -0.000494 -0.000813 0.008073
97 925 -3.730492 1.541693 -0.052298 0.999761 -0.008107 -0.002242 0.020164
220 1047 5.989899 -0.020562 0.094839 0.999988 0.002842 0.003219 -0.002441
169 991 -5.131226 -0.055919 -0.079409 0.999991 0.001858 -0.001268 0.003491
222 1047 4.477600 -0.021134 0.062192 0.999983 0.003064 0.004586 -0.001751
24 859 4.986942 -0.005474 0.108206 0.999984 0.000252 -0.000808 -0.005567
88 916 -2.746132 0.684477 -0.031195 0.999441 0.001099 -0.002103 0.033353
127 960 3.511444 0.189086 0.074627 0.999994 0.000237 -0.001585 0.003188
0 836 2.735924 0.011156 0.082559 0.999998 0.001320 0.000162 -0.001175
1 839 5.613037 0.034642 0.115960 0.999996 0.001651 -0.000291 0.002083
71 905 5.312340 0.131835 0.105179 0.999992 0.000285 -0.001298 0.003733
25 854 -2.849100 0.057044 -0.033042 0.999991 -0.000199 -0.000229 -0.004210
212 1037 3.906113 -0.108492 0.074414 0.999985 0.000087 -0.003417 -0.004211
108 937 -3.231705 1.210600 -0.041172 0.999352 -0.003773 -0.003673 -0.035607
147 977 2.594345 0.326980 0.065334 0.999982 0.001158 -0.001123 -0.005780
275 1084 -4.559357 0.621799 -0.077193 0.998434 0.000593 0.001900 -0.055910
228 1050 2.161270 0.014114 0.042498 0.999973 -0.001474 -0.005719 -0.004476
278 1086 -4.530884 0.709904 -0.079269 0.995283 -0.000226 -0.000444 -0.097011
188 1008 -2.795441 0.039337 -0.054384 0.999968 0.000711 0.000623 -0.007967
288 1099 -0.112213 -2.706665 0.057487 0.952196 -0.003332 -0.002733 -0.305458
8 843 2.658062 0.088166 0.068682 0.999994 0.000252 -0.000518 0.003278
173 994 -5.665466 -0.049176 -0.102407 0.999997 0.000170 -0.001881 0.001473
92 920 -3.246536 1.063719 -0.033554 0.999115 -0.000600 -0.000633 0.042062
153 982 2.026871 0.186004 0.054315 0.999953 -0.000028 -0.001311 -0.009577
47 881 5.810440 -0.015105 0.106442 0.999983 0.000363 0.000300 0.005877
213 1040 5.518860 -0.103038 0.118547 0.999989 0.000371 -0.003537 -0.002926
271 1093 5.249481 0.206700 0.123856 0.999713 -0.010142 -0.002516 -0.021549
288 1095 -2.728790 -0.839890 -0.026763 0.951506 -0.006077 -0.004936 -0.307530
227 1041 -4.114380 -0.085394 -0.078592 0.999981 -0.000647 -0.005131 0.003430
274 1085 -3.132538 0.481222 -0.052795 0.999023 -0.001740 0.000595 -0.044162
266 1088 4.482178 0.447938 0.130027 0.999954 -0.007474 -0.005670 -0.002243
90 924 3.635101 1.475312 0.056584 0.999184 -0.008943 -0.001581 0.039362
201 1017 -3.698364 -0.065834 -0.053861 0.999988 0.001174 0.004287 0.001970
193 1020 4.587875 -0.029784 0.112494 0.999999 -0.000022 -0.000577 -0.001197
57 888 2.437210 0.046182 0.057972 0.999967 -0.001321 -0.000148 0.007983
98 927 -2.653839 1.627386 -0.035106 0.999917 -0.008949 -0.002122 0.009042
10 839 -5.200221 0.041180 -0.074562 0.999999 -0.000027 -0.000987 0.000122
251 1073 3.365173 0.390589 0.070841 0.999888 -0.001288 -0.001426 0.014847
28 857 -2.438694 0.008804 -0.023622 0.999991 0.000375 0.000057 -0.004341
10 847 5.674917 0.104024 0.119253 1.000000 -0.000457 -0.000331 0.000216
252 1075 4.409454 0.450159 0.089968 0.999859 -0.001402 0.000679 0.016751
94 921 -4.574181 1.201769 -0.062458 0.999326 -0.002434 -0.001840 0.036594
170 992 -4.965103 -0.057056 -0.072486 0.999992 0.001691 -0.001181 0.003271
264 1077 -3.642212 0.419551 -0.060859 0.999988 -0.002451 -0.002090 -0.003785
2 839 4.409303 0.038276 0.096900 0.999996 0.001728 -0.000486 0.001929
65 896 2.469582 0.049380 0.050223 0.999985 0.000822 0.004811 0.002378
46 871 -5.746067 -0.144318 -0.067661 0.999995 0.001513 0.002438 0.001212
261 1083 4.130615 0.499245 0.104379 0.999968 -0.002143 -0.001998 0.007385
229 1044 -3.341339 -0.054735 -0.022781 0.999979 0.003053 -0.002518 0.005146
34 860 -5.639381 -0.096455 -0.091938 0.999988 0.000044 -0.001119 -0.004817
93 926 2.272614 1.600258 0.038195 0.999637 -0.009327 -0.001056 0.025263
208 1031 2.231064 -0.096018 0.045333 0.999959 -0.000370 -0.000012 -0.009101
120 955 5.231583 0.172536 0.123276 0.999954 0.001205 -0.009491 -0.000435
228 1042 -4.158005 -0.074272 -0.069134 0.999978 -0.001107 -0.005954 0.002795
236 1059 3.210144 0.083520 0.064739 0.999996 -0.000561 -0.002753 0.000944
206 1020 -4.800735 -0.085221 -0.086915 0.999953 -0.001001 0.001374 0.009503
50 875 -5.456589 -0.090792 -0.082494 0.999998 0.001531 -0.000479 0.001503
278 1098 5.044525 -1.137489 0.112687 0.995176 -0.003323 0.002482 -0.098020
248 1062 -4.248596 0.114620 -0.058347 0.999945 -0.001156 -0.003688 0.009730
181 1008 3.811707 0.110053 0.097308 0.999997 0.000054 0.000339 0.002336
287 1099 0.501053 -2.668182 0.065327 0.959790 -0.003171 -0.002177 -0.280692
286 1100 1.786346 -2.975006 0.090574 0.966622 -0.001575 -0.001567 -0.256196
75 900 -4.787926 0.027858 -0.060284 0.999909 0.000659 -0.000958 0.013481
130 963 4.111984 0.212938 0.088854 0.999983 0.000585 0.000201 0.005823
240 1053 -5.347046 -0.042812 -0.084360 0.999915 0.003531 -0.001258 0.012473
97 933 5.558502 1.573604 0.101900 0.999871 -0.006894 -0.002554 -0.014314
252 1067 -3.055389 0.219919 -0.032191 0.999970 0.001070 -0.000386 0.007716
295 1098 -4.707916 -1.311203 -0.055768 0.869234 -0.003690 -0.007793 -0.494326
288 1092 -4.706482 0.570206 -0.107679 0.951551 -0.007361 -0.007446 -0.307313
103 939 5.512177 1.073551 0.079777 0.999265 -0.005614 0.000144 -0.037917
124 957 2.996826 0.181858 0.069057 0.999990 0.000980 -0.003860 0.001849
82 916 4.326057 0.689895 0.084664 0.999470 0.000932 -0.001546 0.032520
257 1070 -4.458923 0.276494 -0.078568 0.999981 0.001461 -0.003087 0.005145
173 996 -2.979874 -0.009155 -0.049027 0.999996 0.000109 -0.002451 0.001647
170 993 -3.597076 -0.041784 -0.047529 0.999994 0.001418 -0.000929 0.002944
239 1062 3.342712 0.120808 0.061539 0.999987 0.001409 -0.002613 0.004074
200 1024 2.547714 -0.029516 0.058555 0.999983 -0.000459 -0.001685 -0.005491
236 1051 -3.585083 -0.004519 -0.042632 0.999956 -0.001189 -0.002437 0.008936
169 998 4.316971 0.032291 0.103755 0.999995 0.001360 -0.001457 0.002195
233 1045 -5.873779 -0.113134 -0.064339 0.999926 -0.000472 -0.000050 0.012132
64 896 3.639870 0.057993 0.067834 0.999991 0.000188 0.004077 0.001046
176 1005 5.498672 0.133600 0.126703 0.999985 0.001911 0.002337 0.004590
265 1086 3.578217 0.458577 0.100984 0.999976 -0.005514 -0.004226 -0.000178
104 940 5.503868 0.935095 0.085702 0.999198 -0.004136 -0.002292 -0.039769
149 973 -5.565201 0.285516 -0.068281 0.999996 -0.002076 0.001509 0.001045
91 918 -4.219337 0.874442 -0.044082 0.999296 0.002017 -0.001641 0.037415
179 1006 3.521057 0.100125 0.084208 0.999994 0.000678 0.002107 0.002740
119 954 5.120651 0.173780 0.123928 0.999960 0.002303 -0.008337 -0.002353
208 1035 5.219574 -0.152871 0.094727 0.999927 0.000264 -0.000897 -0.012014
267 1086 2.128143 0.424199 0.064085 0.999962 -0.006366 -0.003876 -0.004592
290 1093 -4.931519 0.517990 -0.094275 0.933543 -0.007835 -0.006162 -0.358328
8 839 -2.784050 0.029861 -0.030444 0.999993 0.000991 -0.000981 0.003420
19 849 -2.410797 0.065437 -0.024753 1.000000 0.000565 -0.000149 -0.000910
216 1042 4.942932 -0.088008 0.099412 0.999992 0.000938 -0.003906 0.000190
258 1073 -2.574493 0.343503 -0.047035 0.999974 -0.001200 -0.004088 0.005764
150 982 5.826065 0.226548 0.107149 0.999980 -0.001122 -0.000704 -0.006286
210 1034 3.131363 -0.104905 0.058543 0.999963 0.000708 0.000782 -0.008584
190 1016 3.657623 -0.006689 0.092155 0.999995 0.000005 0.002501 -0.001886
223 1035 -5.551376 -0.119062 -0.035105 0.999987 -0.001398 0.004696 0.001263
139 971 4.206161 0.383282 0.084561 0.999985 -0.000706 0.001072 0.005273
246 1067 2.091217 0.243999 0.042051 0.999930 0.000640 -0.001270 0.011773
281 1090 -2.848328 0.247261 -0.057073 0.988643 -0.003945 -0.004241 -0.150174
275 1095 4.423126 -0.316547 0.108760 0.998319 -0.006841 -0.000201 -0.057548
220 1044 3.631500 -0.049461 0.069369 0.999991 0.003562 -0.002441 0.000272
272 1081 -5.434265 0.573936 -0.076866 0.999600 -0.001319 0.001532 -0.028209
274 1092 2.601562 0.021204 0.071111 0.998895 -0.008360 -0.003328 -0.046128
155 985 3.681839 0.090739 0.081010 0.999912 0.001725 0.001304 -0.013079
216 1039 2.613876 -0.086597 0.057258 0.999998 0.001075 -0.001906 -0.000052
113 948 4.532013 0.275758 0.099316 0.999790 0.007557 -0.004380 -0.018522
82 907 -5.230286 0.191235 -0.054559 0.999843 -0.001949 0.001196 0.017549
83 915 2.105537 0.623933 0.043939 0.999515 0.001389 -0.001182 0.031075
86 912 -4.624054 0.412262 -0.051143 0.999644 0.002502 0.000306 0.026575
176 997 -4.898788 0.013844 -0.084251 0.999994 0.000772 -0.001979 0.002643
285 1090 -4.771637 0.805298 -0.116573 0.972063 -0.004018 -0.006359 -0.234599
34 861 -4.339325 -0.098555 -0.063719 0.999993 0.000065 -0.001134 -0.003693
163 993 4.768448 -0.001470 0.111032 0.999993 0.001750 -0.000031 -0.003241
156 985 2.423706 0.096315 0.060483 0.999953 0.001763 0.000632 -0.009547
250 1064 -4.124573 0.139275 -0.056470 0.999947 0.000191 -0.002695 0.009921
116 945 -3.276855 0.469525 -0.038580 0.999595 0.000247 -0.002792 -0.028336
256 1077 2.846771 0.448433 0.063596 0.999906 -0.000076 0.000892 0.013698
135 961 -5.113907 0.165521 -0.061492 0.999994 0.001684 -0.001388 0.002919
173 1001 3.668732 0.073461 0.095086 0.999992 0.000444 -0.002221 0.003323
27 860 2.747917 -0.032761 0.062088 0.999987 0.000389 0.000604 -0.005006
84 912 -2.246193 0.413503 -0.007673 0.999646 0.002374 0.001388 0.026451
51 884 4.642902 -0.027672 0.096034 0.999992 0.001956 0.000076 0.003470
8 845 5.374795 0.124665 0.117337 0.999992 0.000202 -0.000896 0.003763
283 1091 -3.085327 0.179909 -0.067305 0.981350 -0.004165 -0.005779 -0.192095
284 1091 -3.583954 0.295204 -0.082611 0.976929 -0.004546 -0.006403 -0.213421
75 902 -2.576111 0.101876 -0.025155 0.999921 0.001123 0.001210 0.012477
269 1082 -2.630859 0.420968 -0.037168 0.999948 -0.002063 0.000032 -0.009992
264 1085 3.502960 0.460480 0.095095 0.999986 -0.004308 -0.002724 0.001651
272 1092 3.794800 0.167013 0.093004 0.999572 -0.009833 -0.002926 -0.027378
67 898 2.355408 0.053993 0.059091 0.999993 -0.000873 -0.002896 0.002239
62 886 -5.983406 -0.068449 -0.095197 0.999954 0.004470 -0.001357 0.008358
116 951 4.758179 0.191867 0.081959 0.999979 0.002330 -0.001802 -0.005794
219 1045 5.113129 -0.028769 0.092214 1.000000 0.000630 0.000541 -0.000334
81 915 4.417458 0.629019 0.095077 0.999556 0.001785 -0.004326 0.029415
36 870 4.966869 -0.154019 0.076199 0.999981 -0.000479 0.005928 -0.001859
106 940 2.979660 0.923065 0.055656 0.999259 -0.002545 -0.003526 -0.038253
165 993 2.337036 -0.000149 0.066700 0.999995 0.001386 -0.000848 -0.002805
116 949 2.020081 0.229210 0.046177 0.999901 0.003497 -0.002454 -0.013438
79 904 -5.016266 0.120629 -0.082308 0.999895 -0.000375 -0.002070 0.014346
148 972 -5.744934 0.323332 -0.069937 0.999998 -0.000258 0.001778 -0.000909
152 978 -2.305817 0.302544 -0.027807 0.999943 -0.000199 -0.002376 -0.010385
138 965 -3.108429 0.294588 -0.033069 0.999980 0.001155 0.000565 0.006217
275 1094 3.626587 -0.225979 0.092142 0.998263 -0.007528 -0.001272 -0.058414
100 929 -2.780876 1.652409 -0.033586 0.999951 -0.007621 -0.002211 -0.005998
76 911 5.971939 0.380708 0.102089 0.999838 0.005387 0.000968 0.017136
49 876 -2.956867 -0.080766 -0.042894 0.999997 0.000606 -0.000996 0.002118
260 1084 5.793396 0.541451 0.138954 0.999953 -0.002457 -0.001679 0.009217
160 991 5.718063 -0.017740 0.135816 0.999963 0.002294 -0.001028 -0.008167
209 1034 3.825043 -0.122734 0.070496 0.999944 0.000347 0.000540 -0.010581
277 1084 -5.670715 0.857327 -0.096635 0.996605 0.002153 0.002215 -0.082268
226 1039 -4.854660 -0.086992 -0.070819 0.999995 0.000504 -0.002436 0.002127
63 895 3.711105 0.033567 0.093027 0.999998 0.000877 0.001217 -0.001162
23 856 2.213526 0.026514 0.053802 0.999995 0.000403 -0.000088 -0.003018
47 874 -3.078896 -0.099420 -0.036060 0.999988 0.001003 0.000620 0.004681
59 885 -3.666153 0.008686 -0.049092 0.999990 0.004548 0.000080 0.000121
114 948 3.244904 0.270031 0.069242 0.999823 0.005553 -0.003718 -0.017557
131 963 2.832352 0.206672 0.066322 0.999989 0.000855 0.000036 0.004567
158 982 -4.208725 0.158967 -0.076091 0.999971 0.000830 -0.003077 -0.006885
185 1010 2.125748 0.047527 0.063719 0.999999 0.001028 -0.000292 -0.000111
193 1009 -5.755081 0.026567 -0.125039 0.999920 0.002806 0.000462 -0.012288
75 908 3.892166 0.272148 0.077174 0.999949 0.002191 0.001451 0.009767
205 1031 4.334198 -0.114618 0.086638 0.999904 0.000664 0.000211 -0.013835
70 904 5.363823 0.125481 0.112891 0.999995 0.000994 -0.001416 0.002673
104 938 3.025932 1.131029 0.055985 0.999274 -0.005201 -0.000188 -0.037745
110 946 5.654190 0.391632 0.100868 0.999631 0.010026 -0.002352 -0.025153
219 1033 -4.068344 -0.108871 -0.033218 0.999992 -0.000131 0.003875 0.000080
25 858 2.481657 0.007624 0.057177 0.999981 -0.000022 -0.000582 -0.006111
194 1012 -3.337692 -0.011165 -0.070233 0.999977 0.002137 -0.000640 -0.006396
178 998 -5.713470 0.004149 -0.104638 0.999996 0.000057 -0.001710 0.002097
274 1096 5.830566 -0.259068 0.140395 0.998932 -0.007191 0.000475 -0.045642
290 1094 -4.330643 -0.022919 -0.066354 0.933402 -0.007327 -0.005318 -0.358719
254 1066 -5.680725 0.201590 -0.070814 0.999985 0.002285 -0.000988 0.004847
73 897 -5.756119 0.011425 -0.090949 0.999871 -0.001480 0.003069 0.015681
201 1016 -4.563583 -0.080091 -0.067366 0.999989 0.001369 0.004341 0.000987
170 999 4.462769 0.044786 0.106908 0.999997 0.001134 -0.001233 0.002044
233 1049 -2.727310 -0.032301 -0.028768 0.999975 -0.000533 -0.002711 0.006462
153 984 4.806702 0.122698 0.108461 0.999932 0.000452 -0.000424 -0.011631
119 952 2.339706 0.153098 0.063645 0.999971 0.002813 -0.004939 -0.005077
241 1065 4.398712 0.166613 0.087770 0.999960 0.004352 -0.002795 0.007235
240 1055 -3.668915 -0.008669 -0.057786 0.999935 0.002885 -0.002976 0.010592
163 991 2.064148 0.007267 0.063683 0.999993 0.002280 -0.000389 -0.002956
284 1099 2.301819 -2.386848 0.084140 0.977099 -0.001682 -0.001319 -0.212772
44 877 4.342484 -0.040203 0.089969 0.999986 0.000133 -0.000077 0.005259
280 1089 -3.141693 0.374107 -0.060558 0.991503 -0.003537 -0.003213 -0.130000
164 988 -3.272247 -0.017355 -0.045285 0.999994 0.001621 -0.001847 -0.002453
219 1034 -3.299316 -0.097226 -0.024596 0.999994 0.000172 0.003353 -0.000752
91 919 -3.117119 0.964867 -0.027282 0.999153 0.001074 -0.001086 0.041126
52 878 -4.079273 -0.063119 -0.053027 0.999999 0.000579 0.000255 0.001635
75 907 2.830345 0.244851 0.062172 0.999933 0.001646 0.000862 0.011448
80 913 3.410362 0.484083 0.078418 0.999655 0.002958 -0.005290 0.025554
118 946 -4.509979 0.400040 -0.064480 0.999709 0.002228 -0.004584 -0.023579
79 912 3.539879 0.436320 0.077321 0.999741 0.004175 -0.002764 0.022197
147 979 5.452621 0.254753 0.108781 0.999955 0.002135 0.002513 -0.008898
27 861 4.048065 -0.035369 0.085828 0.999992 0.000412 0.000590 -0.003882
194 1013 -2.296631 -0.013811 -0.046126 0.999980 0.001157 -0.000468 -0.006128
177 1006 5.620926 0.127078 0.124987 0.999984 0.001231 0.002561 0.004851
51 883 3.431042 -0.039179 0.077277 0.999991 0.001605 -0.000625 0.003821
184 1005 -2.711807 0.091385 -0.048606 0.999984 0.001072 0.000555 -0.005604
11 846 3.132881 0.103206 0.072681 0.999999 -0.000800 -0.000602 -0.000292
19 853 2.990578 0.077497 0.070109 0.999998 -0.000043 -0.000508 -0.001728
176 1004 4.231750 0.108117 0.104292 0.999985 0.002020 0.001257 0.004857
262 1075 -3.925110 0.403985 -0.074061 0.999990 -0.002751 -0.003578 -0.000087
215 1038 2.549988 -0.083549 0.056861 0.999994 0.000273 -0.003187 -0.001614
175 997 -3.836609 0.020180 -0.066389 0.999994 0.000602 -0.002384 0.002302
234 1046 -5.924774 -0.082970 -0.081705 0.999917 -0.001338 0.001564 0.012697
285 1091 -4.056824 0.441208 -0.092647 0.971867 -0.004967 -0.006588 -0.235384
177 1004 3.145676 0.104270 0.079364 0.999986 0.001847 0.001530 0.004805
65 891 -3.354263 -0.012182 -0.028795 0.999962 -0.000719 0.004668 0.007297
47 880 4.562057 -0.022840 0.088246 0.999978 -0.000151 0.000508 0.006537
293 1099 -3.139755 -2.387573 0.024278 0.899087 -0.007384 -0.007731 -0.437640
183 1002 -5.524216 0.095269 -0.113282 0.999979 0.000565 -0.002644 -0.005854
84 910 -4.366272 0.301358 -0.027434 0.999770 0.001159 0.004254 0.020975
105 933 -4.306648 1.465381 -0.050472 0.999733 -0.001753 -0.002894 -0.022865
137 969 3.903854 0.381710 0.084069 0.999990 -0.000574 -0.000158 0.004385
108 938 -1.995277 1.113797 -0.019708 0.999338 -0.003611 -0.002931 -0.036089
218 1031 -4.850006 -0.105580 -0.036543 0.999994 -0.000335 0.002864 0.001849
161 992 5.821259 -0.033647 0.136479 0.999976 0.002297 -0.000540 -0.006478
205 1029 2.827042 -0.081715 0.062352 0.999948 0.000650 -0.000448 -0.010188
102 937 4.260773 1.262785 0.070489 0.999283 -0.007069 -0.000393 -0.037185
258 1082 5.715271 0.567537 0.122602 0.999890 -0.001769 -0.001316 0.014636
233 1055 2.251892 0.027480 0.044203 0.999997 0.001447 -0.001913 0.000890
101 931 -1.706436 1.583230 -0.005556 0.999852 -0.004934 -0.002741 -0.016245
249 1061 -5.974396 0.089134 -0.093953 0.999940 -0.001819 -0.004009 0.010039
87 914 -3.692863 0.544559 -0.051589 0.999526 0.001174 -0.003218 0.030606
258 1072 -3.466400 0.330383 -0.068069 0.999974 -0.000685 -0.004374 0.005628
112 947 4.488098 0.318294 0.093902 0.999720 0.008328 -0.004216 -0.021762
270 1081 -4.200226 0.468811 -0.057357 0.999864 -0.001345 0.000732 -0.016424
85 912 -3.443993 0.415028 -0.026408 0.999641 0.002608 0.001015 0.026657
187 1005 -5.478836 0.102893 -0.113339 0.999951 0.001368 0.000499 -0.009824
222 1045 2.896301 -0.027150 0.047452 0.999997 0.001390 0.002101 0.000425
117 951 3.484512 0.190261 0.064802 0.999973 0.002402 -0.001962 -0.006711
226 1052 5.458420 0.004966 0.097857 0.999974 0.001520 -0.002118 -0.006738
72 904 3.060303 0.159026 0.074507 0.999979 0.000249 -0.001906 0.006250
280 1086 -5.540680 1.000862 -0.118927 0.991379 -0.000526 -0.001761 -0.131011
83 911 -2.144958 0.367028 -0.007827 0.999713 0.002157 0.002565 0.023719
264 1086 4.323578 0.477399 0.116189 0.999974 -0.005593 -0.004244 0.001743
169 993 -2.427109 -0.029756 -0.027241 0.999994 0.001326 -0.000914 0.003205
93 920 -4.433426 1.079073 -0.052946 0.999211 -0.000401 -0.001131 0.039703
252 1073 2.510468 0.372711 0.057794 0.999908 -0.000885 -0.000974 0.013491
102 938 5.497009 1.162127 0.084198 0.999266 -0.006907 0.000348 -0.037670
115 950 4.701614 0.219917 0.091345 0.999964 0.003749 -0.001528 -0.007493
220 1032 -5.514542 -0.099555 -0.051834 0.999990 -0.000028 0.003898 0.001939
277 1098 5.608734 -0.942333 0.118297 0.996569 -0.003801 0.002713 -0.082634
214 1026 -5.743149 -0.122666 -0.088914 0.999954 -0.000122 -0.001166 0.009501
276 1086 -3.462952 0.519859 -0.059281 0.997706 -0.001360 -0.000274 -0.067677
238 1051 -5.275146 -0.039478 -0.056308 0.999933 -0.000382 -0.001147 0.011496
248 1063 -3.340881 0.131771 -0.044120 0.999932 -0.000445 -0.003387 0.011119
206 1030 2.887283 -0.094243 0.062240 0.999947 -0.000287 -0.000626 -0.010213
290 1098 -1.947617 -2.145676 0.027064 0.934201 -0.004220 -0.002627 -0.356712
156 979 -5.898468 0.183268 -0.084903 0.999979 0.002157 0.001330 -0.005877
158 987 2.728897 0.045538 0.076508 0.999935 0.003163 -0.002217 -0.010685
104 931 -5.417862 1.560786 -0.063489 0.999834 -0.002654 -0.003259 -0.017744
52 884 3.428768 -0.037252 0.076335 0.999996 0.001597 0.000274 0.002325
235 1051 -2.755402 0.004092 -0.039920 0.999961 -0.002250 -0.003556 0.007813
32 866 4.582165 -0.121683 0.094033 0.999986 0.000262 0.000922 -0.005115
38 872 5.148144 -0.151802 0.077779 0.999992 0.001282 0.003487 0.001091
107 936 -3.230453 1.281792 -0.031960 0.999523 -0.001382 -0.003669 -0.030631
242 1066 4.483459 0.193789 0.086506 0.999952 0.004350 -0.002030 0.008540
262 1084 4.198029 0.494162 0.109430 0.999977 -0.003161 -0.002021 0.005600
149 980 4.331238 0.263004 0.073629 0.999984 -0.000293 0.002820 -0.004949
128 956 -3.469070 0.160957 -0.050749 0.999988 0.001587 -0.004339 0.001495
246 1059 -5.208221 0.049398 -0.079869 0.999929 -0.002011 -0.003368 0.011229
124 952 -3.992813 0.190668 -0.026175 0.999972 0.003044 0.001414 -0.006725
23 858 4.877829 0.018927 0.099882 0.999986 0.000396 -0.000834 -0.005249
194 1010 -5.415558 0.001899 -0.121369 0.999951 0.003001 -0.000296 -0.009352
231 1057 5.638702 0.008789 0.064028 0.999989 0.002898 -0.001286 -0.003585
244 1060 -2.638794 0.073330 -0.029927 0.999937 -0.000933 -0.003202 0.010716
296 1100 -4.476273 -2.459198 -0.028728 0.854371 0.000365 -0.007187 -0.519614
33 867 4.695278 -0.132071 0.096239 0.999996 -0.000998 0.000963 -0.002510
162 985 -4.978226 0.052380 -0.066103 0.999979 0.001570 0.000624 -0.006270
276 1096 4.640076 -0.546906 0.107805 0.997584 -0.005425 0.001165 -0.069243
54 881 -2.644405 -0.086798 -0.037081 0.999986 0.000171 -0.000077 0.005218
245 1061 -2.587097 0.103132 -0.034425 0.999936 -0.001719 -0.003644 0.010552
31 866 5.799290 -0.112268 0.115675 0.999988 0.000559 0.001216 -0.004734
115 945 -1.972931 0.463849 -0.013755 0.999623 0.001317 -0.002913 -0.027289
249 1072 4.203125 0.379227 0.090996 0.999856 -0.000540 -0.002693 0.016738
22 850 -4.688517 0.057893 -0.061483 0.999999 0.001135 -0.000227 -0.001052
249 1062 -5.096161 0.111090 -0.077678 0.999946 -0.000897 -0.003983 0.009608
216 1031 -3.394989 -0.116467 -0.028126 0.999996 0.000131 0.001716 0.002411
241 1057 -2.782623 0.024204 -0.044403 0.999934 0.002454 -0.005293 0.009902
113 943 -2.040375 0.668682 -0.023465 0.999440 -0.000557 -0.005221 -0.033037
148 973 -4.314850 0.306973 -0.044935 0.999998 -0.000829 0.001445 -0.000903
277 1095 3.249725 -0.554783 0.081307 0.996459 -0.005334 0.000314 -0.083904
25 859 3.782427 -0.021687 0.083698 0.999976 0.000091 -0.000353 -0.006927
175 998 -2.501007 0.005903 -0.036901 0.999994 0.000597 -0.002025 0.002698
0 830 -5.456110 -0.021711 -0.018706 0.999996 0.002582 0.000899 -0.000171
290 1099 -1.331009 -2.692688 0.043417 0.934524 -0.003495 -0.002453 -0.355875
198 1026 5.515625 -0.075944 0.114459 0.999936 0.001018 -0.000756 -0.011218
14 843 -4.525003 0.036648 -0.056519 1.000000 0.000332 -0.000333 -0.000010
190 1007 -5.675964 0.079855 -0.112036 0.999906 0.001253 0.001204 -0.013593
241 1056 -3.645599 0.003506 -0.058411 0.999929 0.002756 -0.004516 0.010650
112 942 -2.025620 0.748676 -0.023415 0.999337 -0.001901 -0.005607 -0.035921
156 986 3.821701 0.083931 0.081416 0.999948 0.002259 0.000383 -0.009952
90 919 -1.898819 0.949384 -0.012954 0.999077 0.000339 -0.001251 0.042924
74 900 -3.635429 0.061614 -0.047993 0.999932 0.000527 -0.002022 0.011462
250 1074 5.122620 0.439394 0.103972 0.999822 -0.002028 -0.001275 0.018733
134 961 -3.855774 0.163928 -0.046413 0.999993 0.001199 -0.002029 0.002810
72 896 -5.662231 -0.004966 -0.076979 0.999883 -0.001265 0.005393 0.014265
276 1084 -5.120667 0.722660 -0.087551 0.997660 0.001419 0.002145 -0.068324
122 955 2.686676 0.166148 0.070322 0.999970 0.001438 -0.007500 -0.001426
266 1087 3.661194 0.441320 0.106840 0.999961 -0.006828 -0.005334 -0.001500
227 1053 5.471497 -0.010337 0.117055 0.999964 0.002963 -0.003419 -0.007226
34 867 3.510193 -0.129120 0.074469 0.999997 -0.000801 0.000609 -0.002075
148 980 5.581406 0.245519 0.098192 0.999972 0.000957 0.002760 -0.006895
56 881 -5.034874 -0.085414 -0.081621 0.999985 0.000377 -0.000406 0.005369
5 840 2.164843 0.058734 0.062058 0.999991 0.001071 -0.000599 0.003992
240 1056 -2.839172 0.010410 -0.043668 0.999941 0.002058 -0.004499 0.009636
246 1061 -3.413269 0.104046 -0.048908 0.999934 -0.002081 -0.003462 0.010712
62 895 4.888031 0.004923 0.121570 0.999995 0.001690 0.000147 -0.002603
239 1064 5.211914 0.134109 0.089374 0.999983 0.002854 -0.001937 0.004809
131 958 -4.394653 0.205118 -0.065544 0.999988 0.001932 -0.003864 0.002496
283 1099 2.911865 -2.243416 0.089689 0.981503 -0.001412 -0.000634 -0.191442
72 906 5.211777 0.183501 0.117095 0.999974 0.000071 -0.001430 0.007016
138 969 2.643860 0.376105 0.058518 0.999990 -0.000253 0.000174 0.004371
264 1078 -2.717957 0.425963 -0.041894 0.999991 -0.002798 -0.002019 -0.002510
212 1028 -2.839554 -0.105111 -0.029802 0.999993 -0.000216 -0.000509 0.003643
272 1084 -2.801086 0.445217 -0.038293 0.999658 -0.001939 0.002170 -0.025981
210 1024 -4.476730 -0.088181 -0.067029 0.999956 -0.001689 -0.001901 0.009019
223 1038 -3.302002 -0.094371 -0.021462 0.999996 -0.001534 0.001786 0.001717
172 1000 3.502350 0.052204 0.087490 0.999994 0.000555 -0.001743 0.002866
251 1063 -5.919189 0.144051 -0.082766 0.999956 -0.000424 -0.002699 0.008969
245 1067 2.917389 0.241282 0.058602 0.999931 0.001002 -0.001453 0.011615
65 897 3.568451 0.060325 0.063905 0.999994 0.000109 0.002913 0.001905
274 1095 5.022125 -0.189524 0.124540 0.998894 -0.007782 -0.000568 -0.046360
176 998 -3.563126 0.000470 -0.055849 0.999994 0.000766 -0.001620 0.003038
92 918 -5.445457 0.867219 -0.065349 0.999344 0.002081 -0.001864 0.036107
24 858 3.686119 0.020307 0.080506 0.999988 0.000139 -0.001038 -0.004751
96 931 4.394096 1.649209 0.077650 0.999947 -0.008051 -0.003302 -0.005462
212 1027 -3.601624 -0.114372 -0.045880 0.999984 -0.000332 -0.000549 0.005660
81 913 2.266647 0.482008 0.051308 0.999622 0.002412 -0.004254 0.027063
165 988 -4.467407 -0.005357 -0.072696 0.999993 0.001988 -0.002088 -0.002514
137 964 -3.310257 0.263171 -0.031713 0.999991 0.001378 0.000792 0.003845
212 1038 4.672241 -0.105875 0.089562 0.999984 0.000414 -0.003496 -0.004339
84 909 -5.407722 0.236894 -0.037855 0.999778 -0.000191 0.004312 0.020608
117 946 -3.261032 0.418000 -0.036585 0.999683 0.002053 -0.003666 -0.024815
87 920 2.770462 1.095084 0.048832 0.998808 -0.002048 0.000141 0.048770
201 1019 -2.057144 -0.043840 -0.027427 0.999987 0.000878 0.003287 0.003889
238 1052 -4.433563 -0.013573 -0.044726 0.999947 0.001005 0.000147 0.010217
210 1035 3.836456 -0.117517 0.072734 0.999965 0.000555 -0.000520 -0.008294
95 924 -2.425194 1.436319 -0.034374 0.999533 -0.007895 -0.002842 0.029373
11 840 -5.041870 0.066032 -0.066975 1.000000 0.000167 -0.000781 -0.000382
197 1013 -4.504837 -0.023747 -0.078351 0.999985 0.001614 0.001651 -0.004953
217 1031 -4.126236 -0.120059 -0.032293 0.999992 -0.000216 0.002557 0.002990
53 885 3.490929 -0.019284 0.070471 0.999985 0.000758 0.000515 0.005387
62 888 -3.511688 -0.013186 -0.046031 0.999963 0.002018 -0.001248 0.008260
194 1019 3.020706 -0.029437 0.079513 1.000000 0.000667 0.000270 -0.000449
128 955 -4.884048 0.146203 -0.075040 0.999990 0.001581 -0.003877 0.001486
117 945 -4.549973 0.482678 -0.058239 0.999568 0.000322 -0.002949 -0.029253
99 928 -2.738968 1.642937 -0.035362 0.999957 -0.008847 -0.002207 0.001492
149 981 5.727158 0.262686 0.086884 0.999984 -0.001359 0.001455 -0.005312
150 975 -4.015533 0.295258 -0.061985 0.999995 -0.002167 -0.000883 -0.002384
108 935 -5.658562 1.311448 -0.082041 0.999642 -0.001166 -0.004325 -0.026382
46 880 5.760468 -0.045012 0.105498 0.999987 -0.000638 0.000440 0.005002
33 859 -5.795650 -0.083760 -0.088122 0.999985 -0.000475 -0.000926 -0.005451
203 1030 4.985641 -0.128997 0.094492 0.999890 0.000764 0.000196 -0.014812
282 1100 4.203461 -2.336586 0.113911 0.985599 -0.000776 0.000293 -0.169096
123 952 -2.744873 0.171184 -0.021303 0.999974 0.002863 -0.000407 -0.006615
213 1026 -5.042923 -0.121227 -0.070533 0.999960 -0.000083 -0.001040 0.008927
68 902 5.539436 0.059750 0.144399 0.999993 0.001803 -0.002851 0.001688
47 879 3.300091 -0.040958 0.068127 0.999984 0.000285 0.000691 0.005549
275 1092 2.007935 -0.051535 0.056924 0.998324 -0.007450 -0.002954 -0.057318
244 1069 5.686371 0.289318 0.107948 0.999916 0.002063 -0.001122 0.012771
98 931 1.972351 1.607121 0.041781 0.999907 -0.007296 -0.003019 -0.011150
190 1010 -2.272705 0.021446 -0.039750 0.999967 0.001831 0.000880 -0.007888
161 990 3.111023 -0.005275 0.081716 0.999982 0.002504 -0.001494 -0.005275
106 933 -5.571884 1.425085 -0.074235 0.999749 -0.000383 -0.003781 -0.022079
81 906 -5.176224 0.152174 -0.075978 0.999850 -0.001950 -0.001256 0.017161
18 846 -5.212990 0.059207 -0.066063 1.000000 -0.000014 -0.000438 -0.000355
296 1098 -5.203461 -1.051697 -0.075126 0.853268 -0.001427 -0.007185 -0.521421
243 1059 -2.692657 0.051928 -0.034265 0.999942 0.000782 -0.003084 0.010327
108 936 -4.464233 1.288285 -0.059204 0.999507 -0.002352 -0.003788 -0.031084
115 948 1.991028 0.288576 0.051475 0.999857 0.004649 -0.003286 -0.015906
275 1083 -5.408722 0.714630 -0.092017 0.998440 0.001014 0.001848 -0.055785
39 866 -3.806561 -0.147635 -0.063984 0.999986 0.003751 -0.003602 -0.000950
30 857 -4.852392 -0.011221 -0.066544 0.999992 -0.000141 0.000110 -0.003966
239 1063 4.250671 0.127636 0.073841 0.999980 0.002124 -0.002319 0.005463
180 1001 -3.836700 0.063367 -0.071252 0.999997 -0.000193 -0.002359 0.000157
33 866 3.400295 -0.118411 0.079822 0.999997 0.000393 0.000445 -0.002455
37 870 3.767235 -0.154050 0.065474 0.999984 0.001046 0.005175 -0.002140
212 1036 3.158752 -0.095802 0.061274 0.999992 0.000009 -0.002349 -0.003353
196 1011 -5.834015 -0.023847 -0.118670 0.999976 0.002585 0.000625 -0.006443
24 853 -2.993259 0.057074 -0.037615 0.999997 -0.000167 -0.001301 -0.002109
213 1028 -3.526733 -0.105576 -0.039148 0.999988 -0.000097 -0.000853 0.004839
180 1000 -5.125549 0.050458 -0.100563 0.999997 -0.000409 -0.002299 -0.000623
43 871 -2.130699 -0.146276 -0.016110 0.999989 0.001433 0.001750 0.004072
287 1095 -2.208755 -0.939346 -0.014802 0.959157 -0.005858 -0.004450 -0.282780
273 1084 -3.404724 0.486538 -0.056128 0.999395 -0.001482 0.001788 -0.034713
86 911 -5.685471 0.358575 -0.064457 0.999698 0.002288 0.002133 0.024391
62 893 2.531914 0.012041 0.075571 0.999995 0.002358 -0.002050 0.000697
123 958 5.697388 0.182757 0.130801 0.999982 0.000627 -0.005111 0.003061
197 1014 -3.528946 -0.045615 -0.057886 0.999988 0.001479 0.002278 -0.004147
249 1071 3.284912 0.331821 0.072251 0.999883 0.000128 -0.002579 0.015071
253 1075 3.547516 0.433676 0.073722 0.999876 -0.000973 0.000790 0.015737
289 1092 -5.116394 0.783554 -0.113925 0.943120 -0.007059 -0.007213 -0.332298
199 1026 4.801743 -0.071253 0.097171 0.999939 0.001354 -0.000359 -0.010928
55 881 -3.844215 -0.074303 -0.061750 0.999988 -0.000228 -0.000884 0.004715
186 1013 4.321762 0.069387 0.114092 0.999998 -0.000642 -0.000345 0.001816
111 941 -2.068558 0.832897 -0.023709 0.999313 -0.002766 -0.006085 -0.036450
160 989 2.973892 0.014440 0.080524 0.999974 0.002608 -0.002238 -0.006349
270 1089 2.584167 0.331332 0.071937 0.999890 -0.007436 -0.002991 -0.012513
189 1014 2.653137 0.001308 0.074507 0.999998 -0.000506 0.000872 -0.001481
74 906 2.877968 0.214502 0.069500 0.999957 0.000767 -0.000894 0.009152
161 986 -2.361923 0.061372 -0.024808 0.999962 0.002302 -0.000189 -0.008460
143 968 -5.172775 0.303389 -0.073269 0.999995 -0.000091 -0.001710 0.002780
225 1037 -5.578583 -0.104037 -0.057126 0.999993 -0.002773 0.000560 0.002444
43 869 -4.720268 -0.161243 -0.059731 0.999998 0.001573 -0.000596 0.001134
1 833 -2.566298 -0.024586 -0.007131 0.999996 0.002611 0.000368 0.000401
61 886 -4.793556 0.004481 -0.072952 0.999985 0.003930 -0.001071 0.003733
204 1030 4.275848 -0.115921 0.082602 0.999910 0.000848 0.000019 -0.013385
164 993 3.532257 -0.011220 0.090804 0.999995 0.001019 -0.000606 -0.002745
15 849 2.377401 0.092268 0.056210 1.000000 0.000520 -0.000601 0.000451
195 1023 5.405106 -0.035298 0.136188 0.999970 -0.001810 -0.004849 -0.005792
36 869 3.687634 -0.137071 0.067090 0.999986 -0.000253 0.004048 -0.003335
112 939 -5.796097 1.022580 -0.100557 0.999261 -0.007188 -0.004587 -0.037474
255 1070 -2.775391 0.259224 -0.033905 0.999960 0.002396 -0.001179 0.008579
216 1040 3.377518 -0.093073 0.069752 0.999998 0.000458 -0.001771 0.000162
227 1042 -3.334122 -0.084683 -0.058501 0.999975 -0.000074 -0.006491 0.002699
249 1063 -4.188416 0.128016 -0.062912 0.999933 -0.000186 -0.003682 0.010997
162 992 4.603470 -0.016563 0.106972 0.999987 0.002063 0.000025 -0.004694
186 1005 -4.570267 0.090342 -0.093803 0.999968 0.001481 0.000370 -0.007931
242 1055 -5.315125 -0.042671 -0.082027 0.999905 0.003428 -0.002619 0.013114
34 862 -3.013458 -0.108404 -0.037141 0.999989 0.000520 -0.001005 -0.004620
133 959 -5.507263 0.142332 -0.083218 0.999990 0.001649 -0.003617 0.001987
192 1016 2.056030 -0.030167 0.058748 0.999988 0.001429 0.002205 -0.004052
174 1003 5.144440 0.105316 0.130837 0.999989 0.001208 -0.000972 0.004411
283 1092 -2.320984 -0.128777 -0.044700 0.981098 -0.004864 -0.005785 -0.193363
289 1091 -5.761368 1.296753 -0.140701 0.943553 -0.006370 -0.007306 -0.331078
122 949 -5.614487 0.251757 -0.056923 0.999888 0.005004 -0.001557 -0.013979
286 1090 -5.185760 1.009293 -0.130176 0.966319 -0.004742 -0.006575 -0.257220
169 997 2.981339 0.047950 0.075815 0.999996 0.001365 -0.001815 0.001799
49 883 5.865673 -0.018576 0.123099 0.999987 0.001235 -0.000988 0.004879
214 1041 5.603561 -0.088011 0.119415 0.999989 0.000244 -0.004437 -0.001591
222 1034 -5.516342 -0.108241 -0.043242 0.999987 0.000929 0.004912 0.000010
233 1059 5.704926 0.041493 0.099374 0.999992 -0.000519 -0.002576 -0.003123
185 1012 4.203491 0.073067 0.114853 0.999996 0.000167 -0.000638 0.002845
50 881 2.144238 -0.042961 0.050348 0.999988 0.000779 -0.000498 0.004714
227 1052 4.649353 0.003807 0.098326 0.999970 0.001092 -0.004178 -0.006409
12 847 3.301894 0.095239 0.077466 0.999999 0.000094 -0.000281 -0.001496
164 994 4.890411 -0.016663 0.115864 0.999985 0.000899 -0.000728 -0.005396
282 1087 -5.715881 1.159622 -0.140945 0.985575 -0.000796 -0.004538 -0.169176
36 863 -4.109150 -0.115377 -0.052958 0.999988 0.002056 -0.000432 -0.004479
55 887 3.591713 0.021963 0.085576 0.999966 -0.002171 -0.001559 0.007808
195 1013 -3.043701 -0.018186 -0.063334 0.999982 0.001095 -0.000291 -0.005818
184 1012 5.139359 0.093137 0.132576 0.999992 -0.000066 -0.000325 0.003875
280 1090 -2.342041 0.170479 -0.040550 0.991369 -0.004363 -0.003372 -0.130986
11 848 5.823830 0.099706 0.115968 1.000000 -0.000257 0.000083 -0.000981
9 840 -2.651742 0.053813 -0.026597 0.999996 0.000527 -0.001190 0.002564
19 847 -5.084469 0.056994 -0.064411 0.999999 0.000628 -0.000078 -0.001044
255 1077 3.681427 0.461983 0.074207 0.999885 0.000258 0.001568 0.015070
291 1096 -3.616455 -0.946930 -0.023503 0.923455 -0.006811 -0.004660 -0.383618
23 851 -4.522354 0.069619 -0.069138 0.999997 0.000343 -0.000910 -0.002332
167 997 5.345840 0.046993 0.122077 0.999998 0.001344 -0.001549 0.000167
262 1085 5.046783 0.513950 0.129946 0.999966 -0.004478 -0.003109 0.006157
64 889 -4.657288 -0.019467 -0.049420 0.999971 -0.000315 0.002319 0.007252
219 1044 4.335968 -0.053736 0.085521 0.999992 0.003029 -0.002636 0.000206
234 1048 -4.365646 -0.044187 -0.060485 0.999956 -0.000649 -0.001399 0.009225
284 1092 -2.833771 -0.046455 -0.058762 0.976648 -0.005243 -0.006394 -0.214684
17 853 5.398024 0.091624 0.109833 0.999999 -0.000269 -0.000518 -0.001065
287 1098 -0.194260 -2.225464 0.049892 0.959535 -0.003880 -0.002408 -0.281551
113 941 -4.600937 0.853358 -0.077713 0.999302 -0.005262 -0.007526 -0.036215
65 889 -5.827499 -0.049996 -0.054968 0.999958 0.000326 0.003048 0.008583
29 864 5.600334 -0.089729 0.111814 0.999988 0.001456 0.001348 -0.004543
23 852 -3.157690 0.060823 -0.043649 0.999997 0.000223 -0.000973 -0.002337
9 838 -5.340917 0.030267 -0.081038 0.999998 0.000508 -0.000986 0.001884
266 1079 -3.281158 0.443403 -0.054639 0.999971 -0.002575 -0.001881 -0.006948
20 848 -4.950203 0.049458 -0.063049 0.999999 0.000646 0.000331 -0.000967
152 982 3.297363 0.203484 0.080058 0.999954 -0.001436 -0.002972 -0.008988
199 1014 -4.979050 -0.053612 -0.077410 0.999988 0.001796 0.003266 -0.003229
266 1077 -5.122833 0.449787 -0.091470 0.999962 -0.002658 -0.001995 -0.008036
205 1022 -2.550400 -0.037615 -0.039930 0.999982 -0.001985 -0.001712 0.005296
193 1011 -3.575668 -0.009171 -0.074927 0.999969 0.002473 -0.000046 -0.007493
224 1036 -5.557159 -0.112504 -0.038184 0.999983 -0.003094 0.003350 0.003705
200 1014 -5.699173 -0.064892 -0.089535 0.999990 0.001470 0.003201 -0.002585
196 1020 2.329788 -0.027346 0.057857 1.000000 0.000095 0.000090 -0.000146
165 989 -3.111526 0.007347 -0.041395 0.999994 0.002237 -0.002412 -0.000702
255 1068 -4.677460 0.220694 -0.064328 0.999978 0.002677 -0.000312 0.006142
98 926 -3.808540 1.599228 -0.052675 0.999887 -0.008297 -0.001621 0.012451
67 891 -5.691193 -0.042265 -0.103863 0.999954 -0.002185 0.001317 0.009247
55 888 4.810081 0.054564 0.112906 0.999965 -0.003348 -0.001508 0.007471
211 1028 -2.118790 -0.092204 -0.017988 0.999998 -0.000094 -0.000150 0.001846
294 1100 -3.262207 -2.860199 0.030633 0.885325 -0.005057 -0.008177 -0.464874
141 973 4.522522 0.369954 0.096176 0.999998 -0.001453 0.000074 0.001217
214 1038 3.284653 -0.079491 0.069268 0.999989 0.000503 -0.003964 -0.002571
80 905 -5.093681 0.129733 -0.089031 0.999886 -0.001496 -0.003071 0.014724
50 884 5.846840 -0.010652 0.120953 0.999988 0.001832 -0.000157 0.004576
170 998 3.147034 0.016723 0.083682 0.999996 0.001452 -0.001472 0.001934
233 1057 3.945160 0.032739 0.068572 0.999991 0.000293 -0.004204 -0.000808
5 842 4.913548 0.078769 0.104585 0.999998 0.000498 0.000195 0.001886
44 878 5.600002 -0.022883 0.110870 0.999984 0.000178 0.000261 0.005632
172 995 -3.188705 -0.017143 -0.049144 0.999993 0.000281 -0.001699 0.003194
48 879 2.079655 -0.062753 0.049033 0.999986 0.000149 0.000228 0.005235
34 868 4.809994 -0.129351 0.093948 0.999995 -0.000829 0.002260 -0.001849
290 1092 -5.549591 1.055511 -0.120800 0.933781 -0.007770 -0.006945 -0.357693
286 1091 -4.488739 0.612259 -0.105533 0.966104 -0.005696 -0.006782 -0.258001
128 962 5.145905 0.231051 0.105083 0.999974 0.000184 -0.000190 0.007155
227 1051 3.807526 0.005904 0.079490 0.999972 -0.000321 -0.005448 -0.005136
237 1053 -2.767151 0.006476 -0.024633 0.999964 0.002475 0.000757 0.008129
230 1052 2.248169 0.025058 0.037011 0.999995 0.002186 0.002108 -0.001074
115 949 3.324478 0.234478 0.072100 0.999910 0.004565 -0.002587 -0.012390
173 1002 4.997147 0.070784 0.127810 0.999991 0.000961 -0.001567 0.003806
185 1011 3.186615 0.052162 0.088979 0.999998 0.000424 -0.000435 0.001919
174 1001 2.543411 0.074037 0.071790 0.999991 0.000560 -0.002560 0.003316
52 877 -5.336887 -0.070368 -0.073944 0.999999 0.000532 -0.000082 0.001262
182 1004 -2.006729 0.098598 -0.034059 0.999997 0.000976 -0.000808 -0.002268
49 874 -5.514339 -0.099203 -0.087832 0.999993 0.001175 -0.000309 0.003471
193 1019 3.799973 -0.027955 0.094945 0.999999 0.000747 0.000662 -0.000618
68 895 -2.151123 0.011800 -0.021225 0.999967 0.000273 0.002453 0.007724
267 1090 5.432434 0.423830 0.155922 0.999922 -0.009969 -0.005959 -0.004563
144 974 2.173645 0.368261 0.053074 0.999999 -0.001308 0.000065 0.001100
132 960 -2.796677 0.156805 -0.033599 0.999994 0.001164 -0.002935 0.001746
194 1022 5.364288 -0.028028 0.135895 0.999982 -0.001944 -0.004378 -0.003502
94 922 -3.453583 1.289887 -0.047690 0.999341 -0.004783 -0.002461 0.035889
93 927 3.426254 1.658018 0.054152 0.999710 -0.009975 -0.001568 0.021855
241 1055 -4.475311 -0.017241 -0.072577 0.999922 0.003582 -0.002993 0.011607
248 1072 5.050659 0.385082 0.104750 0.999855 -0.000797 -0.002397 0.016860
142 973 3.253387 0.360842 0.076254 0.999999 -0.001109 -0.000012 0.001200
56 888 3.619408 0.054577 0.084877 0.999963 -0.002742 -0.001034 0.008126
238 1054 -2.765411 0.002899 -0.021899 0.999959 0.003236 0.000610 0.008495
72 898 -3.438904 0.050851 -0.049537 0.999924 -0.001475 0.001038 0.012175
265 1088 5.217133 0.474154 0.147070 0.999958 -0.007176 -0.005766 0.000085
49 875 -4.225895 -0.083636 -0.063641 0.999998 0.001285 -0.000610 0.001455
164 992 2.164124 -0.010946 0.066758 0.999996 0.001290 -0.000859 -0.002418
89 917 -2.848686 0.768074 -0.031085 0.999329 0.001167 -0.001896 0.036567
227 1043 -2.583954 -0.051058 -0.040829 0.999967 0.001854 -0.007260 0.003058
291 1099 -1.914703 -2.643250 0.042521 0.924029 -0.004804 -0.003465 -0.382277
247 1062 -3.388428 0.120932 -0.046152 0.999943 -0.001138 -0.003726 0.009991
180 1009 5.931473 0.139527 0.137955 0.999985 0.000292 0.001339 0.005254
107 941 2.952370 0.843003 0.069837 0.999339 0.000685 -0.005358 -0.035962
167 996 3.981140 0.019426 0.094581 0.999998 0.001126 -0.001340 -0.000906
37 869 2.488018 -0.136331 0.054482 0.999987 0.001273 0.003297 -0.003618
113 942 -3.301544 0.759309 -0.050841 0.999330 -0.002947 -0.006175 -0.035962
232 1058 5.672607 0.023186 0.079281 0.999992 0.002076 -0.001953 -0.002848
291 1097 -3.054718 -1.510010 0.000314 0.923889 -0.006165 -0.003953 -0.382590
61 887 -3.540024 0.013925 -0.051512 0.999988 0.002655 -0.001008 0.003972
185 1006 -2.439713 0.058035 -0.041633 0.999980 0.000800 0.000200 -0.006322
55 882 -2.604248 -0.070805 -0.034058 0.999988 0.000280 -0.001308 0.004564
146 972 -3.222244 0.373340 -0.037126 0.999996 0.000406 0.000838 -0.002571
139 970 2.763062 0.361269 0.064032 0.999989 -0.000266 0.000753 0.004633
75 901 -3.705193 0.070074 -0.044795 0.999916 0.001548 0.000023 0.012856
96 932 5.589668 1.647987 0.095362 0.999927 -0.007630 -0.003176 -0.008827
237 1052 -3.589417 -0.004666 -0.036565 0.999960 0.000620 -0.000030 0.008954
126 955 -2.385910 0.141893 -0.026677 0.999994 0.000971 -0.003358 -0.000423
209 1024 -3.782852 -0.075712 -0.058723 0.999971 -0.002059 -0.002133 0.007022
275 1093 2.823273 -0.132404 0.073739 0.998284 -0.007754 -0.002230 -0.057995
262 1086 5.867218 0.538274 0.151634 0.999953 -0.005756 -0.004635 0.006249
63 888 -4.688866 -0.009045 -0.056546 0.999952 0.001219 -0.000168 0.009702
289 1093 -4.470169 0.280228 -0.087577 0.942899 -0.007146 -0.006432 -0.332939
5 836 -3.269703 -0.001734 -0.033151 0.999997 0.001123 -0.000503 0.002342
234 1050 -2.745026 -0.010781 -0.040188 0.999967 -0.002243 -0.004123 0.006602
246 1071 5.845886 0.359236 0.107059 0.999874 -0.000132 -0.002030 0.015741
63 896 4.828995 0.030281 0.117179 0.999998 0.000868 0.001699 -0.001250
88 922 3.787498 1.316970 0.059057 0.998874 -0.006235 -0.001102 0.047016
132 958 -5.649200 0.170706 -0.090935 0.999982 0.001653 -0.004307 0.003936
66 897 2.385902 0.055555 0.057336 0.999996 -0.000631 0.001044 0.002514
237 1050 -5.253204 -0.057308 -0.061043 0.999939 -0.000869 -0.002123 0.010798
162 986 -3.580170 0.049166 -0.045134 0.999976 0.002066 0.000376 -0.006676
181 1001 -4.858383 0.090102 -0.105737 0.999992 -0.000338 -0.003411 -0.002094
248 1071 4.132446 0.337448 0.086566 0.999882 -0.000129 -0.002283 0.015192
120 947 -5.722717 0.344777 -0.085083 0.999783 0.004595 -0.004645 -0.019773
58 890 3.688248 0.028746 0.084954 0.999999 -0.000923 0.000439 0.000625
227 1049 2.170700 -0.002354 0.045843 0.999976 0.000281 -0.005909 -0.003542
207 1033 4.444168 -0.127117 0.083643 0.999918 0.000299 0.000777 -0.012768
217 1040 2.646408 -0.088745 0.054189 0.999999 0.000112 -0.000930 0.000743
97 926 -2.595078 1.588064 -0.035177 0.999847 -0.008596 -0.001864 0.015144
202 1018 -3.593262 -0.065425 -0.055392 0.999983 0.001578 0.004137 0.003692
192 1018 3.764267 -0.031248 0.093441 0.999995 0.001576 0.001932 -0.001986
215 1039 3.320358 -0.084620 0.073847 0.999994 0.000722 -0.003023 -0.001611
69 902 4.358887 0.075173 0.109174 0.999993 0.001302 -0.001413 0.003100
289 1096 -2.580460 -1.233383 -0.009245 0.943318 -0.004846 -0.003910 -0.331831
282 1099 3.486938 -2.082130 0.097982 0.985393 -0.001777 -0.000064 -0.170286
265 1085 2.757477 0.444814 0.079899 0.999987 -0.004226 -0.002708 -0.000270
191 1016 2.867233 -0.025384 0.077396 0.999992 0.000806 0.002320 -0.003173
148 978 2.772110 0.289292 0.065737 0.999962 0.000991 0.001403 -0.008550
274 1084 -3.979095 0.546947 -0.067251 0.998998 -0.000373 0.001618 -0.044720
166 995 3.832977 0.023010 0.091416 0.999996 0.001040 -0.000985 -0.002247
261 1085 5.833435 0.536927 0.146273 0.999957 -0.003880 -0.003065 0.007816
70 901 2.083969 0.081524 0.053205 0.999985 0.001469 -0.001092 0.005127
4 841 4.743130 0.057889 0.103664 0.999998 0.001167 -0.000056 0.001782
223 1045 2.155975 -0.022188 0.030087 0.999994 -0.000795 0.003189 0.001390
45 872 -3.262775 -0.116978 -0.035417 0.999994 0.001803 0.001313 0.002567
100 927 -5.091095 1.650411 -0.067666 0.999958 -0.007696 -0.001865 0.004531
106 934 -4.366531 1.376773 -0.052618 0.999679 -0.000422 -0.003269 -0.025113
77 904 -2.704979 0.139585 -0.032876 0.999920 0.000251 -0.000648 0.012619
149 975 -2.715988 0.286344 -0.032006 0.999996 -0.002524 0.000682 -0.001297
259 1083 5.780945 0.560491 0.132398 0.999924 -0.001605 -0.001611 0.012105
279 1096 2.918213 -0.967056 0.080375 0.993352 -0.004426 0.000518 -0.115028
229 1054 4.729813 -0.001054 0.072329 0.999978 0.003587 0.000158 -0.005658
130 962 2.636871 0.195598 0.064916 0.999990 0.000850 -0.000548 0.004345
16 852 5.241385 0.092263 0.109962 0.999999 -0.000318 -0.000977 -0.000722
53 887 5.989960 0.031939 0.111405 0.999971 -0.001862 -0.000180 0.007379
129 961 2.462250 0.183306 0.061729 0.999998 0.000686 -0.001805 0.000973
230 1044 -4.154678 -0.096000 -0.003686 0.999960 0.003918 -0.000139 0.008002
38 866 -2.621029 -0.149229 -0.033074 0.999991 0.003189 -0.001979 -0.001932
76 900 -5.885727 0.006519 -0.075827 0.999894 0.000610 -0.000802 0.014550
14 850 4.916813 0.100671 0.100431 1.000000 0.000377 -0.000678 0.000471
80 912 2.371719 0.440275 0.060491 0.999730 0.003338 -0.003440 0.022739
104 933 -3.046425 1.462834 -0.023702 0.999717 -0.001955 -0.002524 -0.023598
180 1008 4.833649 0.122290 0.113546 0.999988 0.000195 0.001392 0.004587
33 865 2.091175 -0.130181 0.058825 0.999993 0.000847 0.000497 -0.003597
71 896 -4.501411 0.018468 -0.047929 0.999909 -0.000911 0.006314 0.011912
228 1044 -2.577255 -0.038201 -0.034907 0.999977 0.001722 -0.005887 0.002775
37 864 -4.009903 -0.120867 -0.054653 0.999985 0.003787 -0.000582 -0.003876
100 928 -3.949005 1.647690 -0.052198 0.999965 -0.008013 -0.002176 -0.000626
253 1069 -2.016846 0.251713 -0.017375 0.999968 0.001646 -0.000180 0.007793
291 1098 -2.499237 -2.062149 0.023693 0.923681 -0.005533 -0.003620 -0.383104
149 974 -4.125092 0.302821 -0.052935 0.999995 -0.002504 0.001146 0.001283
198 1016 -2.429520 -0.052149 -0.031769 0.999989 0.001611 0.004032 -0.001546
78 905 -2.758217 0.146074 -0.037538 0.999913 -0.000412 -0.001676 0.013088
225 1049 3.792862 0.004736 0.040898 0.999991 -0.001806 -0.000782 -0.003678
27 854 -5.225368 0.030223 -0.064783 0.999997 -0.000219 0.000569 -0.002487
87 913 -4.781746 0.465087 -0.070775 0.999587 0.001657 -0.002656 0.028558
171 1000 4.634781 0.046581 0.107791 0.999998 0.000717 -0.001298 0.001197
178 1007 5.718658 0.134514 0.124524 0.999988 0.000356 0.002020 0.004464
211 1024 -5.169464 -0.108323 -0.074794 0.999940 -0.001547 -0.001614 0.010729
212 1035 2.423004 -0.103243 0.052090 0.999988 0.000570 -0.000586 -0.004787
125 953 -3.866821 0.204480 -0.039733 0.999982 0.002544 0.000574 -0.005335
257 1069 -5.393890 0.263557 -0.097130 0.999991 0.001833 -0.002419 0.002880
73 905 2.957703 0.166658 0.075074 0.999965 0.000447 -0.002629 0.007972
263 1074 -5.692963 0.420238 -0.114505 0.999978 -0.003026 -0.004557 -0.003699
150 974 -5.424545 0.314804 -0.087321 0.999998 -0.002150 -0.000420 0.000197
287 1091 -4.951965 0.809540 -0.118649 0.959566 -0.006383 -0.007049 -0.281322
82 917 5.413620 0.768665 0.104124 0.999298 0.000948 -0.000939 0.037445
193 1010 -4.636429 0.006261 -0.099322 0.999950 0.003077 0.000096 -0.009522
293 1100 -2.670303 -2.985123 0.055129 0.899625 -0.006334 -0.007660 -0.436549
75 899 -5.882301 0.022763 -0.078594 0.999898 -0.000012 -0.000069 0.014282
40 867 -3.732674 -0.162209 -0.067554 0.999986 0.002529 -0.004665 -0.000314
288 1097 -1.421722 -1.774246 0.019835 0.952085 -0.004649 -0.003330 -0.305782
221 1035 -4.060577 -0.110443 -0.034329 0.999996 0.000983 0.002511 0.000399
200 1018 -2.155350 -0.050198 -0.027342 0.999989 0.001777 0.004088 0.001455
215 1042 5.649307 -0.093267 0.121200 0.999986 0.000582 -0.005022 -0.001367
271 1091 3.606476 0.257680 0.089717 0.999762 -0.009121 -0.003093 -0.019580
281 1098 3.309601 -1.660271 0.094096 0.988498 -0.003011 0.000383 -0.151204
167 995 2.649902 0.022738 0.070481 0.999999 0.000972 -0.001006 0.000319
211 1026 -3.635056 -0.098781 -0.047242 0.999982 -0.000078 -0.000337 0.005935
32 859 -4.613625 -0.038154 -0.065130 0.999967 -0.000612 -0.000447 -0.008110
3 834 -3.595894 -0.002675 -0.036665 0.999996 0.002509 0.000096 0.001198
263 1085 4.253998 0.487964 0.112035 0.999979 -0.004631 -0.002964 0.003523
84 911 -3.307655 0.360069 -0.018680 0.999698 0.002158 0.003214 0.024267
281 1091 -2.081635 0.010971 -0.036905 0.988516 -0.004872 -0.004551 -0.150972
229 1055 5.562546 -0.004037 0.080984 0.999974 0.002536 -0.001218 -0.006640
221 1044 2.869446 -0.053686 0.058923 0.999989 0.003986 -0.002172 0.001061
215 1027 -5.723785 -0.137170 -0.073467 0.999965 -0.000478 -0.000240 0.008384
271 1090 2.804596 0.285635 0.072733 0.999786 -0.008240 -0.002660 -0.018777
110 944 3.041855 0.563146 0.062534 0.999494 0.005732 -0.001753 -0.031243
246 1069 3.991669 0.296349 0.075326 0.999916 0.000788 -0.001175 0.012865
268 1087 2.246704 0.404423 0.069419 0.999954 -0.006797 -0.004361 -0.005141
190 1009 -3.391464 0.038029 -0.063744 0.999941 0.001557 0.001242 -0.010654
273 1091 2.362518 0.147977 0.062754 0.999350 -0.008726 -0.003116 -0.034825
2 838 3.076142 0.039800 0.069882 0.999997 0.001646 -0.000339 0.001558
295 1100 -3.893646 -2.670013 -0.003930 0.870283 -0.001899 -0.007734 -0.492487
245 1060 -3.507263 0.077847 -0.049023 0.999936 -0.001846 -0.003440 0.010654
272 1093 4.613556 0.135194 0.109455 0.999552 -0.010159 -0.002213 -0.028057
102 936 3.028404 1.344336 0.060308 0.999450 -0.005632 -0.000495 -0.032667
32 860 -3.272381 -0.053027 -0.042009 0.999969 -0.000291 -0.000289 -0.007912
166 994 2.478180 0.000435 0.068110 0.999992 0.001256 -0.000749 -0.003645
101 930 -2.858818 1.624292 -0.029253 0.999924 -0.005988 -0.002605 -0.010452
288 1096 -2.067734 -1.310165 -0.001722 0.951737 -0.005236 -0.004086 -0.306843
113 940 -5.835922 0.934690 -0.104415 0.999227 -0.007512 -0.007082 -0.037920
290 1097 -2.533585 -1.625931 0.006037 0.934396 -0.004842 -0.002979 -0.356192
218 1032 -4.076691 -0.098232 -0.029808 0.999992 -0.000290 0.003642 0.001265
77 911 4.790665 0.384929 0.085737 0.999822 0.004612 0.000478 0.018284
4 834 -4.792713 -0.007820 -0.056502 0.999996 0.002267 0.000338 0.001555
173 995 -4.311020 -0.012686 -0.076091 0.999993 -0.000047 -0.002117 0.002872
103 932 -2.980072 1.540472 -0.027121 0.999799 -0.002980 -0.002591 -0.019667
186 1004 -5.837311 0.096573 -0.121134 0.999969 0.001575 -0.000711 -0.007663
279 1089 -2.632538 0.298042 -0.044543 0.993648 -0.003416 -0.002612 -0.112451
267 1078 -4.913605 0.461823 -0.089328 0.999953 -0.003559 -0.001672 -0.008847
210 1033 2.362289 -0.104491 0.045963 0.999969 0.000406 0.001306 -0.007752
224 1048 3.755417 0.008843 0.030136 0.999992 -0.001145 0.003304 -0.001684
269 1088 2.409760 0.375532 0.070767 0.999930 -0.006723 -0.003624 -0.008997
208 1023 -3.866058 -0.071277 -0.067674 0.999965 -0.002818 -0.002575 0.007431
281 1099 4.097229 -1.903694 0.104047 0.988634 -0.002335 0.000705 -0.150321
226 1038 -5.625015 -0.091688 -0.086902 0.999995 0.000055 -0.002600 0.002124
252 1066 -4.008698 0.198957 -0.044009 0.999977 0.001290 -0.001212 0.006608
258 1070 -5.305450 0.293820 -0.109537 0.999986 0.000549 -0.004089 0.003352
142 974 4.693436 0.378566 0.096010 0.999998 -0.001537 -0.000375 0.001438
273 1093 4.003204 0.046889 0.097388 0.999272 -0.009738 -0.002523 -0.036793
229 1045 -2.564453 -0.022090 -0.016247 0.999989 0.000638 0.000647 0.004605
26 853 -5.368731 0.037956 -0.067551 0.999997 -0.000399 -0.000141 -0.002481
82 909 -3.092552 0.260878 -0.026607 0.999826 -0.000495 0.002283 0.018502
216 1041 4.162567 -0.084778 0.083363 0.999996 0.000371 -0.002545 0.000925
97 931 3.185646 1.627169 0.061861 0.999930 -0.007586 -0.003266 -0.008457
58 889 2.450363 0.031656 0.059199 0.999999 -0.000602 -0.000301 0.000932
178 999 -4.397751 0.032701 -0.080859 0.999996 -0.000261 -0.001471 0.002207
257 1079 3.839264 0.500952 0.084521 0.999919 -0.000598 -0.000213 0.012717
41 868 -3.623173 -0.150839 -0.062201 0.999991 0.002072 -0.003771 -0.000214
250 1065 -3.245148 0.159023 -0.040029 0.999949 0.000623 -0.002433 0.009776
267 1081 -2.177612 0.435455 -0.032407 0.999965 -0.003103 -0.001920 -0.007470
90 917 -4.052765 0.767878 -0.046090 0.999376 0.001567 -0.001829 0.035230
105 941 5.479324 0.865891 0.080641 0.999296 -0.001672 -0.003113 -0.037343
203 1028 3.464706 -0.092064 0.073829 0.999937 0.000733 -0.000125 -0.011178
282 1098 2.709808 -1.807053 0.086854 0.985239 -0.002458 -0.000372 -0.171168
103 937 3.033272 1.259748 0.053596 0.999339 -0.006124 -0.000417 -0.035821
227 1040 -4.899307 -0.097649 -0.096245 0.999987 -0.000559 -0.004358 0.002667
237 1051 -4.431061 -0.028454 -0.048430 0.999946 -0.000769 -0.001321 0.010233
190 1008 -4.489273 0.055789 -0.088340 0.999934 0.001461 0.001297 -0.011322
24 851 -5.714031 0.061545 -0.092344 0.999998 0.000085 -0.001113 -0.001833
267 1087 2.946106 0.422153 0.086315 0.999953 -0.007388 -0.005074 -0.003585
246 1068 3.024841 0.264429 0.058679 0.999919 0.000703 -0.000980 0.012692
195 1014 -2.067947 -0.041722 -0.039063 0.999987 0.000959 0.000337 -0.005013
110 937 -5.755859 1.196956 -0.077128 0.999368 -0.004715 -0.003329 -0.035077
12 848 4.648448 0.097574 0.097435 0.999998 0.000036 -0.000130 -0.001880
209 1036 5.265839 -0.138803 0.094468 0.999958 -0.000379 -0.002523 -0.008856
267 1077 -5.837921 0.467102 -0.107681 0.999942 -0.003213 -0.001746 -0.010123
151 983 5.940582 0.206842 0.136229 0.999955 -0.002207 -0.002773 -0.008843
278 1087 -3.727203 0.557053 -0.062606 0.995378 -0.001352 -0.001548 -0.096012
15 844 -4.368566 0.039009 -0.061815 1.000000 0.000047 -0.001027 0.000201
118 952 3.634903 0.149695 0.077597 0.999976 0.001815 -0.004217 -0.005161
94 923 -2.351944 1.376016 -0.032836 0.999440 -0.006791 -0.002888 0.032637
161 984 -5.130112 0.071980 -0.072579 0.999975 0.000847 -0.000799 -0.007011
160 990 4.343918 -0.001459 0.105543 0.999972 0.002241 -0.001876 -0.006923
233 1048 -3.533890 -0.040894 -0.036676 0.999967 0.000349 -0.000339 0.008059
235 1059 4.039703 0.077085 0.082633 0.999991 -0.001614 -0.003881 -0.000178
208 1032 3.004288 -0.105603 0.056523 0.999953 -0.000316 0.000766 -0.009684
214 1028 -4.226990 -0.105274 -0.057147 0.999985 -0.000136 -0.000979 0.005412
180 1007 3.646805 0.108529 0.090041 0.999996 -0.000012 0.001293 0.002316
208 1036 5.955338 -0.156059 0.104358 0.999941 -0.000311 -0.002656 -0.010579
202 1017 -4.436325 -0.068389 -0.069192 0.999986 0.001230 0.004355 0.002609
243 1057 -4.451569 -0.004089 -0.066929 0.999908 0.001615 -0.004704 0.012640
170 994 -2.238983 -0.031794 -0.021570 0.999999 0.001300 -0.001052 0.000292
207 1031 2.929733 -0.090309 0.061671 0.999946 -0.000194 -0.000165 -0.010397
21 851 -2.125992 0.074969 -0.020950 0.999998 0.000587 0.000410 -0.001459
91 920 -2.020912 1.076706 -0.013273 0.999059 -0.000664 -0.000413 0.043371
124 953 -2.604050 0.205106 -0.021156 0.999986 0.002573 0.000175 -0.004679
272 1083 -3.654510 0.486941 -0.052780 0.999662 -0.001517 0.002132 -0.025857
200 1026 4.081619 -0.069802 0.086334 0.999947 0.001031 -0.000427 -0.010283
88 915 -3.812988 0.611761 -0.052597 0.999534 0.001231 -0.003117 0.030357
276 1095 3.835754 -0.439163 0.092974 0.997531 -0.006041 0.000137 -0.069961
197 1022 3.156769 -0.020073 0.071270 0.999994 -0.001476 -0.002264 -0.002323
149 979 2.954117 0.262981 0.054057 0.999984 0.000343 0.003308 -0.004638
182 1010 5.033722 0.113464 0.128185 0.999992 0.000597 -0.000261 0.003987
230 1054 3.916412 0.003813 0.053211 0.999983 0.004419 0.002548 -0.002801
159 982 -5.445801 0.153887 -0.094683 0.999974 0.000803 -0.002766 -0.006596
199 1017 -2.278290 -0.041620 -0.029438 0.999989 0.001756 0.004371 -0.000272
86 919 2.870956 0.981096 0.051930 0.998878 0.000194 0.000577 0.047362
199 1016 -3.143539 -0.051978 -0.042805 0.999988 0.001950 0.004425 -0.001255
166 988 -5.684418 -0.028743 -0.093441 0.999996 0.001979 -0.001867 -0.000702
282 1091 -2.609161 0.080956 -0.052192 0.985258 -0.004420 -0.005268 -0.170939
229 1041 -5.702469 -0.102839 -0.060472 0.999982 -0.000349 -0.001234 0.005909
202 1028 4.159607 -0.092941 0.087074 0.999926 0.000829 -0.000191 -0.012134
118 953 5.023453 0.168466 0.098202 0.999979 0.001335 -0.005454 -0.003116
200 1016 -3.863678 -0.060867 -0.054692 0.999989 0.001624 0.004361 -0.000611
214 1029 -3.461060 -0.090212 -0.046133 0.999993 0.000007 -0.000832 0.003542
10 841 -2.471586 0.055919 -0.023198 1.000000 -0.000137 -0.000554 -0.000451
6 835 -5.828898 -0.030878 -0.072490 0.999986 0.001276 0.000126 0.005076
242 1067 5.436676 0.218363 0.099990 0.999944 0.004127 -0.001208 0.009650
75 909 4.968765 0.288180 0.091739 0.999916 0.003107 0.001937 0.012406
280 1087 -4.749329 0.793411 -0.100053 0.991506 -0.001690 -0.002826 -0.130017
92 919 -4.343025 0.954753 -0.048057 0.999205 0.001138 -0.001308 0.039817
233 1047 -4.293137 -0.070031 -0.042834 0.999947 0.001177 0.002451 0.009954
85 917 1.898689 0.784100 0.043912 0.999208 0.001526 0.000710 0.039751
291 1094 -4.757767 0.192200 -0.079316 0.922819 -0.008712 -0.006224 -0.385085
256 1068 -5.512573 0.229980 -0.086163 0.999985 0.002347 -0.000994 0.004772
209 1025 -3.017685 -0.074572 -0.045693 0.999987 -0.001270 -0.001430 0.004739
53 880 -2.694828 -0.061596 -0.033148 0.999987 -0.000435 0.000705 0.004944
143 973 1.982971 0.358158 0.053707 0.999998 -0.001311 0.000013 0.001661
201 1018 -2.855301 -0.063945 -0.039947 0.999986 0.001522 0.004069 0.003053
62 887 -4.730026 -0.047437 -0.072982 0.999957 0.003195 -0.001300 0.008597
66 893 -2.187042 0.017230 -0.016913 0.999979 0.000780 0.000273 0.006377
280 1100 5.416412 -1.906609 0.121410 0.991518 -0.001862 0.002002 -0.129940
234 1060 5.747925 0.065989 0.112369 0.999989 -0.001699 -0.003535 -0.002372
275 1086 -2.897125 0.460348 -0.047938 0.998469 -0.002155 -0.000552 -0.055260
14 848 2.254345 0.083778 0.055843 1.000000 0.000581 0.000007 -0.000157
116 946 -1.987793 0.407215 -0.017324 0.999706 0.001980 -0.003507 -0.023898
10 846 4.330526 0.110094 0.094645 0.999999 -0.001057 -0.000866 0.000520
296 1099 -4.824783 -1.783722 -0.053932 0.853738 -0.000687 -0.007149 -0.520653
121 954 2.581161 0.196307 0.066878 0.999970 0.002930 -0.006756 -0.002324
43 875 3.022663 -0.055966 0.060810 0.999992 0.000550 -0.000444 0.003990
63 887 -5.907143 -0.046854 -0.080831 0.999947 0.002397 -0.000219 0.010037
291 1093 -5.326920 0.766296 -0.109672 0.922970 -0.009245 -0.007053 -0.384697
19 854 4.339203 0.076696 0.091015 0.999997 0.000083 0.000108 -0.002469
259 1071 -5.197418 0.322244 -0.115365 0.999987 0.000089 -0.004980 0.001231
229 1042 -4.922073 -0.098269 -0.046465 0.999983 0.000224 -0.002593 0.005175
171 994 -3.411148 -0.033212 -0.046899 0.999999 0.000659 -0.001018 0.000127
103 936 1.800682 1.337952 0.043444 0.999499 -0.004687 -0.000521 -0.031303
164 987 -4.629242 -0.009627 -0.069545 0.999987 0.001692 -0.001145 -0.004701
286 1099 1.126373 -2.597519 0.071490 0.966309 -0.002602 -0.001834 -0.257364
174 997 -2.740631 0.026107 -0.045443 0.999992 0.000443 -0.002998 0.002713
29 858 -2.291336 -0.007540 -0.023306 0.999983 -0.000064 -0.000224 -0.005792
74 901 -2.552567 0.099461 -0.030209 0.999940 0.001418 -0.001043 0.010839
133 966 4.596252 0.298988 0.101629 0.999956 -0.000265 -0.001824 0.009245
181 1003 -2.257278 0.093333 -0.042295 0.999998 0.000318 -0.001826 -0.001000
235 1057 2.280060 0.057901 0.047287 0.999982 -0.000799 -0.005503 0.002139
69 901 3.229530 0.064567 0.083632 0.999989 0.001715 -0.002603 0.003480
58 883 -4.934837 -0.046515 -0.066695 0.999987 0.004090 -0.000140 0.003135
221 1047 5.227798 -0.021077 0.083163 0.999987 0.003260 0.003489 -0.001650
274 1083 -4.830322 0.620689 -0.082634 0.999004 0.000049 0.001571 -0.044596
262 1073 -5.825256 0.390388 -0.122468 0.999978 -0.002248 -0.005244 -0.003343
105 939 3.008377 1.051802 0.048280 0.999243 -0.004646 -0.000736 -0.038625
74 907 3.983376 0.247871 0.090633 0.999954 0.001520 -0.000204 0.009431
114 944 -2.041840 0.562317 -0.025136 0.999525 -0.000328 -0.003494 -0.030605
20 854 3.126953 0.073065 0.068791 0.999998 0.000159 0.000366 -0.002008
224 1038 -4.043442 -0.101111 -0.027184 0.999990 -0.002687 0.002203 0.002720
73 900 -2.494469 0.049762 -0.030874 0.999933 0.000317 -0.002968 0.011209
244 1066 2.832764 0.208910 0.061369 0.999940 0.002140 -0.002039 0.010570
208 1024 -3.093048 -0.061764 -0.051256 0.999982 -0.001992 -0.002264 0.005299
225 1041 -2.493195 -0.076835 -0.018649 0.999991 -0.002699 0.000011 0.003297
82 908 -4.168877 0.231599 -0.040400 0.999872 -0.001409 0.001783 0.015866
52 885 4.663349 -0.032445 0.100413 0.999993 0.001223 -0.000048 0.003568
237 1063 5.946381 0.108482 0.091604 0.999994 0.001417 -0.001414 0.002677
6 837 -3.092078 0.009716 -0.031720 0.999994 0.001032 0.000123 0.003332
292 1100 -2.046799 -3.085068 0.063560 0.912668 -0.005604 -0.005813 -0.408621
117 944 -5.873383 0.587228 -0.083475 0.999515 -0.002234 -0.003116 -0.030915
187 1015 5.299271 0.054914 0.138007 0.999997 -0.000722 0.001282 0.001776
18 854 5.555117 0.077699 0.109525 0.999998 0.000041 0.000282 -0.002085
87 921 3.850250 1.217961 0.060996 0.998826 -0.004083 -0.000063 0.048273
219 1046 5.894470 -0.011132 0.101038 0.999994 0.000803 0.003211 -0.000928
126 953 -5.161713 0.156175 -0.062202 0.999993 0.002141 0.000653 -0.002980
178 1006 4.556839 0.115771 0.104171 0.999990 0.000699 0.002200 0.003959
134 962 -2.442657 0.184222 -0.021024 0.999987 0.001339 -0.000858 0.004792
141 972 3.092468 0.380210 0.067241 0.999999 -0.000882 0.000408 0.001212
189 1009 -2.560654 0.020639 -0.044602 0.999965 0.001201 0.000778 -0.008277
225 1050 4.607300 0.009232 0.046734 0.999985 -0.002529 -0.001123 -0.004703
28 863 5.510887 -0.067454 0.112445 0.999987 0.001244 0.000844 -0.004917
271 1089 1.979614 0.305463 0.054636 0.999811 -0.007436 -0.002405 -0.017784
110 940 -2.040695 0.916422 -0.014970 0.999277 -0.003479 -0.004688 -0.037581
289 1100 -0.106598 -3.204712 0.069592 0.944215 -0.001865 -0.002420 -0.329316
278 1099 5.853729 -1.295238 0.118973 0.995264 -0.002664 0.002841 -0.097131
192 1019 4.562515 -0.019193 0.109360 0.999998 0.000927 0.001154 -0.001151
231 1056 4.775391 0.011368 0.056993 0.999991 0.003213 -0.000514 -0.002839
113 947 3.212006 0.328594 0.074306 0.999725 0.007274 -0.004770 -0.021798
88 913 -5.963623 0.460649 -0.091068 0.999602 0.001855 -0.003046 0.028004
33 861 -3.154297 -0.094724 -0.036418 0.999991 -0.000133 -0.000781 -0.004129
282 1097 1.971313 -1.545677 0.070792 0.985332 -0.003000 -0.000838 -0.170620
286 1094 -2.358307 -0.601486 -0.029490 0.965493 -0.006120 -0.005077 -0.260309
70 896 -3.359795 0.024076 -0.030138 0.999925 -0.000490 0.005883 0.010695
285 1098 0.967804 -2.128540 0.064767 0.971842 -0.002688 -0.001833 -0.235610
42 868 -4.827705 -0.169864 -0.073999 0.999994 0.001710 -0.002894 0.000845
235 1050 -3.577637 -0.020825 -0.056157 0.999953 -0.002354 -0.004357 0.008380
215 1030 -3.440506 -0.107255 -0.036947 0.999996 -0.000337 0.000117 0.002733
238 1061 3.315521 0.109993 0.057790 0.999994 0.000165 -0.001546 0.002986
215 1040 4.083954 -0.093469 0.088050 0.999995 0.000105 -0.002887 -0.001397
264 1076 -4.553864 0.425927 -0.081052 0.999981 -0.002457 -0.002292 -0.005226
123 956 2.834351 0.167605 0.066321 0.999979 0.001210 -0.006116 -0.002007
195 1022 4.617279 -0.027627 0.115983 0.999984 -0.002003 -0.004202 -0.003192
273 1095 5.609467 -0.069057 0.133054 0.999300 -0.008869 -0.000474 -0.036349
295 1095 -5.934402 0.739197 -0.145339 0.868568 -0.006075 -0.009326 -0.495444
267 1088 3.767120 0.425365 0.109090 0.999944 -0.008035 -0.005409 -0.004327
124 951 -5.391891 0.234300 -0.038604 0.999964 0.003788 0.002747 -0.007040
284 1089 -5.069366 0.959549 -0.130753 0.977321 -0.002769 -0.006064 -0.211657
5 841 3.537346 0.064811 0.086933 0.999995 0.001022 -0.000109 0.003111
44 871 -3.349209 -0.139407 -0.026151 0.999990 0.001779 0.002153 0.003332
172 999 2.158249 0.042435 0.059525 0.999992 0.000330 -0.001643 0.003548
273 1082 -5.133057 0.595819 -0.086312 0.999393 -0.001141 0.001336 -0.034789
242 1058 -2.759277 0.037245 -0.037495 0.999933 0.002013 -0.004305 0.010568
260 1075 -2.329010 0.392759 -0.038903 0.999987 -0.002044 -0.003231 0.003529
213 1036 2.471466 -0.081949 0.056045 0.999994 0.000132 -0.002692 -0.002158
282 1090 -3.365631 0.348076 -0.073506 0.985400 -0.003487 -0.004977 -0.170144
152 983 4.678314 0.189475 0.111553 0.999937 -0.001618 -0.002886 -0.010698
219 1031 -5.583298 -0.111005 -0.045815 0.999993 -0.000605 0.002927 0.002453
192 1020 5.350433 -0.021868 0.126133 0.999998 0.000157 -0.000084 -0.001730
236 1050 -4.407227 -0.031254 -0.057066 0.999949 -0.001292 -0.003239 0.009502
82 910 -2.050873 0.320965 -0.011979 0.999819 0.000854 0.002222 0.018872
206 1034 5.922684 -0.154964 0.110651 0.999883 0.000632 0.000272 -0.015298
181 1007 2.624847 0.101627 0.071307 1.000000 -0.000150 0.000240 0.000065
96 925 -2.521408 1.522226 -0.036533 0.999693 -0.008575 -0.002266 0.023157
53 884 2.256340 -0.028608 0.047780 0.999990 0.001131 0.000837 0.004144
21 850 -3.471136 0.065735 -0.039442 0.999999 0.000745 0.000117 -0.000807
287 1092 -4.256943 0.366486 -0.092606 0.959197 -0.007077 -0.006993 -0.282562
228 1053 4.647781 0.001997 0.096862 0.999968 0.001924 -0.002892 -0.007135
91 926 4.681229 1.647164 0.068056 0.999535 -0.009600 -0.000375 0.028940
43 870 -3.441067 -0.166830 -0.038768 0.999995 0.001332 0.001280 0.002612
26 860 3.953066 -0.039555 0.080760 0.999983 0.000336 0.000509 -0.005741
193 1012 -2.558533 -0.007511 -0.049815 0.999976 0.002214 -0.000248 -0.006566
55 886 2.338310 0.002706 0.062819 0.999970 -0.000896 -0.001618 0.007570
279 1088 -3.451782 0.485382 -0.063448 0.993566 -0.002258 -0.002451 -0.113208
98 925 -4.944206 1.558987 -0.069312 0.999815 -0.007808 -0.002002 0.017471
124 958 4.449951 0.200428 0.095213 0.999990 0.000826 -0.003293 0.002954
233 1058 4.809052 0.045042 0.084851 0.999992 0.000011 -0.003587 -0.001652
205 1021 -3.315216 -0.052044 -0.055616 0.999969 -0.001050 -0.000130 0.007849
195 1021 3.852402 -0.029081 0.096463 0.999996 -0.001061 -0.002628 -0.000636
22 857 4.700594 0.039266 0.089454 0.999992 0.001470 0.000327 -0.003687
278 1089 -2.094513 0.248665 -0.027599 0.995375 -0.003184 -0.001998 -0.095992
3 839 3.211330 0.031315 0.078087 0.999996 0.001520 -0.000730 0.001996
99 932 1.940430 1.577729 0.040649 0.999833 -0.006464 -0.002657 -0.016908
46 872 -4.459427 -0.131827 -0.051791 0.999995 0.001711 0.001702 0.001972
259 1074 -2.460907 0.367710 -0.047527 0.999975 -0.001722 -0.004256 0.005312
204 1032 5.801056 -0.147897 0.105148 0.999873 0.001033 0.001282 -0.015849
200 1015 -4.788742 -0.052166 -0.072887 0.999989 0.001649 0.004062 -0.001533
136 969 5.182709 0.399772 0.109776 0.999973 -0.000415 -0.000530 0.007236
59 886 -2.420319 0.028453 -0.026242 0.999993 0.003199 -0.000674 0.001870
294 1096 -5.053024 -0.254318 -0.090522 0.884047 -0.008209 -0.009218 -0.467236
1 837 2.905291 0.027588 0.068960 0.999998 0.001605 -0.000099 0.001143
190 1018 5.365860 -0.000260 0.125819 0.999997 0.000154 0.002231 0.000181
157 981 -4.362595 0.185791 -0.073414 0.999976 0.001086 -0.001621 -0.006713
125 952 -5.255585 0.191860 -0.043637 0.999967 0.003015 0.001813 -0.007381
28 855 -5.078297 0.020270 -0.065487 0.999992 0.000280 0.000919 -0.003874
71 895 -5.619171 -0.007756 -0.061743 0.999911 -0.000895 0.005833 0.012001
295 1096 -5.516937 0.043900 -0.112885 0.868940 -0.005083 -0.008666 -0.494815
77 909 2.689407 0.287079 0.054818 0.999889 0.002280 0.001598 0.014621
266 1085 2.022430 0.430025 0.063258 0.999983 -0.004517 -0.002620 -0.002599
194 1018 2.222504 -0.042621 0.062188 0.999998 0.001317 0.001048 -0.001283
19 848 -3.737907 0.060525 -0.044984 0.999999 0.000570 0.000073 -0.001429
280 1096 2.360748 -1.086372 0.071937 0.991163 -0.004489 -0.000065 -0.132572
219 1032 -4.809982 -0.102718 -0.039181 0.999991 -0.000561 0.003705 0.001869
111 945 3.101654 0.448871 0.064326 0.999520 0.006745 -0.002543 -0.030147
118 951 2.235916 0.188942 0.049318 0.999978 0.002559 -0.002883 -0.005474
203 1018 -4.288223 -0.079399 -0.067621 0.999979 0.001479 0.004205 0.004647
66 900 5.647163 0.007889 0.130650 0.999985 0.001096 -0.005012 -0.001959
265 1079 -2.546112 0.433537 -0.038831 0.999985 -0.002285 -0.001964 -0.004618
271 1080 -5.690948 0.546236 -0.080817 0.999760 -0.001253 0.001364 -0.021853
247 1061 -4.266663 0.098297 -0.061968 0.999937 -0.002060 -0.003752 0.010423
263 1083 2.550903 0.464849 0.070454 0.999989 -0.002888 -0.001905 0.003092
101 928 -5.190140 1.646870 -0.064755 0.999973 -0.006895 -0.002189 -0.001209
252 1064 -5.813446 0.162142 -0.072132 0.999974 0.000703 -0.001863 0.006957
197 1024 4.717712 -0.036031 0.105385 0.999972 -0.000456 -0.002605 -0.007055
154 985 4.942352 0.091701 0.102513 0.999895 0.002114 0.001276 -0.014269
182 1001 -5.852951 0.106099 -0.131888 0.999986 -0.000171 -0.003601 -0.003879
195 1012 -4.084793 -0.016189 -0.087074 0.999979 0.002076 -0.000463 -0.006086
107 937 -1.997864 1.205199 -0.014299 0.999372 -0.002805 -0.003551 -0.035153
181 1002 -3.530151 0.073082 -0.069835 0.999995 0.000182 -0.002760 -0.001610
202 1027 3.397659 -0.078123 0.071488 0.999949 0.000712 -0.000231 -0.010117
129 957 -3.329559 0.195182 -0.047671 0.999988 0.001797 -0.004350 0.001255
101 935 3.075165 1.377810 0.067033 0.999635 -0.005019 -0.001077 -0.026548
214 1027 -4.988998 -0.117228 -0.073942 0.999972 -0.000253 -0.001019 0.007428
200 1027 4.835419 -0.094234 0.100157 0.999923 0.000902 -0.000275 -0.012355
284 1093 -2.084778 -0.378250 -0.035313 0.976507 -0.005426 -0.005629 -0.215346
115 943 -4.583557 0.646481 -0.058638 0.999523 -0.003479 -0.004189 -0.030410
285 1092 -3.322845 0.066116 -0.068228 0.971559 -0.005664 -0.006564 -0.236641
136 967 2.278061 0.311130 0.059834 0.999971 0.000028 -0.001396 0.007439
52 879 -2.784439 -0.061632 -0.031189 0.999998 0.000468 0.000327 0.002136
8 838 -4.117182 0.027370 -0.058790 0.999995 0.000908 -0.000834 0.003049
112 946 3.134033 0.395251 0.071471 0.999643 0.007017 -0.004143 -0.025433
268 1079 -4.695740 0.457154 -0.078888 0.999940 -0.002536 -0.000923 -0.010592
204 1020 -3.412125 -0.057806 -0.056746 0.999978 0.000153 0.001999 0.006334
223 1036 -4.815704 -0.102696 -0.033748 0.999990 -0.001941 0.002932 0.002703
38 864 -5.225960 -0.155338 -0.091899 0.999987 0.003726 -0.002001 -0.002862
266 1089 5.322449 0.446146 0.153948 0.999944 -0.008610 -0.005955 -0.001484
31 858 -4.697392 -0.004263 -0.064086 0.999976 -0.000427 -0.000382 -0.006914
22 856 3.392773 0.031668 0.067705 0.999996 0.001037 0.000889 -0.002390
152 976 -5.126999 0.326933 -0.102311 0.999975 -0.001854 -0.004240 -0.005283
101 937 5.502213 1.276304 0.092410 0.999331 -0.007656 -0.000460 -0.035767
40 868 -2.433151 -0.158031 -0.034338 0.999992 0.002496 -0.003015 -0.000082
259 1082 4.904205 0.531199 0.111579 0.999926 -0.001667 -0.002024 0.011905
69 895 -3.331947 0.005335 -0.034314 0.999951 -0.000226 0.003893 0.009135
260 1082 4.062408 0.498546 0.097044 0.999954 -0.002097 -0.002115 0.009142
222 1038 -2.561661 -0.088481 -0.016242 0.999999 0.000648 0.000698 0.000748
12 849 5.975554 0.101309 0.118197 0.999999 0.000031 -0.000352 -0.001362
211 1027 -2.880844 -0.098723 -0.033520 0.999992 -0.000210 -0.000189 0.003863
32 865 3.272980 -0.126494 0.074291 0.999980 0.000715 0.000973 -0.006258
64 890 -3.419342 -0.006746 -0.030159 0.999971 -0.000641 0.003057 0.006945
248 1069 2.278198 0.276600 0.053893 0.999923 0.000792 -0.001429 0.012315
139 964 -5.865402 0.246623 -0.072451 0.999991 0.001753 0.000978 0.003800
95 931 5.619797 1.679578 0.095585 0.999957 -0.008249 -0.003218 -0.002856
90 916 -5.140640 0.693956 -0.067529 0.999536 0.001554 -0.002433 0.030304
294 1095 -5.513412 0.413177 -0.126098 0.883692 -0.009179 -0.009911 -0.467874
293 1095 -5.124878 0.138626 -0.102147 0.898087 -0.010401 -0.009530 -0.439592
240 1054 -4.501251 -0.034372 -0.069453 0.999924 0.003911 -0.001583 0.011576
120 948 -4.402496 0.297392 -0.060250 0.999843 0.004878 -0.004246 -0.016498
266 1080 -2.350830 0.436016 -0.034094 0.999980 -0.002475 -0.002092 -0.005537
189 1015 3.563461 0.016123 0.095334 0.999998 -0.000330 0.001736 -0.000431
45 871 -4.549389 -0.130995 -0.052294 0.999995 0.001604 0.002049 0.001807
268 1091 5.535400 0.390698 0.156515 0.999907 -0.010252 -0.005687 -0.006923
125 958 3.187271 0.190574 0.070974 0.999993 0.000798 -0.002892 0.002300
94 929 4.515121 1.712226 0.071098 0.999910 -0.009881 -0.002443 0.008714
226 1040 -4.090988 -0.090126 -0.057507 0.999995 -0.000113 -0.002301 0.002342
98 934 5.550743 1.504853 0.098967 0.999776 -0.006649 -0.001814 -0.020045
227 1050 2.985046 0.002338 0.060061 0.999970 -0.000436 -0.006248 -0.004572
285 1093 -2.589569 -0.299088 -0.044216 0.971402 -0.005829 -0.005795 -0.237299
138 971 5.501236 0.395138 0.101526 0.999985 -0.000761 0.001218 0.005304
145 970 -4.804581 0.337173 -0.055583 0.999998 0.000979 0.000551 0.001576
9 839 -4.007791 0.029673 -0.052288 0.999997 0.000590 -0.001132 0.002256
190 1015 2.732651 0.004298 0.070492 0.999994 0.000032 0.002201 -0.002807
