idx1 idx2 t_1 t_2 t_3 q_1 q_2 q_3 q_4
784 1431 -2.258820 0.889038 -0.029696 0.077596 -0.009669 -0.000713 0.996938
234 1642 2.217697 0.608867 0.076200 0.021188 -0.018762 0.002518 0.999596
72 1820 4.026498 4.128139 -0.079763 -0.190739 -0.012771 0.028997 0.981129
175 1724 -4.927017 -0.181065 -0.062231 0.011814 -0.013783 -0.001183 0.999834
163 1729 2.902687 0.039141 0.050443 0.000991 -0.012352 -0.008033 0.999891
79 1824 -0.279492 2.805313 -0.049242 -0.064396 -0.011259 0.030214 0.997403
214 1682 -5.852432 -1.244576 -0.078539 -0.048025 -0.010574 -0.025409 0.998467
204 1690 -1.950073 -1.675813 -0.053698 -0.009246 -0.015579 -0.025237 0.999517
238 1646 -3.781082 0.575026 -0.030194 0.008926 -0.014277 -0.003715 0.999851
138 1750 5.635490 0.220028 0.110895 -0.002642 -0.014925 -0.008203 0.999851
249 1619 1.124588 -3.538054 -0.109151 0.340530 0.002244 -0.024527 0.939911
2527 3871 -0.905807 4.575592 0.045304 0.828552 -0.020844 -0.008291 0.559463
790 1417 3.785889 -1.305054 0.080720 0.143475 -0.013896 -0.001481 0.989555
743 1462 2.495331 1.684464 0.025388 -0.004844 -0.014825 0.018258 0.999712
801 1421 -4.597153 -0.212693 -0.027649 0.385959 -0.014854 -0.006043 0.922377
708 1500 4.294144 -0.451309 0.114980 0.532215 0.014479 -0.007183 -0.846454
207 1683 1.586700 -1.269669 0.011690 -0.045017 -0.013621 -0.018304 0.998726
708 1497 4.846481 0.692795 0.102752 0.524275 0.013527 -0.005485 -0.851424
798 1413 0.749481 -3.298542 0.047499 0.321126 -0.014946 -0.005346 0.946903
710 1510 1.148842 -5.174225 0.057167 0.514082 0.008526 -0.004896 -0.857685
716 1489 3.953884 1.282013 0.014071 -0.341564 -0.002792 -0.006258 0.939833
186 1705 4.268219 -0.897474 0.062262 0.007312 -0.011011 -0.015445 0.999793
80 1816 1.765662 2.958092 -0.042209 0.007345 -0.010943 0.032245 0.999393
2497 3865 4.313782 0.809525 0.106105 0.407510 -0.018177 0.001803 0.913018
786 1433 -4.818573 1.400223 -0.077309 0.123485 -0.009670 -0.002852 0.992295
738 1466 3.375725 1.676270 0.005661 -0.009260 -0.015269 0.018028 0.999678
236 1650 -4.305908 0.546811 -0.056370 -0.010616 -0.015844 -0.001857 0.999816
787 1430 -2.982361 0.913437 -0.061420 0.119067 -0.011720 -0.004739 0.992806
719 1506 -3.429026 -3.346039 0.049211 -0.311244 -0.005319 0.009887 0.950264
115 1773 3.978683 0.939508 0.059520 0.038253 -0.012594 -0.002319 0.999186
241 1642 -4.205383 0.550708 -0.066478 0.033467 -0.015386 0.002277 0.999319
2499 3869 1.151642 3.928013 -0.023412 0.436058 -0.028024 0.005429 0.899466
747 1459 1.538902 1.759918 -0.001601 -0.008409 -0.008106 0.018187 0.999766
66 1830 3.504394 3.570118 0.008039 -0.489811 -0.014357 0.011899 0.871629
750 1456 1.527092 1.859909 0.008938 -0.005524 -0.022326 0.027728 0.999351
248 1620 1.695602 -3.247189 -0.086091 0.311363 0.000720 -0.023350 0.950004
83 1812 1.523553 2.753477 -0.018790 0.042850 -0.017650 0.032725 0.998389
84 1805 4.670104 2.416048 0.032644 0.032939 -0.018858 0.036301 0.998620
201 1690 1.743698 -1.640848 0.002201 -0.009226 -0.016168 -0.028400 0.999423
719 1504 -2.626402 -2.767014 0.039257 -0.306198 -0.003473 0.009006 0.951919
2502 3866 2.686554 1.045895 0.037029 0.476149 -0.017616 0.005608 0.879170
73 1819 4.018189 3.997936 -0.093921 -0.158350 -0.012169 0.030088 0.986849
756 1450 1.697380 1.784775 0.043099 0.003974 -0.018511 0.009000 0.999780
78 1817 2.525805 3.134819 -0.066858 -0.029654 -0.014232 0.035617 0.998824
213 1682 -4.683960 -1.245159 -0.085387 -0.048008 -0.012257 -0.024837 0.998463
773 1441 -4.349869 1.458374 -0.110146 0.037853 -0.017669 0.008081 0.999094
245 1624 2.749847 -2.296560 -0.001582 0.255222 -0.006835 -0.018992 0.966672
230 1658 -3.785812 0.360015 -0.086282 -0.027341 -0.018796 -0.003027 0.999445
724 1496 -2.847240 -0.639130 -0.003043 -0.180299 -0.015180 0.016992 0.983348
706 1500 5.083710 0.015411 0.118333 0.568150 0.013108 -0.007245 -0.822789
74 1825 1.881228 3.061171 -0.041755 -0.197061 -0.013971 0.028987 0.979863
237 1634 4.299515 -0.031704 0.087781 0.124187 -0.015419 0.004404 0.992129
732 1483 -3.185234 1.091965 -0.049562 -0.042820 -0.018117 0.009956 0.998869
2532 3869 -3.417542 2.379318 0.237275 0.806076 0.008991 0.007966 0.591691
148 1748 -3.673576 0.140879 -0.043338 -0.003971 -0.014887 -0.004062 0.999873
796 1409 3.743103 -4.195953 0.038177 0.285927 -0.006336 -0.010550 0.958172
2508 3863 2.664948 -2.870697 0.058372 0.595560 -0.011601 0.004389 0.803215
81 1827 -2.384600 2.614317 -0.030219 -0.093909 -0.013397 0.021646 0.995255
2518 3862 -1.152206 -4.736542 -0.031094 0.768935 -0.013704 -0.011640 0.639074
91 1808 -3.112270 2.676950 -0.014651 0.009600 -0.001853 0.042206 0.999061
718 1487 3.793600 1.361038 0.017732 -0.293320 -0.003050 -0.003625 0.956003
799 1410 1.125015 -4.309927 0.050487 0.354069 -0.013581 -0.007993 0.935087
2497 3871 0.035706 5.593246 -0.073659 0.420820 -0.030858 0.001599 0.906618
81 1828 -2.640054 2.539032 -0.027763 -0.111429 -0.013215 0.019316 0.993497
73 1823 2.829025 3.494112 -0.079350 -0.198502 -0.012080 0.030342 0.979556
2494 3865 5.006836 1.057121 0.120297 0.387511 -0.019002 0.002587 0.921666
125 1770 -3.722637 0.580734 -0.032236 0.023631 -0.013813 -0.007090 0.999600
735 1468 4.168129 1.766754 -0.011701 -0.025127 -0.012655 0.023366 0.999331
142 1753 -2.832962 0.164230 -0.027020 -0.003503 -0.016315 -0.002803 0.999857
188 1702 5.115936 -0.987444 0.054332 0.020765 -0.011812 -0.017830 0.999555
75 1841 -2.176861 -0.586697 0.014675 -0.486518 -0.001374 0.014247 0.873553
733 1470 4.105499 1.832474 0.018508 -0.038349 -0.017277 0.026235 0.998771
222 1660 3.831818 0.371066 0.090776 -0.026572 -0.016051 -0.004372 0.999509
787 1421 3.115433 -0.255707 0.064587 0.082671 -0.012627 0.002934 0.996493
775 1438 -3.044662 1.265579 -0.075823 0.031504 -0.015676 0.004456 0.999371
75 1821 2.608944 3.363947 -0.046077 -0.114822 -0.014740 0.029408 0.992841
767 1439 2.199448 1.364731 0.045105 0.023581 -0.013994 0.007189 0.999598
774 1438 -2.364410 1.276428 -0.054972 0.029357 -0.014787 0.004680 0.999449
95 1800 -1.618912 2.393610 -0.051943 0.019420 -0.016674 0.023904 0.999387
780 1425 4.140335 0.748047 0.105010 -0.003229 -0.017106 0.009082 0.999807
798 1423 -3.871918 0.093273 -0.069890 0.319596 -0.017784 -0.012552 0.947304
732 1470 4.888382 1.946091 0.008473 -0.048579 -0.016053 0.027333 0.998316
155 1743 -5.638748 0.118837 -0.087755 -0.004458 -0.016269 -0.003100 0.999853
230 1649 2.033951 0.598276 0.078258 -0.009386 -0.021047 -0.001544 0.999733
171 1727 -3.891853 -0.100018 -0.020190 0.009273 -0.008221 -0.010416 0.999869
114 1781 -4.006821 1.560358 -0.031072 0.033786 -0.015270 0.001266 0.999312
711 1494 4.440109 1.005722 0.080640 -0.459056 -0.008771 0.000214 0.888364
141 1749 3.365799 0.220930 0.062060 -0.005413 -0.012926 -0.004951 0.999889
221 1660 5.020203 0.366967 0.108989 -0.025026 -0.016333 -0.003778 0.999546
732 1474 1.875000 1.624268 -0.010920 -0.051445 -0.015291 0.021553 0.998326
720 1504 -3.320674 -2.654831 0.015173 -0.283505 -0.005746 0.010655 0.958894
785 1423 2.904404 0.168015 0.045908 0.052330 -0.011031 0.004888 0.998557
781 1422 5.590652 0.649063 0.125109 -0.001378 -0.013624 0.008048 0.999874
88 1802 3.401969 2.418030 -0.016042 0.025832 -0.018324 0.040069 0.998695
745 1457 5.470337 1.762802 0.032593 0.003205 -0.012829 0.024984 0.999601
253 1611 -0.696182 -5.567503 -0.178650 0.486551 0.000569 -0.019681 0.873430
799 1413 0.026978 -3.343811 0.044004 0.344493 -0.015901 -0.003580 0.938648
238 1631 5.274567 -0.606069 0.088064 0.161275 -0.008913 -0.005298 0.986855
198 1691 4.402969 -1.609081 0.061717 0.004580 -0.019096 -0.030720 0.999335
2512 3871 0.384338 5.126587 -0.045293 0.679923 -0.025318 0.003439 0.732838
88 1801 4.095088 2.381783 -0.013935 0.023521 -0.018627 0.039064 0.998786
142 1755 -5.291519 0.139280 -0.062981 -0.002953 -0.013766 -0.002566 0.999897
108 1781 2.516514 1.607849 0.034143 0.029081 -0.016612 0.008368 0.999404
221 1662 3.500336 0.277273 0.074557 -0.028054 -0.014196 -0.005243 0.999492
718 1485 4.473927 1.861511 0.014158 -0.292679 -0.007455 -0.001657 0.956180
775 1432 2.000534 0.945709 0.050421 0.012984 -0.013674 0.001676 0.999821
731 1485 -3.307030 0.968109 -0.026174 -0.055404 -0.011501 0.014841 0.998287
210 1684 -3.032623 -1.371592 -0.090381 -0.044439 -0.021344 -0.020869 0.998566
230 1660 -5.219147 0.273716 -0.129018 -0.031318 -0.018216 -0.004171 0.999335
237 1647 -3.442490 0.588461 -0.027970 0.001184 -0.015665 -0.002334 0.999874
755 1457 -4.285469 1.774567 -0.064839 -0.012922 -0.016336 0.019494 0.999593
717 1501 -0.345963 -2.013184 0.050476 -0.344297 -0.009258 0.005559 0.938799
223 1660 2.582535 0.358197 0.071112 -0.026754 -0.016262 -0.003315 0.999504
71 1822 3.735737 4.093704 -0.058561 -0.238003 -0.014311 0.027235 0.970777
74 1847 -2.439118 -3.504128 0.090450 0.609340 -0.005279 -0.014093 -0.792766
115 1774 2.820362 1.024635 0.050659 0.037107 -0.013140 -0.001534 0.999224
152 1744 -3.367378 0.163012 -0.051509 -0.003715 -0.018153 -0.004364 0.999819
82 1817 0.052909 2.913063 -0.033111 0.022747 -0.014850 0.030397 0.999169
63 1834 3.909910 3.162463 -0.002491 0.624919 0.007858 -0.009481 -0.780592
101 1790 0.754028 2.075144 0.008251 0.009740 -0.018562 0.013893 0.999684
783 1421 5.204300 0.352615 0.087395 0.020872 -0.010708 0.006147 0.999706
724 1498 -3.611065 -0.945221 -0.011784 -0.187036 -0.014449 0.015040 0.982132
67 1837 2.484561 1.293489 0.023508 0.592251 0.008193 -0.013490 -0.805599
77 1836 -2.244447 1.101067 -0.035695 -0.328206 -0.007983 0.020725 0.944345
140 1757 -5.348763 0.140444 -0.053593 -0.003075 -0.013533 -0.007116 0.999878
104 1790 -2.352650 2.060772 -0.025636 0.017935 -0.016105 0.014056 0.999611
79 1817 1.974225 3.034273 -0.056930 -0.011796 -0.011470 0.032821 0.999326
720 1489 2.100211 0.584885 0.008650 -0.249269 -0.006376 0.000903 0.968413
91 1798 3.691206 2.440889 -0.092200 0.005305 -0.004160 0.035116 0.999361
242 1628 3.418915 -1.332994 0.055321 0.198945 -0.010511 -0.013797 0.979857
68 1828 3.275169 3.633042 -0.029281 -0.410601 -0.015545 0.018669 0.911491
790 1420 2.113708 -0.825943 0.055762 0.143273 -0.013935 -0.003171 0.989580
776 1426 5.811783 0.976105 0.153539 -0.023173 -0.017394 0.006732 0.999557
759 1452 -3.135139 1.792618 -0.061809 0.004559 -0.013325 0.013712 0.999807
124 1766 2.219444 0.388521 0.052653 0.027587 -0.014968 -0.008615 0.999470
805 1410 -3.765060 -4.095570 0.050260 0.495530 -0.003996 -0.001860 0.868580
252 1613 -0.133286 -5.049225 -0.148791 0.455722 0.001207 -0.020031 0.889896
212 1675 3.372162 -0.496199 0.080275 -0.045790 -0.016931 -0.007325 0.998781
146 1744 3.701385 0.195541 0.082804 -0.002920 -0.016191 -0.005983 0.999847
235 1638 3.684616 0.456504 0.100321 0.067921 -0.022107 0.008085 0.997413
2491 3870 2.149506 4.888550 0.018460 0.401279 -0.028187 0.000862 0.915522
247 1632 -3.494553 -0.527236 -0.038284 0.150741 -0.008594 -0.004106 0.988527
77 1828 -0.259845 2.482401 -0.058858 -0.172974 -0.014893 0.025353 0.984487
169 1729 -4.031326 -0.023087 -0.047094 0.005229 -0.014111 -0.011551 0.999820
710 1502 3.016479 -1.621216 0.076267 0.500423 0.012873 -0.006861 -0.865658
87 1813 -2.163353 2.834152 -0.096736 0.038206 -0.013531 0.042389 0.998279
712 1503 1.806427 -2.309540 0.057383 -0.462269 -0.006603 0.007062 0.886687
184 1713 -2.631065 -0.502544 -0.026998 0.013491 -0.013249 -0.016202 0.999690
145 1746 2.343689 0.214294 0.061371 -0.003588 -0.019058 -0.003860 0.999804
74 1817 4.300769 3.928122 -0.056808 -0.126831 -0.014210 0.032951 0.991275
69 1849 1.361978 -4.700243 0.117261 0.742284 -0.000083 -0.015402 -0.669909
711 1499 3.287956 -0.695206 0.068627 -0.471081 -0.011364 0.001652 0.882015
94 1802 -2.077593 2.445280 -0.035420 0.020051 -0.011768 0.026852 0.999369
704 1506 5.126205 -2.145935 0.145708 0.617897 0.009387 -0.009841 -0.786142
84 1815 -0.649094 2.839773 -0.043887 0.031544 -0.015378 0.031693 0.998881
239 1631 4.326752 -0.614174 0.074315 0.161442 -0.008893 -0.006396 0.986821
772 1442 -4.574005 1.508301 -0.104057 0.025697 -0.015867 0.009726 0.999496
120 1769 3.114693 0.613459 0.055593 0.032535 -0.014718 -0.000659 0.999362
80 1831 -2.781728 2.183771 -0.015835 -0.177148 -0.009225 0.015637 0.984017
223 1656 5.427612 0.493647 0.142705 -0.018826 -0.016406 -0.001981 0.999686
105 1785 1.489933 1.887220 0.001190 0.024992 -0.015523 0.012506 0.999489
86 1820 -4.056142 2.955616 -0.109542 0.015751 -0.011874 0.035132 0.999188
128 1766 -2.376835 0.326357 -0.029449 0.013543 -0.015730 -0.005455 0.999770
65 1844 3.441359 -1.250733 0.073858 0.756016 0.000660 -0.007301 -0.654513
199 1697 -3.243591 -1.450209 -0.064808 0.023579 -0.013067 -0.023250 0.999366
251 1613 0.834091 -5.059511 -0.154315 0.454743 0.000615 -0.022848 0.890329
198 1692 3.352737 -1.602888 0.034744 0.003536 -0.017330 -0.031323 0.999353
2507 3868 1.144043 2.339802 0.008686 0.580121 -0.019459 0.004462 0.814285
217 1669 2.690399 -0.024280 0.042038 -0.032557 -0.007164 -0.006785 0.999421
85 1826 -5.076100 2.774363 -0.057267 -0.062246 -0.013450 0.027630 0.997588
208 1680 3.483246 -0.970192 0.037435 -0.041002 -0.010528 -0.012964 0.999020
160 1731 3.778236 0.094053 0.093267 -0.000416 -0.017233 -0.003426 0.999845
731 1475 1.931770 1.595169 -0.017011 -0.058137 -0.012526 0.019918 0.998031
2527 3866 -2.774185 -0.439560 -0.051948 0.820541 -0.010985 -0.016520 0.571244
81 1840 -5.869392 0.413704 -0.014813 -0.362590 -0.002556 0.010472 0.931887
116 1780 -5.118492 1.447882 -0.015142 0.038753 -0.012045 -0.003523 0.999170
82 1808 4.393013 2.650818 0.018909 0.025513 -0.017116 0.036328 0.998868
93 1801 -0.430725 2.428593 -0.047706 0.013727 -0.008339 0.027992 0.999479
76 1827 0.513893 2.628578 -0.050466 -0.179710 -0.015663 0.027175 0.983219
2497 3870 0.740295 4.826645 -0.038843 0.419596 -0.031009 0.003851 0.907173
125 1763 4.651558 0.232302 0.076542 0.023719 -0.012849 -0.008647 0.999599
82 1812 2.251306 2.779123 -0.013605 0.038844 -0.016210 0.032404 0.998588
2524 3863 -2.923615 -3.514328 -0.140695 0.813437 -0.012565 -0.015993 0.581297
232 1644 2.978287 0.626289 0.094576 0.010546 -0.018991 -0.002031 0.999762
735 1471 1.733284 1.664230 -0.022309 -0.022826 -0.014152 0.025956 0.999302
79 1836 -3.455875 1.252090 -0.012992 -0.292691 -0.005661 0.016470 0.956048
2519 3862 -1.566315 -4.712234 -0.062398 0.780502 -0.013314 -0.013911 0.624856
2514 3871 0.486206 5.024246 -0.052084 0.714734 -0.028054 0.002583 0.698828
191 1701 2.281708 -1.154421 0.032959 0.009407 -0.016106 -0.017232 0.999678
253 1622 -3.779968 -2.751738 -0.082243 0.295379 -0.000557 -0.016391 0.955240
199 1691 3.169006 -1.597786 0.034647 0.001388 -0.017489 -0.030360 0.999385
74 1845 -2.151104 -2.455252 0.072004 0.579824 -0.003787 -0.011287 -0.814655
90 1808 -2.204342 2.679981 -0.065033 0.012452 -0.006059 0.045796 0.998855
727 1478 2.823925 1.624084 -0.007281 -0.115780 -0.013464 0.017844 0.993023
77 1814 4.307253 3.392885 -0.059845 -0.035148 -0.016404 0.037524 0.998543
729 1492 -4.707623 0.341049 0.039939 -0.088908 -0.004481 0.018470 0.995859
238 1636 2.172882 0.189952 0.052979 0.100730 -0.017716 0.006095 0.994737
77 1843 -3.928176 -1.143259 0.006210 -0.485668 -0.001410 0.014664 0.874019
723 1482 3.208082 1.455002 0.051378 -0.185930 -0.017909 -0.002353 0.982397
796 1423 -2.791183 -0.172195 -0.046995 0.275436 -0.015145 -0.013027 0.961112
805 1417 -5.677612 -1.070515 0.050972 0.481067 -0.009088 0.000257 0.876637
775 1428 5.060486 0.942230 0.121091 -0.016365 -0.013889 0.002962 0.999765
787 1429 -2.235657 0.735504 -0.039689 0.109099 -0.011410 -0.004385 0.993956
64 1829 4.049902 4.321480 0.010488 0.524510 0.015800 -0.011866 -0.851174
247 1633 -4.115936 -0.336238 -0.041062 0.138579 -0.010793 -0.001018 0.990292
219 1662 5.933456 0.272922 0.112659 -0.022900 -0.013828 -0.003188 0.999637
733 1485 -4.843842 1.107025 -0.070614 -0.033683 -0.015352 0.013640 0.999222
714 1492 3.846413 0.945755 0.021924 -0.391658 -0.004521 0.004814 0.920087
783 1434 -4.160385 1.245407 -0.053907 0.085126 -0.009066 -0.000364 0.996329
98 1795 -0.674568 2.233316 -0.062860 0.014845 -0.021495 0.020490 0.999449
769 1444 -4.124680 1.589874 -0.072697 0.030391 -0.009138 0.010424 0.999442
2487 3869 4.476166 3.653950 0.065102 0.441281 -0.021597 0.000272 0.897109
191 1705 -1.948135 -0.934748 -0.042110 -0.010186 -0.015105 -0.014522 0.999729
805 1414 -4.793228 -2.400806 0.061744 0.484315 -0.005345 0.002041 0.874875
157 1741 -5.369560 0.137499 -0.103637 -0.003355 -0.019582 0.000061 0.999803
157 1735 2.151573 0.149551 0.047558 0.003554 -0.015099 -0.003716 0.999873
750 1453 4.511719 1.869888 0.093105 0.004309 -0.020918 0.024333 0.999476
89 1812 -3.463961 2.748039 -0.090238 0.028671 -0.010394 0.043789 0.998575
781 1427 2.222733 0.668427 0.050392 0.014228 -0.013594 0.003759 0.999799
247 1620 2.586914 -3.259126 -0.070345 0.313608 -0.000593 -0.023886 0.949252
151 1746 -4.719841 0.158331 -0.087843 -0.003486 -0.019884 -0.002631 0.999793
193 1703 -2.170334 -0.903282 -0.029330 0.001924 -0.014555 -0.015380 0.999774
705 1501 5.289932 -0.139130 0.126503 0.589596 0.013532 -0.009065 -0.807534
2531 3868 -3.334518 1.425308 0.189212 0.811626 0.009206 0.001270 0.584103
166 1731 -3.100937 0.016293 -0.049309 0.000805 -0.016338 -0.004424 0.999856
59 1843 5.668024 0.918003 0.038170 0.840748 -0.005273 -0.007047 -0.541355
253 1625 -5.101532 -2.041999 -0.073123 0.245917 -0.003369 -0.013503 0.969191
225 1652 5.672531 0.600630 0.143558 -0.019205 -0.014801 -0.003455 0.999700
161 1737 -4.979218 0.071283 -0.068227 -0.001600 -0.016287 -0.008197 0.999833
2498 3866 3.370850 1.530792 0.072871 0.416995 -0.017088 0.000716 0.908748
108 1789 -5.637974 2.040014 -0.106280 0.030715 -0.022279 0.006880 0.999256
207 1686 -1.459763 -1.512478 -0.041562 -0.036882 -0.013780 -0.021334 0.998997
761 1448 -1.017189 1.756302 -0.028199 0.012051 -0.016933 0.011723 0.999715
70 1844 0.610935 -2.002552 0.068873 0.658257 -0.001652 -0.009322 -0.752733
77 1831 -1.023015 2.071560 -0.054681 -0.227026 -0.012227 0.021184 0.973581
790 1427 -2.292557 0.527786 -0.031614 0.161940 -0.012855 -0.009186 0.986674
798 1407 2.986801 -5.058064 0.041682 0.337189 -0.004868 -0.012312 0.941344
68 1843 1.787661 -1.305260 0.053275 0.686335 0.000852 -0.010076 -0.727216
79 1835 -3.209014 1.461432 -0.026692 -0.271128 -0.005311 0.015801 0.962399
209 1687 -4.909271 -1.602201 -0.125499 -0.035152 -0.014952 -0.022877 0.999008
210 1676 4.861176 -0.576607 0.110430 -0.046118 -0.016811 -0.004078 0.998786
58 1842 5.726250 1.661595 -0.003779 0.839399 -0.006945 -0.006248 -0.543436
749 1455 3.452461 1.856018 0.053654 -0.001205 -0.019480 0.026137 0.999468
95 1793 4.130241 2.179468 -0.031903 0.011888 -0.007094 0.019593 0.999712
96 1792 3.991707 2.160990 0.009031 0.007993 -0.012379 0.016915 0.999748
73 1831 0.944806 2.188391 -0.040478 -0.328717 -0.008467 0.017615 0.944226
194 1695 5.093277 -1.498909 0.051825 0.024632 -0.013548 -0.024822 0.999297
62 1842 4.492128 0.450163 0.043345 0.779830 0.000004 -0.007492 -0.625946
71 1844 -0.024823 -2.039709 0.066583 0.635765 -0.002485 -0.009903 -0.771815
734 1479 -2.816772 1.329056 -0.039158 -0.027445 -0.018313 0.016255 0.999323
797 1425 -4.450928 0.698734 -0.069524 0.302002 -0.017598 -0.012532 0.953063
716 1487 4.600380 1.831116 0.016275 -0.339713 -0.002522 -0.006120 0.940506
83 1816 -0.290318 2.866964 -0.042780 0.032347 -0.016456 0.031722 0.998838
92 1799 2.003307 2.430204 -0.074151 0.005020 -0.004676 0.032220 0.999457
76 1819 2.859443 3.350368 -0.059857 -0.077445 -0.015429 0.032506 0.996347
85 1827 -5.352924 2.679234 -0.054899 -0.081769 -0.013484 0.025322 0.996238
79 1825 -0.579502 2.743744 -0.048558 -0.082877 -0.011796 0.028941 0.996070
211 1684 -4.235672 -1.402046 -0.123560 -0.046182 -0.021626 -0.023931 0.998412
73 1822 3.114475 3.636344 -0.084436 -0.181444 -0.011976 0.029225 0.982894
176 1721 -2.357437 -0.266361 -0.020983 0.011783 -0.011927 -0.003328 0.999854
2514 3863 0.561676 -3.544647 0.042542 0.704129 -0.014098 -0.000488 0.709932
709 1507 2.458794 -3.603012 0.084975 0.531120 0.011751 -0.007828 -0.847179
76 1838 -2.118039 0.503872 -0.008406 -0.395329 -0.006107 0.019379 0.918315
67 1835 2.647393 1.950897 0.003079 0.555078 0.007980 -0.012776 -0.831662
207 1689 -4.596298 -1.696947 -0.089498 -0.022730 -0.014767 -0.022743 0.999374
213 1683 -5.733505 -1.366534 -0.108783 -0.052027 -0.015231 -0.026736 0.998172
703 1505 5.718536 -1.373230 0.159124 0.631897 0.007274 -0.010800 -0.774943
2501 3864 4.115723 -0.555149 0.095235 0.458190 -0.018785 0.009228 0.888608
250 1624 -1.821243 -2.297159 -0.073876 0.256447 -0.004609 -0.018439 0.966371
221 1672 -4.749527 -0.356331 -0.076374 -0.042588 -0.015328 -0.004942 0.998963
164 1735 -5.965744 0.101891 -0.066902 0.003511 -0.013065 -0.007816 0.999878
59 1837 4.798063 3.215385 -0.016814 0.750558 0.002392 -0.011777 -0.660695
87 1807 1.082577 2.611963 -0.068404 0.033269 -0.015258 0.046113 0.998265
59 1836 4.733255 3.562939 -0.026777 0.735215 0.002686 -0.011676 -0.677728
97 1799 -2.907316 2.382999 -0.105196 0.011138 -0.024665 0.024529 0.999333
739 1466 2.459007 1.655075 0.013610 -0.006782 -0.018695 0.017857 0.999643
196 1695 2.615616 -1.509592 0.024124 0.020836 -0.016138 -0.024883 0.999343
762 1444 1.986557 1.619217 0.026122 0.015317 -0.010957 0.010064 0.999772
252 1624 -3.728973 -2.290051 -0.081372 0.259677 -0.004346 -0.014995 0.965569
253 1614 -1.310486 -4.790390 -0.153086 0.436484 0.003586 -0.018976 0.899505
794 1427 -4.181671 0.956886 -0.081464 0.246968 -0.015388 -0.014564 0.968792
84 1804 5.335317 2.378073 0.048781 0.032643 -0.019643 0.034785 0.998668
752 1453 2.567749 1.865982 0.011034 0.002082 -0.013436 0.023948 0.999621
2508 3869 0.776886 3.291069 -0.024036 0.602828 -0.024002 0.006178 0.797485
153 1737 4.289650 0.146683 0.082101 0.003138 -0.014215 -0.007744 0.999864
794 1416 1.988968 -2.140953 0.044094 0.230825 -0.014533 -0.006339 0.972866
785 1418 5.947510 -0.114456 0.102342 0.047232 -0.013066 0.008643 0.998761
796 1410 3.348419 -3.922905 0.046140 0.286778 -0.010006 -0.009901 0.957894
727 1496 -4.878376 -0.268692 0.005516 -0.126924 -0.010453 0.023757 0.991573
796 1424 -3.346237 0.178452 -0.052007 0.278622 -0.016062 -0.011761 0.960194
778 1437 -4.080475 1.243515 -0.099645 0.048596 -0.016903 0.003918 0.998668
108 1782 1.444321 1.654652 0.020156 0.032252 -0.017065 0.008616 0.999297
2509 3864 2.044250 -2.005661 0.051684 0.615043 -0.013648 0.004776 0.788362
150 1746 -3.530510 0.177309 -0.056326 -0.001773 -0.018529 -0.002688 0.999823
79 1842 -5.026605 -0.465881 0.011332 -0.428510 -0.000153 0.010804 0.903472
788 1419 3.758316 -0.626160 0.083024 0.100278 -0.014938 0.002647 0.994844
167 1726 2.114395 -0.070772 0.035575 0.004538 -0.013338 -0.003431 0.999895
66 1848 3.341964 -3.573534 0.100369 0.785676 -0.000141 -0.012068 -0.618520
182 1716 -3.701202 -0.500000 -0.064241 0.015946 -0.016103 -0.013736 0.999649
766 1446 -3.485168 1.744385 -0.101691 0.028359 -0.015929 0.013339 0.999382
791 1419 2.145767 -1.132248 0.055070 0.164157 -0.015875 -0.005538 0.986291
184 1709 2.081497 -0.722290 0.043086 0.013337 -0.015803 -0.013279 0.999698
207 1679 5.682617 -0.871827 0.072723 -0.044744 -0.011183 -0.010531 0.998880
151 1740 2.804039 0.184198 0.063573 0.000568 -0.018611 -0.003030 0.999822
707 1509 3.121536 -4.286224 0.122506 0.569903 0.010319 -0.009138 -0.821597
79 1831 -2.165435 2.128731 -0.032394 -0.190475 -0.009417 0.017276 0.981495
86 1815 -2.234303 2.883907 -0.098742 0.030470 -0.012955 0.040555 0.998628
118 1771 2.966057 0.755600 0.062679 0.034994 -0.014068 -0.002464 0.999285
171 1720 4.924561 -0.244003 0.067292 0.005915 -0.009214 -0.011366 0.999875
739 1472 -2.565010 1.592789 -0.055700 -0.007938 -0.018799 0.022457 0.999539
780 1427 2.745392 0.736420 0.063911 0.004984 -0.014977 0.004895 0.999864
726 1496 -4.213924 -0.413971 -0.003025 -0.143841 -0.012756 0.022352 0.989266
163 1727 5.410103 -0.008797 0.080363 0.002809 -0.010743 -0.005193 0.999925
62 1837 4.125942 2.393731 0.018378 0.697209 0.006889 -0.011118 -0.716748
72 1829 1.765045 2.685277 -0.036237 -0.320934 -0.011515 0.020060 0.946819
162 1736 -4.875473 0.063332 -0.053675 -0.000585 -0.014021 -0.009467 0.999857
803 1415 -3.606155 -2.385744 0.062919 0.435475 -0.008013 0.002255 0.900162
2525 3869 -1.085098 2.576096 0.030436 0.822149 -0.018219 -0.010801 0.568878
2535 3867 -5.188919 -0.030548 0.266069 0.778440 0.023642 0.001242 0.627273
751 1454 2.505836 1.869034 0.025614 -0.001227 -0.017469 0.027493 0.999469
107 1780 4.703686 1.561605 0.054240 0.032061 -0.015080 0.009799 0.999324
737 1469 1.657509 1.669922 -0.025254 -0.010365 -0.011915 0.025031 0.999562
63 1837 3.845959 2.141994 0.021252 0.677466 0.007954 -0.010719 -0.735433
134 1762 -4.405586 0.190655 -0.038405 0.000130 -0.012651 -0.004749 0.999909
2525 3872 0.017120 5.576797 0.075536 0.828131 -0.022404 -0.013388 0.559927
177 1720 -2.308533 -0.283569 -0.013821 0.013624 -0.009258 -0.005383 0.999850
774 1433 1.869522 1.011841 0.043176 0.018880 -0.012268 0.002373 0.999744
777 1430 2.261215 0.865616 0.050633 0.004791 -0.014798 0.001455 0.999878
712 1499 2.833450 -0.870483 0.061240 -0.450213 -0.009398 0.003198 0.892866
77 1837 -2.497900 0.854439 -0.030113 -0.349768 -0.007463 0.020928 0.936573
85 1808 2.108417 2.629793 -0.019202 0.027967 -0.014992 0.039778 0.998705
3993 4044 5.000122 -1.824036 0.098696 0.958267 -0.005135 -0.004005 -0.285801
205 1691 -4.188126 -1.612297 -0.085037 -0.008426 -0.016647 -0.024222 0.999532
93 1805 -3.156500 2.506483 -0.019322 0.016234 -0.004775 0.034380 0.999266
709 1510 1.788307 -5.063156 0.081711 0.533703 0.008847 -0.006645 -0.845600
706 1497 5.535675 1.202682 0.101621 0.560427 0.012091 -0.005606 -0.828097
227 1661 -2.780991 0.230030 -0.048276 -0.031700 -0.015670 -0.004659 0.999364
2501 3865 3.479187 0.323174 0.066068 0.457945 -0.017784 0.007538 0.888770
753 1457 -2.350586 1.816055 -0.047369 -0.011774 -0.013535 0.026081 0.999499
747 1466 -5.174561 1.512054 -0.048491 -0.023737 -0.012957 0.013232 0.999547
709 1498 4.305153 0.096771 0.094154 0.508208 0.012765 -0.003226 -0.861134
73 1830 1.158673 2.383503 -0.041862 -0.308739 -0.009741 0.018558 0.950916
97 1801 -4.413216 2.411985 -0.155987 0.017373 -0.025851 0.024802 0.999207
721 1481 4.680889 2.020264 0.034882 -0.224547 -0.016688 -0.001291 0.974319
89 1816 -5.280426 2.811445 -0.086446 0.018185 -0.009067 0.042722 0.998880
250 1631 -5.665359 -0.681228 -0.068382 0.164299 -0.006750 -0.005851 0.986370
2536 3870 -4.980072 3.041397 0.306154 0.777058 0.010521 0.006331 0.629309
717 1502 -0.670124 -2.291031 0.045385 -0.347083 -0.007548 0.005968 0.937785
3993 4043 4.716263 -1.626678 0.092625 0.961980 -0.003635 -0.005516 -0.273038
747 1464 -3.312477 1.583862 -0.033853 -0.020633 -0.014209 0.014403 0.999583
161 1735 -2.503395 0.096369 -0.025765 0.000711 -0.014805 -0.007858 0.999859
86 1803 4.415238 2.393751 -0.024578 0.034335 -0.018633 0.041764 0.998364
169 1728 -2.735558 -0.065134 -0.026323 0.009033 -0.012973 -0.010119 0.999824
171 1722 2.380089 -0.213968 0.043236 0.004689 -0.011648 -0.009396 0.999877
226 1662 -2.456726 0.210925 -0.033210 -0.034455 -0.013442 -0.005537 0.999301
106 1780 5.733910 1.606230 0.047902 0.029829 -0.013860 0.012105 0.999386
708 1496 5.025528 1.053558 0.108128 0.520799 0.013928 -0.005953 -0.853545
757 1448 2.781982 1.769974 0.062064 0.006073 -0.014596 0.005801 0.999858
748 1457 2.512085 1.823257 0.007041 -0.005615 -0.015641 0.024407 0.999564
755 1456 -3.306229 1.797119 -0.047138 -0.009912 -0.016057 0.019041 0.999641
95 1801 -2.374121 2.431557 -0.072497 0.020063 -0.017042 0.024443 0.999355
201 1693 -1.369690 -1.598560 -0.048889 -0.006378 -0.012939 -0.028289 0.999496
158 1739 -4.029602 0.122910 -0.072886 0.000289 -0.019963 -0.000917 0.999800
764 1447 -2.712639 1.733932 -0.057249 0.020659 -0.015560 0.012177 0.999591
154 1737 3.145699 0.135847 0.060525 0.002776 -0.013666 -0.006954 0.999879
741 1463 3.411278 1.638428 0.057342 0.003993 -0.019566 0.017254 0.999652
243 1625 4.109070 -2.060809 0.042146 0.244181 -0.009242 -0.015591 0.969560
67 1849 2.824189 -4.382414 0.110555 0.778244 0.000798 -0.013835 -0.627809
760 1451 -3.067398 1.804245 -0.062848 0.006775 -0.017646 0.013713 0.999727
68 1844 1.810755 -1.773878 0.064860 0.699352 -0.001224 -0.010186 -0.714704
113 1777 1.532116 1.287306 0.036015 0.035285 -0.016382 0.003851 0.999236
799 1416 -1.191910 -2.368725 0.007935 0.340461 -0.017643 -0.006268 0.940072
735 1470 2.506760 1.702972 -0.014772 -0.022528 -0.014007 0.027080 0.999281
116 1778 -2.869499 1.317957 0.001542 0.036732 -0.012117 -0.003907 0.999244
797 1417 -0.344467 -2.071999 0.008182 0.291995 -0.016677 -0.009380 0.956228
150 1747 -4.772682 0.161007 -0.080701 -0.001803 -0.017939 -0.002634 0.999834
113 1782 -3.980526 1.624075 -0.042295 0.036307 -0.016769 0.004121 0.999192
69 1824 3.768809 4.229784 -0.037036 -0.317298 -0.017247 0.027427 0.947772
78 1819 1.847715 3.072321 -0.072647 -0.033587 -0.013696 0.032364 0.998818
803 1419 -5.020401 -0.662735 0.042660 0.432153 -0.011658 0.000809 0.901725
198 1690 5.378769 -1.701780 0.074605 0.003818 -0.018826 -0.030856 0.999339
224 1667 -4.099854 -0.031911 -0.052992 -0.035058 -0.012348 -0.006693 0.999287
165 1733 -4.553581 0.083822 -0.054966 0.000349 -0.014852 -0.005005 0.999877
86 1818 -3.430036 2.947546 -0.110920 0.020374 -0.012426 0.037592 0.999008
74 1826 1.628240 2.940945 -0.038049 -0.213045 -0.013865 0.026395 0.976587
67 1833 2.859633 2.534349 -0.001819 0.518689 0.009240 -0.012550 -0.854822
751 1453 3.512405 1.872040 0.047772 0.003268 -0.017865 0.024811 0.999527
786 1417 5.953201 -0.387405 0.108154 0.063987 -0.012930 0.007331 0.997840
791 1413 5.232880 -2.153358 0.113072 0.171292 -0.012680 -0.001289 0.985138
2507 3870 0.441162 4.385387 -0.054653 0.587023 -0.026297 0.007558 0.809108
67 1846 2.495145 -2.651577 0.081239 0.740731 -0.002699 -0.010567 -0.671714
789 1418 3.790161 -0.950745 0.084137 0.121627 -0.014435 0.001393 0.992470
128 1762 2.451328 0.236925 0.045168 0.010735 -0.016315 -0.005448 0.999795
721 1480 5.140048 2.261398 0.041760 -0.226798 -0.016809 0.000842 0.973796
251 1628 -4.792374 -1.356832 -0.084855 0.199898 -0.007051 -0.014750 0.979681
112 1784 -4.980782 1.772909 -0.060621 0.034778 -0.018655 0.003715 0.999214
84 1816 -1.082604 2.860401 -0.049775 0.031368 -0.015197 0.031423 0.998898
141 1755 -4.111504 0.146139 -0.039285 -0.003051 -0.013403 -0.003630 0.999899
799 1423 -4.420410 0.272655 -0.087539 0.342966 -0.018914 -0.010712 0.939096
85 1804 4.571721 2.401173 0.016070 0.032064 -0.017365 0.038203 0.998605
227 1652 3.403992 0.576301 0.103884 -0.020560 -0.016261 -0.003631 0.999650
80 1815 2.199701 2.958181 -0.040672 0.007520 -0.011130 0.032512 0.999381
237 1632 5.575104 -0.370991 0.103203 0.150200 -0.011163 -0.001063 0.988592
761 1452 -5.053886 1.823669 -0.127299 0.008188 -0.016170 0.016400 0.999701
792 1412 5.077515 -2.601456 0.107988 0.196543 -0.013953 -0.004079 0.980388
250 1612 1.968826 -5.312565 -0.166995 0.466299 0.000839 -0.023847 0.884305
798 1410 1.894104 -4.209007 0.050252 0.330785 -0.012504 -0.009691 0.943574
2503 3867 1.967712 1.817032 0.006336 0.497404 -0.018605 0.006213 0.867298
249 1622 0.022324 -2.771159 -0.071544 0.285879 -0.000733 -0.021279 0.958029
796 1417 0.301056 -2.046333 0.014948 0.270906 -0.015563 -0.008878 0.962439
706 1509 3.704590 -4.108887 0.127416 0.587680 0.010004 -0.008790 -0.808984
139 1757 -4.181786 0.168396 -0.043891 -0.002525 -0.014264 -0.008276 0.999861
83 1808 3.664060 2.608208 0.020486 0.029526 -0.018537 0.036673 0.998719
800 1410 0.356720 -4.391521 0.038470 0.376066 -0.012326 -0.006487 0.926488
736 1475 -2.027687 1.493271 -0.027722 -0.014725 -0.011908 0.019663 0.999627
90 1809 -2.736537 2.682783 -0.066105 0.016579 -0.005093 0.045010 0.998836
195 1701 -2.648209 -1.168736 -0.054446 0.019106 -0.014533 -0.016793 0.999571
64 1842 3.702860 -0.083076 0.051327 0.744328 0.002758 -0.007023 -0.667771
725 1480 2.975876 1.562012 0.038053 -0.151256 -0.020021 0.011968 0.988219
81 1829 -2.915026 2.447165 -0.025034 -0.130354 -0.012836 0.017770 0.991225
64 1845 4.066330 -1.479536 0.075120 0.783212 -0.000596 -0.007490 -0.621710
190 1708 -4.156448 -0.931389 -0.098908 0.003378 -0.019466 -0.012760 0.999723
130 1760 2.618797 0.220369 0.070625 0.008088 -0.018744 -0.006152 0.999773
773 1440 -3.441055 1.397720 -0.081964 0.035840 -0.016468 0.006548 0.999200
81 1835 -4.523595 1.611076 -0.028095 -0.247181 -0.007327 0.013610 0.968846
83 1823 -2.645005 2.870426 -0.067074 -0.017995 -0.016000 0.028098 0.999315
212 1682 -3.475311 -1.212197 -0.077854 -0.045969 -0.014445 -0.022592 0.998583
710 1495 4.556313 0.920258 0.085245 -0.480744 -0.011896 0.001876 0.876778
751 1460 -3.446289 1.726685 -0.093560 -0.016859 -0.016172 0.023708 0.999446
2492 3870 1.819031 4.924484 -0.022906 0.398111 -0.029830 0.003748 0.916844
783 1425 2.597733 0.475540 0.051966 0.030132 -0.012217 0.005385 0.999457
709 1505 2.896721 -2.705353 0.079478 0.526595 0.009730 -0.005443 -0.850043
220 1661 5.462936 0.297689 0.121329 -0.021165 -0.016505 -0.002201 0.999637
83 1807 4.261925 2.543056 0.028260 0.035854 -0.019030 0.036305 0.998516
143 1746 4.727859 0.254168 0.085411 -0.005588 -0.017158 -0.002018 0.999835
788 1432 -4.966156 1.478043 -0.092106 0.152484 -0.011841 -0.007344 0.988208
787 1419 4.310867 -0.442078 0.088508 0.080520 -0.014320 0.004690 0.996639
197 1695 1.363617 -1.505577 -0.000840 0.020012 -0.016748 -0.025618 0.999331
111 1778 2.576500 1.397112 0.049045 0.034472 -0.016255 0.004317 0.999264
797 1408 3.394852 -4.621880 0.032892 0.309722 -0.004726 -0.011720 0.950743
83 1831 -4.870479 2.319153 -0.075144 -0.152574 -0.015190 0.016256 0.988042
798 1417 -0.966507 -2.058727 0.005649 0.315140 -0.018011 -0.008379 0.948837
749 1463 -4.400635 1.613571 -0.124978 -0.018862 -0.023750 0.018771 0.999364
79 1830 -1.905145 2.255455 -0.031587 -0.169741 -0.010513 0.018317 0.985262
106 1788 -2.562225 1.987823 -0.047735 0.029268 -0.017954 0.010536 0.999355
229 1646 4.779205 0.649786 0.148135 0.000600 -0.020036 -0.002623 0.999796
252 1626 -4.677689 -1.818547 -0.076361 0.231767 -0.005315 -0.013441 0.972664
714 1490 4.421471 1.539597 0.003612 -0.390397 -0.003598 0.001161 0.920639
96 1803 -4.817955 2.444548 -0.125050 0.022017 -0.020423 0.026612 0.999195
779 1429 1.862122 0.789841 0.050786 0.005634 -0.014627 0.001995 0.999875
96 1791 4.901987 2.145763 0.022967 0.004996 -0.016467 0.017377 0.999701
100 1794 -1.846472 2.158833 -0.029809 0.010885 -0.015655 0.015833 0.999693
773 1431 4.189117 0.984329 0.090445 0.002442 -0.012896 0.003388 0.999908
75 1816 4.305533 3.733370 -0.040771 -0.092974 -0.016123 0.034872 0.994927
79 1844 -5.537252 -1.266653 0.032758 -0.468703 0.001902 0.009528 0.883302
73 1825 2.292172 3.226395 -0.069356 -0.224343 -0.012710 0.029169 0.973991
64 1834 3.672079 2.904429 0.015569 0.603054 0.009268 -0.009279 -0.797592
99 1790 2.807705 2.147230 0.034756 0.006821 -0.023284 0.019321 0.999519
217 1675 -2.657272 -0.511688 -0.016793 -0.049076 -0.007558 -0.003358 0.998761
795 1414 2.311951 -2.719696 0.052064 0.252958 -0.012094 -0.004715 0.967390
715 1503 0.163559 -2.545883 0.045293 -0.395125 -0.003452 0.007796 0.918588
746 1463 -1.390884 1.661835 -0.017307 -0.010044 -0.014849 0.017401 0.999688
795 1409 4.432968 -3.969742 0.051924 0.264496 -0.006066 -0.008810 0.964327
710 1498 3.900620 -0.135712 0.079313 -0.488225 -0.012464 0.001574 0.872627
158 1733 3.516159 0.146534 0.081198 -0.000744 -0.016607 -0.001148 0.999861
741 1471 -3.603386 1.579849 -0.048533 -0.004068 -0.017698 0.020974 0.999615
771 1441 -2.846039 1.451248 -0.077820 0.034788 -0.017277 0.009491 0.999200
720 1503 -2.946426 -2.381866 0.016314 -0.280410 -0.006815 0.012647 0.959773
102 1789 0.698486 2.033598 -0.007495 0.012139 -0.016307 0.014023 0.999695
805 1411 -4.007767 -3.696659 0.059177 0.493316 -0.006296 0.000365 0.869827
2523 3869 -0.652390 2.606918 -0.022895 0.814047 -0.029176 -0.010354 0.579974
713 1499 2.388008 -1.011337 0.054289 -0.428084 -0.007681 0.005556 0.903689
805 1408 -3.269028 -4.902390 0.029843 0.497362 0.002020 -0.004304 0.867530
761 1451 -4.026939 1.811127 -0.094398 0.008962 -0.018682 0.015394 0.999667
94 1806 -4.734333 2.578176 -0.034053 0.023653 -0.007494 0.032075 0.999177
77 1844 -4.132067 -1.565825 0.017976 0.501365 -0.000714 -0.014313 -0.865117
705 1506 4.647766 -2.389359 0.124791 0.600615 0.009439 -0.008168 -0.799441
206 1681 4.899033 -1.073339 0.074376 -0.038141 -0.010709 -0.014676 0.999107
2500 3871 -0.199341 5.559002 -0.123367 0.455462 -0.030319 0.006785 0.889713
768 1445 -4.260086 1.631485 -0.077637 0.029841 -0.009740 0.011019 0.999446
727 1494 -4.091999 -0.070984 0.011106 -0.122897 -0.008077 0.019985 0.992185
3998 4049 5.231873 -2.337097 0.136231 0.952222 -0.008833 -0.011265 -0.305071
185 1712 -2.698784 -0.674177 -0.035288 0.014452 -0.012258 -0.015069 0.999707
749 1464 -5.331871 1.552231 -0.154682 -0.024954 -0.022779 0.017561 0.999275
196 1701 -3.919006 -1.204214 -0.090355 0.016388 -0.016371 -0.017063 0.999586
2513 3869 0.565918 2.962311 -0.006319 0.693286 -0.024899 0.003199 0.720225
65 1838 3.198814 1.304056 0.046440 0.654822 0.007826 -0.010768 -0.755666
738 1478 -5.650208 1.479660 -0.053583 -0.003735 -0.016236 0.014708 0.999753
254 1621 -4.372879 -3.028013 -0.112523 0.308684 0.000473 -0.019123 0.950972
756 1453 -1.285500 1.822174 -0.012131 0.000271 -0.014394 0.014733 0.999788
802 1415 -2.871613 -2.545603 0.048618 0.409732 -0.010123 0.000305 0.912150
800 1407 1.362152 -5.342306 0.030869 0.382375 -0.004843 -0.009470 0.923946
777 1429 3.028641 0.862152 0.078038 -0.005240 -0.014455 0.001879 0.999880
94 1804 -3.443226 2.494595 -0.033927 0.019995 -0.009267 0.030666 0.999287
70 1828 2.670424 3.206937 -0.019867 -0.358938 -0.014339 0.018730 0.933064
756 1449 2.730606 1.794464 0.062578 0.001456 -0.017485 0.006418 0.999825
2510 3864 1.772339 -2.124580 0.046765 0.633806 -0.013177 0.004151 0.773369
121 1775 -5.015800 1.015371 -0.056161 0.027922 -0.016525 -0.003271 0.999468
2522 3872 0.506104 5.661057 -0.033453 0.814795 -0.034705 -0.011876 0.578588
250 1628 -3.850342 -1.355054 -0.066492 0.197672 -0.006197 -0.015616 0.980124
85 1812 -0.032716 2.769007 -0.043546 0.041308 -0.014142 0.035880 0.998402
745 1466 -3.234184 1.574326 -0.040848 -0.017477 -0.013821 0.015077 0.999638
95 1805 -5.098829 2.542450 -0.092109 0.022612 -0.013429 0.030787 0.999180
746 1459 2.529350 1.749374 -0.001131 -0.003892 -0.007799 0.019889 0.999764
757 1456 -5.228683 1.769928 -0.055968 -0.009705 -0.014038 0.017037 0.999709
721 1506 -4.841967 -3.037720 0.002997 -0.267512 -0.008861 0.010471 0.963457
98 1791 2.879335 2.141327 0.016685 0.007578 -0.021506 0.019114 0.999557
79 1823 0.011175 2.848862 -0.054316 -0.056504 -0.010957 0.029923 0.997894
789 1420 2.643387 -0.673737 0.065597 0.121768 -0.013627 -0.000168 0.992465
2511 3870 0.504730 4.146912 -0.033574 0.661445 -0.024031 0.006913 0.749576
740 1463 4.347702 1.645111 0.084873 0.005135 -0.021666 0.018288 0.999585
98 1799 -3.937565 2.396753 -0.139026 0.013269 -0.025770 0.025119 0.999264
181 1709 5.869583 -0.626551 0.095848 0.006563 -0.015228 -0.005083 0.999849
96 1795 1.347044 2.220030 -0.020207 0.012256 -0.016447 0.018790 0.999613
197 1701 -5.171356 -1.210747 -0.123327 0.015569 -0.016990 -0.017796 0.999576
194 1702 -2.303329 -0.890474 -0.031022 0.015896 -0.013600 -0.017203 0.999633
214 1672 3.769745 -0.257277 0.094904 -0.036297 -0.016415 -0.011771 0.999137
121 1766 5.594364 0.372238 0.093598 0.034236 -0.015126 -0.003226 0.999294
746 1464 -2.323441 1.617249 -0.030827 -0.016126 -0.013898 0.016129 0.999643
100 1790 1.761656 2.083118 0.028393 0.006180 -0.021241 0.015355 0.999637
112 1776 3.816460 1.217218 0.072977 0.035558 -0.016727 0.003759 0.999220
122 1766 4.448154 0.385765 0.084907 0.031553 -0.015569 -0.006276 0.999361
106 1786 -0.581314 1.917301 -0.021513 0.027562 -0.016478 0.010266 0.999431
3989 4040 5.437744 -1.559418 0.155536 0.961394 0.001880 -0.010775 -0.274958
730 1486 -2.985870 0.848083 0.010837 -0.066658 -0.006167 0.014889 0.997646
241 1631 2.509506 -0.654265 0.050490 0.165520 -0.010859 -0.004574 0.986136
2518 3872 0.813858 5.824478 -0.031757 0.781106 -0.031609 -0.007293 0.623556
97 1795 0.356506 2.233307 -0.036716 0.012716 -0.020379 0.019911 0.999513
802 1419 -4.381363 -0.905654 0.022982 0.406365 -0.013732 -0.001236 0.913607
793 1416 2.592102 -2.012497 0.059531 0.210209 -0.014862 -0.006459 0.977522
187 1704 4.131950 -0.901377 0.048892 0.007290 -0.011717 -0.015042 0.999792
218 1675 -3.879456 -0.539115 -0.042090 -0.050410 -0.008758 -0.002189 0.998688
2517 3863 -0.604736 -3.645630 0.000734 0.754649 -0.016237 -0.006063 0.655900
185 1708 2.057388 -0.814779 0.036040 0.015689 -0.015179 -0.014576 0.999655
722 1498 -2.301083 -1.138535 0.011938 -0.224207 -0.012091 0.007480 0.974438
250 1625 -2.270142 -2.066120 -0.071335 0.241514 -0.005275 -0.017395 0.970227
92 1798 2.770235 2.401379 -0.083984 0.005070 -0.003109 0.031938 0.999472
710 1506 2.114365 -3.308426 0.063208 0.509707 0.010584 -0.004846 -0.860269
108 1780 3.602749 1.534689 0.048917 0.033751 -0.015974 0.007992 0.999271
800 1408 1.047516 -5.039761 0.030470 0.378002 -0.006031 -0.008131 0.925749
208 1685 -1.630249 -1.426735 -0.034867 -0.038509 -0.015411 -0.020744 0.998924
223 1657 4.729935 0.469254 0.125636 -0.020709 -0.016605 -0.002144 0.999645
118 1778 -5.098644 1.261915 -0.059856 0.033520 -0.015572 -0.002819 0.999313
772 1430 5.684616 1.022522 0.105779 -0.007630 -0.012205 0.003906 0.999889
798 1422 -3.366165 -0.290524 -0.052045 0.318030 -0.017200 -0.012042 0.947848
2537 3869 -5.693573 1.852249 0.197825 0.766760 0.008565 -0.001840 0.641874
2529 3863 -4.439209 -3.516083 -0.109395 0.817777 0.002498 -0.009071 0.575457
202 1688 2.594727 -1.584932 0.023943 -0.019251 -0.012498 -0.026470 0.999386
103 1789 -0.343349 2.011148 -0.006363 0.016187 -0.014876 0.012090 0.999685
783 1433 -3.340576 1.102814 -0.040687 0.079343 -0.008365 -0.001300 0.996812
719 1503 -2.265522 -2.476593 0.038717 -0.303130 -0.004585 0.010980 0.952875
100 1789 2.727530 2.059511 0.037484 0.006262 -0.021481 0.014496 0.999645
238 1644 -2.593872 0.563855 -0.019016 0.019687 -0.013109 -0.002750 0.999716
712 1491 4.787025 1.731476 0.052966 -0.435469 -0.007597 0.001028 0.900171
722 1503 -4.246274 -2.142487 -0.000813 -0.240010 -0.008503 0.011112 0.970670
86 1816 -2.667873 2.903711 -0.102619 0.030296 -0.012772 0.040284 0.998647
742 1461 4.460312 1.656113 0.044879 0.004580 -0.012696 0.018497 0.999738
246 1623 2.310547 -2.526936 -0.027445 0.269618 -0.004473 -0.021493 0.962717
65 1837 3.236303 1.662547 0.038647 0.635996 0.009514 -0.011538 -0.771547
84 1826 -4.311721 2.760185 -0.068434 -0.061705 -0.016046 0.024440 0.997666
2511 3861 1.985596 -5.457840 0.041695 0.652012 -0.006599 -0.000014 0.758180
225 1667 -5.246353 -0.079638 -0.069132 -0.038127 -0.011886 -0.007554 0.999174
2532 3872 -2.481232 5.435776 0.286447 0.812429 0.004669 0.005552 0.583015
710 1496 4.327797 0.567612 0.086036 -0.482229 -0.013719 0.003235 0.875932
2529 3872 -1.168198 5.550919 0.117997 0.829150 -0.012829 -0.005839 0.558849
723 1502 -4.542699 -1.769363 0.002043 -0.218402 -0.011786 0.014370 0.975682
720 1486 3.202935 1.216568 0.019536 -0.245676 -0.008393 0.003891 0.969308
733 1487 -5.683510 1.016479 -0.078398 -0.034324 -0.011604 0.010600 0.999287
247 1621 2.227081 -3.030063 -0.057030 0.300832 -0.001214 -0.022809 0.953404
67 1831 3.099986 3.103920 -0.005721 -0.484265 -0.012296 0.013075 0.874737
714 1500 1.626106 -1.465988 0.056747 -0.409602 -0.007800 0.008579 0.912190
2507 3864 2.597931 -1.706577 0.063114 0.576483 -0.014889 0.004837 0.816959
741 1470 -2.829079 1.589706 -0.034680 -0.003767 -0.017531 0.022094 0.999595
754 1448 5.673973 1.815323 0.088592 0.006362 -0.015338 0.012161 0.999788
78 1838 -3.360434 0.673763 -0.021634 -0.354596 -0.005229 0.018789 0.934816
2525 3870 -0.701340 3.588989 0.050808 0.824794 -0.019172 -0.008841 0.565039
763 1450 -4.904579 1.815399 -0.106105 0.014713 -0.017518 0.014959 0.999626
95 1803 -3.768267 2.490192 -0.082599 0.025166 -0.015543 0.027378 0.999187
725 1499 -4.706814 -0.958023 -0.015357 -0.170871 -0.014145 0.019059 0.985008
776 1438 -3.714996 1.276901 -0.094389 0.033476 -0.016389 0.004220 0.999296
765 1447 -3.619659 1.758636 -0.087802 0.025278 -0.017371 0.013032 0.999445
180 1713 2.422821 -0.446808 0.038684 0.007411 -0.010395 -0.005854 0.999901
255 1615 -3.531906 -4.501801 -0.172772 0.421852 0.002697 -0.020286 0.906434
799 1421 -3.442490 -0.539402 -0.052176 0.339673 -0.018626 -0.009319 0.940313
59 1838 4.874977 2.863382 -0.004147 0.766606 0.000559 -0.011068 -0.642022
89 1803 1.813246 2.470755 -0.066773 0.022206 -0.014956 0.044148 0.998666
781 1424 4.299332 0.651764 0.096549 0.003558 -0.015366 0.008331 0.999841
2502 3864 3.882690 -0.742895 0.094445 0.475732 -0.018717 0.009258 0.879342
720 1485 3.565144 1.432785 0.011729 -0.246718 -0.010416 0.003182 0.969026
798 1418 -1.418915 -1.729240 -0.002268 0.314819 -0.018834 -0.008344 0.948928
2491 3871 1.414459 5.626266 -0.008948 0.402518 -0.027987 -0.001382 0.914983
130 1758 5.107754 0.182978 0.121647 0.009996 -0.018590 -0.006758 0.999754
239 1630 4.980820 -0.818439 0.077588 0.172835 -0.007876 -0.009913 0.984869
71 1845 -0.064842 -2.532383 0.075278 0.647496 -0.003791 -0.010564 -0.761986
3999 4050 5.451447 -2.491821 0.147303 0.949809 -0.010029 -0.012147 -0.312433
726 1479 2.872955 1.579391 0.016912 -0.134378 -0.017010 0.016312 0.990650
246 1624 1.865738 -2.289871 -0.025733 0.253483 -0.005669 -0.020052 0.967115
764 1440 3.941406 1.472336 0.081279 0.018678 -0.016282 0.005619 0.999677
712 1501 2.304619 -1.574936 0.069323 -0.457665 -0.011019 0.007391 0.889026
244 1640 -5.735367 0.446267 -0.085520 0.055056 -0.016768 0.003987 0.998335
251 1629 -5.357651 -1.143897 -0.088263 0.192092 -0.006639 -0.012182 0.981279
2514 3869 0.491974 2.899826 -0.010879 0.710558 -0.026055 0.003024 0.703150
147 1748 -2.490242 0.172451 -0.021780 -0.002029 -0.015060 -0.005153 0.999871
3996 4046 4.655121 -1.861603 0.095376 0.959993 -0.006296 -0.005165 -0.279904
240 1629 4.693756 -1.094595 0.073277 0.189117 -0.008858 -0.013325 0.981824
122 1768 2.036507 0.529802 0.047408 0.027696 -0.016467 -0.004405 0.999471
792 1426 -2.588821 0.416969 -0.047273 0.200160 -0.016408 -0.011866 0.979554
794 1411 4.272507 -3.288895 0.079535 0.242475 -0.013152 -0.006010 0.970050
109 1785 -2.781109 1.828953 -0.033009 0.032961 -0.019595 0.005223 0.999251
798 1411 1.525574 -3.922146 0.053410 0.328413 -0.015186 -0.007895 0.944379
90 1814 -5.276145 2.791630 -0.040226 0.023720 -0.004466 0.041388 0.998851
110 1778 3.700687 1.403612 0.068730 0.034606 -0.016621 0.004798 0.999251
245 1635 -3.599823 0.008163 -0.037376 0.115707 -0.016649 0.004279 0.993135
231 1654 -2.090088 0.497456 -0.035932 -0.021910 -0.017080 -0.003380 0.999608
721 1498 -1.700290 -1.197388 0.012808 -0.243559 -0.011605 0.007804 0.969785
158 1740 -5.321655 0.116606 -0.103924 -0.002524 -0.021058 -0.000021 0.999775
250 1618 0.460617 -3.779543 -0.120497 0.357453 0.002048 -0.023493 0.933633
805 1415 -5.072540 -1.982544 0.057602 0.483478 -0.006255 0.000997 0.875334
133 1764 -5.696629 0.232742 -0.032372 0.005543 -0.008949 -0.006787 0.999922
71 1850 -0.206769 -5.462458 0.151608 0.716099 0.003065 -0.015667 -0.697816
85 1817 -2.230452 2.914238 -0.054682 0.025222 -0.012732 0.033837 0.999028
759 1445 3.872452 1.666336 0.051549 0.010057 -0.009678 0.007072 0.999878
744 1461 2.502686 1.687485 0.024747 -0.000831 -0.012609 0.018634 0.999747
83 1815 0.143138 2.845520 -0.035769 0.032523 -0.016637 0.031993 0.998820
2535 3871 -4.272949 4.157654 0.405437 0.786053 0.013873 0.008009 0.617951
148 1749 -4.901817 0.136362 -0.057547 -0.004262 -0.013957 -0.005642 0.999877
2526 3866 -2.477417 -0.457367 -0.039332 0.819160 -0.009412 -0.018351 0.573194
155 1735 4.433113 0.152792 0.072076 0.003759 -0.012744 -0.006043 0.999894
78 1827 -0.552140 2.559246 -0.062536 -0.136329 -0.014247 0.027023 0.990192
2499 3870 0.483459 4.779987 -0.059655 0.440201 -0.029927 0.006586 0.897376
717 1488 3.895775 1.318573 0.026250 -0.317743 -0.002149 -0.008518 0.948136
708 1504 3.569366 -2.100418 0.096980 0.543102 0.008749 -0.007317 -0.839589
2533 3868 -4.129837 1.229080 0.287043 0.795448 0.019347 0.005472 0.605688
711 1501 2.792854 -1.423798 0.072672 -0.478433 -0.013094 0.005823 0.878007
790 1419 2.696136 -0.989136 0.064656 0.142556 -0.014549 -0.002269 0.989677
141 1754 -2.920166 0.154047 -0.023534 -0.002743 -0.014910 -0.003174 0.999880
218 1664 5.651901 0.178847 0.078163 -0.026474 -0.007352 -0.006369 0.999602
74 1831 0.478059 2.099751 -0.020085 -0.302250 -0.010097 0.017547 0.953014
716 1505 -1.087551 -3.280670 0.032574 -0.376620 -0.004279 0.002852 0.926353
773 1433 2.584152 1.027237 0.056726 0.017905 -0.011863 0.003365 0.999764
728 1477 2.746922 1.637405 -0.026701 -0.102722 -0.009983 0.018059 0.994496
253 1615 -1.537903 -4.541992 -0.135435 0.417557 0.003658 -0.018054 0.908464
214 1679 -2.812195 -0.910728 -0.032621 -0.051792 -0.011165 -0.019526 0.998404
799 1424 -4.920120 0.698418 -0.096650 0.346080 -0.019743 -0.009393 0.937950
215 1668 5.969009 0.010506 0.129500 -0.027343 -0.011890 -0.011338 0.999491
736 1468 3.333725 1.702744 -0.022396 -0.019305 -0.011419 0.023436 0.999474
718 1502 -1.289948 -2.261993 0.048261 -0.323850 -0.007053 0.009214 0.946038
237 1633 4.953552 -0.180657 0.096541 0.138036 -0.013327 0.002054 0.990335
160 1732 2.433075 0.103849 0.072606 -0.001274 -0.016836 -0.002953 0.999853
192 1706 -4.349060 -0.936634 -0.072759 -0.002967 -0.013825 -0.014169 0.999800
729 1494 -5.487873 0.190979 0.050833 -0.090998 -0.004112 0.017961 0.995681
231 1647 2.190948 0.623745 0.081102 -0.004993 -0.021035 -0.002264 0.999764
791 1429 -4.110062 1.127937 -0.071856 0.192348 -0.013409 -0.014878 0.981122
226 1663 -3.180069 0.136872 -0.045379 -0.035065 -0.011254 -0.007132 0.999296
765 1441 2.121170 1.473724 0.044784 0.025301 -0.019341 0.007995 0.999461
780 1434 -2.652740 1.064743 -0.067736 0.051824 -0.013985 0.003176 0.998553
764 1446 -1.716545 1.709335 -0.045091 0.020064 -0.014242 0.011030 0.999636
799 1412 0.394485 -3.672581 0.051317 0.347840 -0.016642 -0.004335 0.937396
221 1663 2.776138 0.212497 0.061363 -0.028665 -0.012019 -0.006852 0.999493
723 1480 4.125471 1.847931 0.060325 -0.187802 -0.018527 0.002402 0.982029
2524 3872 0.212265 5.601562 0.026505 0.824844 -0.027769 -0.013173 0.564525
752 1461 -5.344139 1.658020 -0.082340 -0.019326 -0.014455 0.021521 0.999477
2510 3870 0.512421 4.214348 -0.043449 0.643778 -0.024338 0.007704 0.764787
132 1756 5.188679 0.160967 0.078273 0.007694 -0.012659 -0.005559 0.999875
77 1839 -3.001458 0.296980 -0.025724 -0.395638 -0.003728 0.018186 0.918219
2516 3861 -0.378235 -5.798782 0.020386 0.739436 -0.012251 -0.006458 0.673085
73 1832 0.776011 1.992908 -0.035487 -0.346409 -0.006588 0.016814 0.937910
241 1627 4.885010 -1.575418 0.072762 0.217459 -0.010060 -0.015587 0.975893
2520 3871 0.433090 4.681580 0.009433 0.798460 -0.029172 -0.007916 0.601288
67 1844 2.365787 -1.624464 0.067732 0.718562 -0.000644 -0.008637 -0.695409
791 1416 3.748840 -1.669083 0.081928 0.167074 -0.013892 -0.004255 0.985837
796 1415 1.245270 -2.599655 0.031745 0.273547 -0.012951 -0.007536 0.961742
96 1796 0.485783 2.234608 -0.026655 0.015473 -0.016914 0.020872 0.999519
229 1658 -2.790253 0.379626 -0.054289 -0.026967 -0.018395 -0.003819 0.999460
781 1434 -3.168762 1.096695 -0.065926 0.061055 -0.012559 0.002094 0.998053
249 1624 -0.861740 -2.313984 -0.064852 0.251253 -0.003138 -0.019414 0.967722
236 1646 -1.973419 0.584465 -0.013787 0.004273 -0.016179 -0.001277 0.999859
82 1833 -4.689033 2.011463 -0.054575 -0.195680 -0.011098 0.014373 0.980500
2504 3862 4.420929 -3.053384 0.112845 0.515354 -0.011494 0.006360 0.856877
103 1792 -3.145185 2.106941 -0.020482 0.019902 -0.006854 0.011648 0.999711
2512 3869 0.596588 3.012733 -0.006859 0.675540 -0.023329 0.003959 0.736944
734 1469 4.154655 1.809692 0.007020 -0.028374 -0.015491 0.025882 0.999142
706 1499 5.243088 0.414032 0.109341 0.564973 0.011332 -0.004925 -0.825018
81 1838 -5.343318 0.974590 -0.007426 -0.314384 -0.006066 0.013255 0.949184
252 1614 -0.378525 -4.795464 -0.146818 0.435393 0.002129 -0.019733 0.900022
233 1651 -2.119431 0.539655 -0.030095 -0.018212 -0.018782 -0.004248 0.999649
769 1443 -3.149673 1.535004 -0.059711 0.026710 -0.011507 0.009472 0.999532
2530 3865 -4.031113 -1.561829 0.020247 0.814301 0.008570 -0.006836 0.580339
97 1797 -1.316446 2.332993 -0.064489 0.011403 -0.021899 0.023580 0.999417
794 1414 2.931259 -2.583870 0.064879 0.232465 -0.012733 -0.004068 0.972513
238 1648 -4.954269 0.583694 -0.045767 0.001040 -0.015541 -0.003395 0.999873
132 1764 -4.556408 0.237846 -0.023744 0.005746 -0.009216 -0.005985 0.999923
124 1770 -2.555340 0.615284 -0.014156 0.026323 -0.014190 -0.007607 0.999524
245 1621 4.003189 -3.024159 -0.008898 0.303524 -0.003513 -0.021963 0.952564
227 1665 -5.849136 -0.012222 -0.111295 -0.037710 -0.010644 -0.007990 0.999200
63 1831 4.049610 4.043290 -0.008297 0.577757 0.011771 -0.010083 -0.816061
101 1796 -4.587883 2.217150 -0.048170 0.021039 -0.015265 0.016624 0.999524
249 1621 0.397552 -3.031052 -0.082591 0.299619 0.000212 -0.022189 0.953801
79 1819 1.294313 2.996128 -0.060014 -0.015723 -0.011004 0.029550 0.999379
100 1788 3.677603 2.046894 0.060821 0.008769 -0.019290 0.014112 0.999676
789 1419 3.232346 -0.811493 0.074636 0.121047 -0.014258 0.000721 0.992544
84 1812 0.731534 2.750328 -0.030502 0.041870 -0.016389 0.032438 0.998462
222 1659 4.558716 0.413974 0.108986 -0.024572 -0.016317 -0.003898 0.999557
2533 3871 -3.294037 4.322739 0.363707 0.801468 0.012844 0.008773 0.597836
796 1414 1.679886 -2.852638 0.040585 0.274473 -0.012293 -0.006320 0.961495
730 1492 -5.469543 0.490433 0.023507 -0.073420 -0.005643 0.018824 0.997108
207 1690 -5.671524 -1.738268 -0.113925 -0.013656 -0.016658 -0.022178 0.999522
101 1792 -1.082897 2.104525 -0.023580 0.013547 -0.010784 0.012630 0.999770
801 1410 -0.425201 -4.417470 0.039536 0.400075 -0.009785 -0.004905 0.916417
105 1789 -2.441864 2.038193 -0.048623 0.023601 -0.018689 0.011704 0.999478
729 1488 -3.064903 0.610275 0.015678 -0.084824 -0.002589 0.009385 0.996348
255 1614 -3.306778 -4.752299 -0.190466 0.440734 0.002667 -0.021225 0.897383
213 1675 2.161026 -0.500690 0.045160 -0.047859 -0.014775 -0.009576 0.998699
246 1620 3.481079 -3.242688 -0.049493 0.314578 -0.001669 -0.024051 0.948925
246 1631 -1.988129 -0.697374 -0.027664 0.161295 -0.007995 -0.007359 0.986846
87 1802 4.312189 2.371737 -0.014728 0.031018 -0.019645 0.041097 0.998480
251 1624 -2.767624 -2.308221 -0.087783 0.258640 -0.005519 -0.017627 0.965797
731 1489 -4.983818 0.737213 -0.032969 -0.057999 -0.007951 0.011831 0.998215
238 1633 4.047058 -0.214467 0.077325 0.139590 -0.012730 0.001098 0.990127
2535 3870 -4.477295 3.136612 0.373480 0.785142 0.014748 0.010029 0.619059
736 1481 -5.513390 1.351654 -0.030988 -0.011178 -0.016561 0.012310 0.999725
199 1690 4.145447 -1.684162 0.044661 0.000626 -0.017218 -0.030496 0.999386
176 1717 2.524506 -0.384283 0.053239 0.014071 -0.015845 -0.007254 0.999749
196 1702 -4.784760 -0.956377 -0.098490 0.012120 -0.016218 -0.017241 0.999646
103 1790 -1.308596 2.054016 -0.002831 0.016099 -0.014628 0.012946 0.999680
2503 3868 1.425812 2.755847 -0.012883 0.499293 -0.022888 0.008335 0.866091
73 1826 2.046287 3.092280 -0.064449 -0.240225 -0.012522 0.026547 0.970273
83 1828 -4.054069 2.610151 -0.069598 -0.097822 -0.017206 0.020370 0.994847
786 1434 -5.622482 1.614960 -0.092161 0.129243 -0.010317 -0.001893 0.991558
789 1430 -3.926392 1.133514 -0.067677 0.159389 -0.011867 -0.008809 0.987105
218 1667 3.183640 0.059660 0.046536 -0.028245 -0.010122 -0.005907 0.999532
192 1707 -5.478928 -0.921955 -0.093889 0.000595 -0.015944 -0.013975 0.999775
112 1783 -3.956207 1.701151 -0.046844 0.033071 -0.017887 0.004065 0.999285
211 1676 3.655151 -0.579784 0.085082 -0.047872 -0.017128 -0.007132 0.998681
804 1411 -3.157394 -3.864246 0.073501 0.469993 -0.006346 0.001391 0.882646
212 1681 -2.474518 -1.104220 -0.053616 -0.045148 -0.013804 -0.020382 0.998677
728 1476 3.362614 1.762909 -0.028873 -0.100963 -0.009437 0.018438 0.994674
2489 3869 3.682434 3.921608 0.070089 0.416172 -0.023353 -0.001562 0.908985
707 1506 3.660156 -2.824417 0.110635 0.565186 0.009740 -0.008227 -0.824865
181 1716 -2.437653 -0.495825 -0.029586 0.014619 -0.014091 -0.010868 0.999735
751 1459 -2.438828 1.763870 -0.080847 -0.014946 -0.015576 0.023725 0.999485
740 1475 -5.594406 1.547897 -0.093495 -0.000682 -0.018872 0.015618 0.999700
712 1495 3.824402 0.466125 0.055074 -0.440118 -0.008630 0.003059 0.897893
712 1489 5.333641 2.362595 0.042936 -0.433371 -0.003753 -0.004288 0.901197
121 1767 4.373680 0.447407 0.074754 0.032573 -0.015985 -0.002459 0.999338
729 1474 4.031746 1.910904 -0.038314 -0.090815 -0.008596 0.020844 0.995613
80 1821 0.029464 2.934965 -0.042251 -0.014597 -0.010204 0.026635 0.999487
801 1413 -1.422058 -3.347237 0.041462 0.390665 -0.011859 -0.000425 0.920457
187 1703 5.241035 -0.987328 0.057309 0.010395 -0.011922 -0.016026 0.999746
209 1685 -2.825089 -1.438074 -0.072069 -0.040297 -0.017785 -0.021315 0.998802
124 1763 5.816784 0.221712 0.100435 0.026410 -0.013230 -0.009167 0.999522
2496 3867 3.054810 2.465935 0.060152 0.401851 -0.020162 0.000754 0.915483
255 1613 -3.064590 -5.008952 -0.193238 0.461004 0.001776 -0.021502 0.887136
796 1413 2.124512 -3.122177 0.048795 0.276967 -0.012644 -0.005694 0.960779
84 1829 -5.123143 2.511618 -0.066064 -0.117739 -0.015617 0.018411 0.992751
707 1496 5.345978 1.308563 0.104891 0.538812 0.012892 -0.006447 -0.842303
2531 3872 -1.981857 5.482986 0.253066 0.820156 0.000542 0.002176 0.572137
3993 4045 5.298149 -2.030823 0.102338 0.953881 -0.006332 -0.003455 -0.300099
3988 4039 5.625511 -1.496521 0.163870 0.962554 0.004049 -0.011207 -0.270829
738 1468 1.594559 1.636688 -0.007032 -0.010447 -0.014140 0.021576 0.999613
178 1715 2.510063 -0.458906 0.047331 0.013490 -0.011236 -0.007849 0.999815
711 1509 0.800743 -4.774124 0.059669 -0.495421 -0.009745 0.005368 0.868582
744 1465 -1.379341 1.620041 -0.018713 -0.007753 -0.014171 0.013983 0.999772
737 1475 -2.877441 1.520035 -0.029350 -0.009885 -0.011976 0.018430 0.999710
73 1820 3.713599 3.887619 -0.091080 -0.163317 -0.011717 0.029256 0.986070
804 1413 -3.706787 -3.033955 0.078372 0.463154 -0.005664 0.003796 0.886252
236 1649 -3.723282 0.560954 -0.042616 -0.005339 -0.016761 -0.001017 0.999845
82 1837 -5.773103 1.300283 -0.045910 -0.281622 -0.009818 0.015493 0.959350
117 1771 4.131554 0.753958 0.069870 0.037691 -0.012405 -0.003387 0.999207
2513 3871 0.456970 5.083969 -0.046084 0.697567 -0.026892 0.002717 0.716009
229 1662 -5.742249 0.186781 -0.135105 -0.033975 -0.015678 -0.006414 0.999279
728 1490 -3.216129 0.408371 0.009056 -0.102266 -0.005718 0.015956 0.994613
732 1489 -5.726128 0.845993 -0.068601 -0.046503 -0.010492 0.011723 0.998794
187 1706 1.849236 -0.889715 0.022850 0.012104 -0.010385 -0.014031 0.999775
101 1793 -1.992714 2.139368 -0.028392 0.014244 -0.010351 0.014633 0.999738
240 1642 -3.275482 0.545632 -0.037044 0.031497 -0.014562 0.000677 0.999397
71 1849 -0.194620 -4.830181 0.118434 0.702673 -0.001759 -0.015145 -0.711349
791 1426 -2.099976 0.344185 -0.032586 0.178447 -0.015584 -0.009994 0.983775
788 1421 2.571259 -0.392487 0.057911 0.102421 -0.013276 0.000856 0.994652
70 1823 3.746902 4.152412 -0.041586 -0.283223 -0.015549 0.027099 0.958545
143 1747 3.485794 0.228380 0.064447 -0.005617 -0.016568 -0.001962 0.999845
249 1623 -0.415833 -2.548948 -0.068851 0.267402 -0.001949 -0.020810 0.963358
724 1483 2.227060 1.198227 0.027425 -0.167601 -0.018613 0.003970 0.985671
62 1838 4.147631 2.033983 0.028056 0.714663 0.005135 -0.010402 -0.699373
186 1711 -2.766357 -0.701204 -0.038210 0.015487 -0.012697 -0.014150 0.999699
122 1774 -5.012127 0.909624 -0.053790 0.028713 -0.016924 -0.006384 0.999424
741 1464 2.478027 1.619873 0.034544 -0.002096 -0.018635 0.016000 0.999696
2495 3865 4.739685 1.003960 0.121930 0.392091 -0.019261 0.001812 0.919723
67 1832 3.006362 2.863190 -0.002052 0.500633 0.010361 -0.012623 -0.865505
708 1494 5.402344 1.771500 0.115874 0.517373 0.010172 -0.003501 -0.855692
747 1455 5.476494 1.809464 0.025414 0.003032 -0.010798 0.023167 0.999669
2531 3865 -4.324997 -1.631271 0.079836 0.808790 0.013742 -0.001933 0.587934
248 1614 3.472870 -4.743969 -0.140769 0.426514 0.004087 -0.023932 0.904155
80 1810 4.645112 2.913647 -0.037691 0.012709 -0.011848 0.035307 0.999225
80 1827 -1.727063 2.595894 -0.024621 -0.105117 -0.011565 0.022415 0.994140
731 1470 5.602890 2.080734 -0.013193 -0.060114 -0.013692 0.027371 0.997722
239 1642 -2.398270 0.535275 -0.015905 0.029335 -0.013700 0.000195 0.999476
169 1724 2.274704 -0.147917 0.057495 0.005146 -0.016065 -0.005212 0.999844
88 1803 2.701446 2.450293 -0.029754 0.028649 -0.017191 0.041983 0.998560
724 1482 2.651857 1.340668 0.040800 -0.168265 -0.019639 0.003565 0.985540
90 1805 -0.401300 2.542944 -0.075954 0.016838 -0.007675 0.045756 0.998781
739 1467 1.583954 1.643280 -0.000443 -0.007781 -0.017876 0.019674 0.999616
2518 3871 0.594696 4.774933 -0.010597 0.778242 -0.029530 -0.004532 0.627253
60 1844 5.569967 0.185393 0.064614 0.836961 -0.005155 -0.008190 -0.547177
105 1787 -0.510303 1.969494 -0.017627 0.023860 -0.015120 0.010848 0.999542
114 1773 5.043663 0.959837 0.088137 0.038992 -0.014881 0.000288 0.999129
59 1842 5.459486 1.351750 0.022653 0.825873 -0.004863 -0.008032 -0.563778
189 1701 4.713547 -1.233147 0.059011 0.021950 -0.014307 -0.017687 0.999500
79 1840 -4.493844 0.199041 -0.001868 -0.385567 -0.000194 0.012480 0.922595
89 1802 2.514187 2.447380 -0.056535 0.019391 -0.016071 0.042219 0.998791
96 1799 -1.917337 2.367203 -0.062705 0.010665 -0.020738 0.023400 0.999454
795 1427 -4.645325 1.118439 -0.079587 0.267387 -0.014957 -0.015140 0.963354
211 1685 -5.280411 -1.498189 -0.151958 -0.043273 -0.021199 -0.025203 0.998520
717 1505 -1.700611 -3.251556 0.035712 -0.354048 -0.004699 0.002256 0.935213
83 1814 0.597983 2.820990 -0.033793 0.040717 -0.016915 0.032089 0.998512
94 1794 4.260111 2.223045 -0.055720 0.009790 -0.004740 0.020681 0.999727
89 1815 -4.846488 2.801992 -0.086198 0.018357 -0.009254 0.042991 0.998864
712 1490 5.063286 2.051422 0.045168 -0.434917 -0.006250 -0.001529 0.900448
746 1467 -5.060684 1.528839 -0.047641 -0.020240 -0.011854 0.016772 0.999584
146 1743 4.911026 0.203070 0.102863 -0.001481 -0.015244 -0.006017 0.999865
742 1464 1.567841 1.629944 0.010454 -0.004474 -0.015508 0.016018 0.999741
801 1418 -3.334030 -1.473743 0.001439 0.384529 -0.015935 -0.003149 0.922970
121 1768 3.183495 0.529215 0.057874 0.030376 -0.016008 -0.001355 0.999409
247 1617 3.577423 -4.015108 -0.090781 0.374121 0.003079 -0.023586 0.927075
69 1845 1.227963 -2.402651 0.076111 0.690104 -0.002363 -0.010884 -0.723624
87 1821 -5.206998 2.969261 -0.115732 0.007866 -0.011827 0.035952 0.999252
101 1797 -5.398865 2.309973 -0.052972 0.016499 -0.016332 0.018204 0.999565
798 1409 2.261871 -4.517403 0.044044 0.329947 -0.008867 -0.010508 0.943899
723 1504 -5.357263 -2.205170 -0.012583 -0.223710 -0.008407 0.010714 0.974560
711 1505 1.856598 -3.002335 0.051224 -0.487560 -0.008081 0.003257 0.873046
724 1481 3.098892 1.513794 0.041797 -0.167866 -0.020179 0.006189 0.985584
717 1493 2.264469 0.096359 0.047329 -0.322048 -0.005867 -0.000125 0.946705
106 1789 -3.511032 2.039448 -0.068902 0.026770 -0.020147 0.010962 0.999379
85 1805 3.906405 2.438477 0.002882 0.032360 -0.016581 0.039720 0.998549
76 1832 -0.665215 1.897207 -0.039531 -0.268931 -0.010544 0.019906 0.962896
752 1451 4.582367 1.843781 0.047504 0.004883 -0.017347 0.019677 0.999644
65 1836 3.283857 2.012984 0.033594 0.618142 0.009807 -0.011277 -0.785925
244 1639 -5.134491 0.390069 -0.071712 0.067087 -0.018202 0.005381 0.997566
788 1431 -4.209412 1.243668 -0.079602 0.145150 -0.012387 -0.006759 0.989309
80 1828 -1.980754 2.514908 -0.020984 -0.122611 -0.011340 0.020051 0.992187
742 1463 2.501137 1.652847 0.027343 0.001611 -0.016442 0.017290 0.999714
2523 3863 -2.620682 -3.529449 -0.120023 0.808619 -0.018100 -0.015699 0.587844
2488 3869 4.099823 3.788822 0.067264 0.428859 -0.022535 -0.000507 0.903090
77 1826 0.243991 2.723818 -0.064910 -0.136226 -0.015546 0.029960 0.990103
736 1478 -3.907310 1.418564 -0.026206 -0.012578 -0.013468 0.016571 0.999693
803 1410 -2.078369 -4.345406 0.066724 0.447877 -0.005625 -0.000500 0.894077
715 1486 5.261780 2.431076 0.004099 -0.361755 -0.003815 -0.000910 0.932265
74 1818 3.937151 3.821890 -0.062464 -0.131133 -0.013838 0.031285 0.990774
70 1848 0.568003 -4.165102 0.111785 0.712531 -0.002832 -0.013867 -0.701498
790 1428 -2.960938 0.752960 -0.043985 0.165545 -0.012051 -0.011095 0.986066
210 1679 2.025497 -0.866007 0.040279 -0.047765 -0.016559 -0.012055 0.998648
133 1763 -4.481239 0.225325 -0.025789 0.004560 -0.009316 -0.006549 0.999925
786 1422 2.994324 -0.025848 0.057666 0.067078 -0.011279 0.004000 0.997676
214 1671 4.645248 -0.195946 0.112116 -0.033443 -0.015061 -0.011985 0.999255
720 1481 5.142209 2.275299 0.014454 -0.245871 -0.015189 -0.000272 0.969183
69 1827 3.152864 3.607979 -0.026850 -0.368449 -0.016299 0.021179 0.929264
82 1829 -3.601841 2.505035 -0.045911 -0.120744 -0.015396 0.018335 0.992395
748 1461 -1.436401 1.696426 -0.037899 -0.014158 -0.015047 0.018216 0.999621
720 1506 -4.149900 -3.195160 0.021298 -0.288587 -0.007561 0.011592 0.957353
106 1784 1.464569 1.815374 0.005482 0.027212 -0.016542 0.012009 0.999421
76 1839 -2.356190 0.193529 -0.012355 -0.417987 -0.003857 0.017908 0.908268
79 1843 -5.302411 -0.860422 0.022834 -0.452677 -0.000123 0.009971 0.891619
178 1721 -4.810989 -0.270876 -0.019771 0.013886 -0.007863 -0.004148 0.999864
79 1822 0.325211 2.904646 -0.057151 -0.039148 -0.010982 0.028745 0.998759
769 1437 2.264069 1.253693 0.053774 0.027461 -0.012981 0.005930 0.999521
250 1629 -4.416550 -1.144703 -0.068762 0.189861 -0.005798 -0.013054 0.981707
778 1426 4.593781 0.864792 0.121373 -0.014558 -0.017393 0.006141 0.999724
753 1456 -1.371208 1.836243 -0.035221 -0.008761 -0.013276 0.025637 0.999545
2491 3866 5.129547 1.774490 0.108071 0.389725 -0.015024 -0.002882 0.920804
2487 3868 5.148529 2.808361 0.092156 0.437743 -0.016227 -0.000487 0.898954
771 1432 4.903717 1.035721 0.101493 0.006807 -0.011913 0.004289 0.999897
243 1641 -5.389145 0.527714 -0.088269 0.044674 -0.016115 0.004380 0.998862
149 1740 5.172272 0.203249 0.085939 0.000879 -0.015953 -0.003388 0.999866
201 1694 -2.425552 -1.602905 -0.061787 -0.000781 -0.012484 -0.026382 0.999574
143 1754 -5.286514 0.143967 -0.077682 -0.002709 -0.016473 -0.002117 0.999858
131 1766 -5.808453 0.276901 -0.055246 0.008408 -0.014020 -0.005592 0.999851
179 1714 2.495781 -0.478228 0.040961 0.009796 -0.009518 -0.006095 0.999888
77 1835 -2.013836 1.328167 -0.049638 -0.306897 -0.007708 0.020029 0.951501
163 1735 -4.814270 0.077824 -0.050280 0.001434 -0.013236 -0.008479 0.999875
2522 3865 -1.710556 -1.495697 -0.053470 0.803449 -0.021744 -0.015181 0.594782
138 1752 3.136360 0.191645 0.066935 -0.001177 -0.017373 -0.007190 0.999823
711 1508 1.069229 -4.307159 0.055997 -0.491616 -0.010597 0.006434 0.870724
72 1848 -0.979044 -4.194342 0.122026 0.669526 -0.005327 -0.015153 -0.742615
248 1629 -2.536179 -1.186868 -0.041469 0.183508 -0.004551 -0.014218 0.982905
729 1491 -4.312370 0.428070 0.032331 -0.088171 -0.005090 0.017576 0.995937
173 1726 -4.964378 -0.089182 -0.033303 0.011767 -0.008506 -0.003087 0.999890
115 1775 1.668392 1.106262 0.039994 0.033636 -0.013187 -0.001485 0.999346
2519 3870 0.311478 3.709610 0.006189 0.788830 -0.028103 -0.004430 0.613953
176 1715 4.963547 -0.423788 0.105884 0.011370 -0.015292 -0.007034 0.999794
69 1823 3.999946 4.411306 -0.043082 -0.309792 -0.016890 0.027234 0.950264
86 1822 -4.705400 2.931208 -0.109845 -0.002653 -0.012055 0.035250 0.999302
744 1468 -4.033325 1.545349 -0.036891 -0.014182 -0.013049 0.018508 0.999643
211 1674 5.568100 -0.399207 0.147372 -0.041617 -0.020758 -0.005737 0.998901
242 1640 -3.914261 0.465542 -0.063153 0.054798 -0.017922 0.005057 0.998324
2501 3870 0.376892 4.713669 -0.099796 0.469626 -0.030544 0.010303 0.882277
130 1766 -4.645657 0.290562 -0.061960 0.009590 -0.016105 -0.005272 0.999811
94 1801 -1.384136 2.417109 -0.043114 0.017750 -0.012095 0.025830 0.999435
198 1693 2.267807 -1.577812 0.009865 0.006658 -0.015589 -0.030793 0.999382
760 1445 2.912292 1.666412 0.045702 0.011486 -0.011506 0.008068 0.999835
135 1754 4.165474 0.193188 0.073509 0.000359 -0.016044 -0.003761 0.999864
111 1776 4.859337 1.242432 0.089892 0.034680 -0.016976 0.004664 0.999243
70 1847 0.559375 -3.583712 0.093357 0.696502 -0.004027 -0.012972 -0.717426
99 1798 -4.170082 2.362028 -0.104659 0.013379 -0.022304 0.024267 0.999367
801 1409 -0.107361 -4.777047 0.031913 0.399276 -0.006216 -0.005993 0.916790
769 1445 -5.077286 1.639618 -0.092562 0.031367 -0.010222 0.011237 0.999393
160 1737 -3.838417 0.101290 -0.058493 -0.000366 -0.017837 -0.006228 0.999821
2497 3864 5.044495 0.007690 0.131164 0.407771 -0.019270 0.003434 0.912875
190 1709 -5.385582 -0.896639 -0.125899 0.001707 -0.019250 -0.012507 0.999735
711 1491 5.116920 1.995804 0.075263 -0.456519 -0.009490 -0.000505 0.889663
70 1834 1.656403 1.775921 -0.004370 -0.462974 -0.007225 0.013611 0.886238
254 1614 -2.271881 -4.797350 -0.177970 0.436100 0.003998 -0.020753 0.899650
206 1687 -1.253159 -1.574238 -0.042248 -0.031297 -0.013468 -0.022594 0.999164
244 1636 -3.309692 0.148521 -0.041412 0.105370 -0.018444 0.006658 0.994240
758 1448 1.848183 1.767349 0.041026 0.006348 -0.013316 0.007702 0.999861
179 1712 4.870636 -0.578112 0.056966 0.007736 -0.009574 -0.002772 0.999920
83 1818 -1.052227 2.913706 -0.056439 0.022412 -0.016200 0.029066 0.999195
2510 3862 2.219910 -4.243439 0.049865 0.633651 -0.007659 0.001476 0.773579
108 1787 -3.707848 1.943979 -0.061454 0.030954 -0.018715 0.005998 0.999328
98 1797 -2.347019 2.340055 -0.094598 0.013535 -0.023005 0.024164 0.999352
96 1794 2.220221 2.213564 -0.003930 0.008875 -0.014575 0.018635 0.999681
787 1418 4.878143 -0.535461 0.098491 0.081101 -0.014527 0.005354 0.996586
712 1497 3.323578 -0.186813 0.054250 -0.445299 -0.010042 0.003980 0.895317
149 1747 -3.594498 0.162146 -0.046639 -0.003205 -0.016638 -0.002945 0.999852
776 1427 5.093201 0.947510 0.132767 -0.018058 -0.015693 0.004507 0.999703
146 1749 -2.554344 0.184198 -0.026389 -0.002099 -0.015401 -0.006562 0.999858
172 1720 3.770760 -0.263435 0.055099 0.006594 -0.008645 -0.008963 0.999901
708 1510 2.370239 -4.948532 0.103348 0.551789 0.008692 -0.007845 -0.833902
235 1636 4.910294 0.301687 0.128428 0.093639 -0.021539 0.007812 0.995342
64 1837 3.551714 1.889004 0.036324 0.656830 0.009354 -0.010636 -0.753906
736 1466 5.113976 1.773590 -0.020216 -0.018111 -0.012520 0.019883 0.999560
249 1617 1.750366 -4.012574 -0.120108 0.372944 0.004453 -0.022853 0.927562
68 1845 1.855154 -2.266180 0.073383 0.710201 -0.002470 -0.010962 -0.703910
77 1813 4.727975 3.416367 -0.051523 -0.035110 -0.016789 0.037963 0.998521
789 1415 5.401352 -1.324860 0.109801 0.124712 -0.011281 0.003246 0.992124
64 1841 3.625130 0.349418 0.042608 0.729663 0.002725 -0.007967 -0.683755
725 1477 4.574406 2.072403 0.040246 -0.154483 -0.017105 0.015396 0.987727
120 1770 1.932014 0.670399 0.038213 0.034559 -0.013959 -0.000933 0.999305
793 1417 2.081146 -1.793243 0.050034 0.208226 -0.016197 -0.006911 0.977922
248 1628 -1.967270 -1.389860 -0.040800 0.191333 -0.004925 -0.016773 0.981369
68 1827 3.438725 3.843177 -0.034205 -0.394470 -0.016510 0.020882 0.918523
785 1430 -1.993622 0.797791 -0.035565 0.085333 -0.010064 -0.001290 0.996301
78 1843 -4.607019 -1.017544 0.005028 -0.468549 -0.000924 0.013628 0.883332
765 1437 5.673279 1.325073 0.151665 0.022334 -0.016595 0.005932 0.999595
203 1692 -2.751877 -1.608032 -0.064598 -0.007826 -0.013983 -0.026329 0.999525
210 1677 3.978699 -0.651087 0.090027 -0.047262 -0.015667 -0.007040 0.998735
739 1475 -4.686462 1.534683 -0.085682 -0.003398 -0.018078 0.017609 0.999676
92 1810 -5.116179 2.663376 0.026650 0.017588 0.000482 0.037310 0.999149
91 1801 1.417307 2.483080 -0.077559 0.011466 -0.006983 0.035783 0.999269
69 1834 2.044938 1.922141 -0.006946 -0.487466 -0.008071 0.014086 0.872991
132 1765 -5.749355 0.224115 -0.032236 0.004554 -0.010095 -0.005646 0.999923
87 1812 -1.657028 2.809340 -0.096366 0.040293 -0.013938 0.042564 0.998183
800 1406 1.669342 -5.649965 0.032906 0.383615 -0.004843 -0.011158 0.923413
761 1450 -3.059021 1.777390 -0.077891 0.009830 -0.018934 0.013943 0.999675
726 1497 -4.598286 -0.534271 -0.008765 -0.147871 -0.012525 0.021773 0.988688
68 1837 2.088276 1.133151 0.013180 0.570094 0.007744 -0.015313 -0.821400
761 1444 2.905518 1.631378 0.051219 0.012696 -0.011466 0.008940 0.999814
737 1465 5.139748 1.753677 -0.012476 -0.008034 -0.012620 0.017686 0.999732
716 1495 2.099155 -0.278198 0.028503 -0.348616 -0.006931 0.001526 0.937239
711 1490 5.377823 2.328415 0.069380 -0.455979 -0.008083 -0.003031 0.889949
206 1688 -2.311844 -1.626978 -0.054346 -0.023746 -0.013825 -0.021842 0.999384
743 1463 1.514984 1.669022 0.018208 -0.001724 -0.015318 0.016256 0.999749
82 1820 -0.951907 2.924288 -0.044665 0.013774 -0.014235 0.026270 0.999459
92 1804 -1.563257 2.494480 -0.029387 0.013473 -0.003131 0.037478 0.999202
768 1438 2.233398 1.315750 0.041720 0.019425 -0.011937 0.005388 0.999725
106 1782 3.574520 1.709414 0.028093 0.028324 -0.014947 0.012722 0.999406
714 1501 1.322014 -1.799805 0.059268 -0.413705 -0.007865 0.010234 0.910320
804 1412 -3.436005 -3.446095 0.079115 0.466319 -0.006516 0.003181 0.884587
782 1436 -5.318161 1.422775 -0.099862 0.074270 -0.012982 0.002714 0.997150
188 1711 -5.279366 -0.729198 -0.083053 0.013604 -0.012621 -0.013731 0.999733
760 1446 1.956497 1.727859 0.026285 0.009914 -0.013715 0.008672 0.999819
102 1793 -3.013638 2.145840 -0.029897 0.016562 -0.007853 0.015612 0.999710
74 1829 0.929276 2.459862 -0.023689 -0.267642 -0.012267 0.020174 0.963229
2514 3862 0.577087 -4.645401 0.047476 0.704489 -0.011474 -0.002995 0.709616
802 1417 -3.618164 -1.745294 0.034454 0.407215 -0.012886 -0.000655 0.913241
712 1496 3.564583 0.135880 0.058498 -0.441647 -0.010388 0.004494 0.897117
725 1495 -3.139378 -0.399765 -0.009052 -0.159745 -0.013600 0.018633 0.986889
104 1791 -3.279377 2.080011 -0.042035 0.018764 -0.012432 0.013245 0.999659
3994 4046 5.265167 -2.132538 0.091581 0.952598 -0.006717 -0.003285 -0.304141
804 1415 -4.311829 -2.209194 0.069584 0.460011 -0.006308 0.002025 0.887889
83 1806 4.838364 2.490368 0.040631 0.037305 -0.019122 0.036427 0.998457
71 1832 1.602845 2.190899 -0.016310 -0.400100 -0.008417 0.015287 0.916305
96 1802 -4.117147 2.421675 -0.107439 0.019211 -0.021586 0.024697 0.999277
112 1782 -2.872765 1.635263 -0.029790 0.035879 -0.017045 0.004414 0.999201
200 1695 -2.290573 -1.578545 -0.056708 0.008412 -0.013171 -0.025108 0.999562
72 1850 -1.066597 -5.457823 0.164003 0.694830 0.001510 -0.016622 -0.718981
726 1480 2.371727 1.443436 0.018066 -0.133632 -0.018104 0.013903 0.990768
232 1657 -5.064987 0.378130 -0.114809 -0.025720 -0.018269 -0.004120 0.999494
117 1773 1.785618 0.917671 0.044030 0.038784 -0.014119 -0.003966 0.999140
218 1676 -4.850388 -0.642991 -0.052609 -0.052679 -0.007083 -0.003590 0.998580
61 1835 4.304995 3.342007 -0.016520 0.683350 0.005659 -0.011700 -0.729975
66 1842 2.799779 -0.510687 0.047910 0.706267 0.002637 -0.007903 -0.707896
188 1704 2.863998 -0.892963 0.031732 0.005972 -0.012111 -0.015333 0.999791
766 1436 5.694412 1.254944 0.137628 0.017300 -0.016520 0.007317 0.999687
799 1425 -5.439972 1.139229 -0.105374 0.348385 -0.020127 -0.009654 0.937086
80 1835 -3.843001 1.544973 -0.011789 -0.258059 -0.005286 0.014116 0.966011
231 1658 -4.813324 0.365023 -0.107951 -0.026393 -0.018463 -0.003844 0.999474
2511 3863 1.642792 -3.294289 0.038587 0.651107 -0.010315 0.002606 0.758911
251 1614 0.588303 -4.806278 -0.152110 0.434402 0.001473 -0.022535 0.900436
173 1720 2.549919 -0.263504 0.038158 0.008678 -0.008539 -0.006284 0.999906
92 1796 4.407585 2.322016 -0.114267 0.009901 -0.000881 0.029790 0.999507
