idx1 idx2 t_1 t_2 t_3 q_1 q_2 q_3 q_4
574 1336 3.127426 0.123077 0.033039 0.999519 -0.000894 0.002098 -0.030936
794 1527 -3.247898 -1.162857 -0.052354 0.990536 0.004034 0.004153 0.137131
563 1319 -1.697205 1.325165 -0.015041 0.998611 -0.013515 0.001710 -0.050904
681 1428 -5.057289 -0.119675 -0.106789 0.999993 -0.000734 -0.003621 0.000327
21 2422 0.975941 2.265064 -0.011757 0.963052 -0.004601 -0.009365 -0.269112
786 1517 -5.060017 -1.259094 -0.069896 0.999615 0.010949 0.005122 0.024979
15 2417 3.174722 3.751328 -0.009457 0.924490 -0.004713 -0.010601 -0.381031
103 2497 -5.721359 -0.283214 -0.133891 0.999897 0.003228 -0.005356 -0.012922
624 1385 4.697090 -0.037674 0.096351 0.999987 0.000924 -0.004410 0.002379
795 1553 2.020210 0.742905 0.059180 0.982979 -0.002421 -0.009169 0.183475
551 1306 -2.825577 0.669189 -0.009099 0.983352 -0.012298 -0.002922 0.181268
687 1442 4.359085 -0.298035 0.056103 0.999954 0.007780 0.001758 -0.005430
805 2582 4.447693 -1.990776 0.032793 0.930039 0.012825 -0.000264 -0.367237
721 1471 3.826080 -0.099335 0.070564 0.999961 0.003080 -0.004339 0.007024
570 1333 3.830078 0.195419 0.044715 0.998859 -0.003714 0.001393 -0.047582
793 1557 4.072746 1.034485 0.069611 0.986741 -0.003731 -0.010970 0.161888
809 2574 -3.833328 3.485847 -0.054135 0.956291 -0.002907 -0.006318 -0.292334
788 1524 -2.407230 -1.061951 -0.043751 0.998289 0.012403 0.002457 0.057086
575 1336 2.268814 0.141190 0.030553 0.999681 -0.000355 0.001151 -0.025238
28 2435 4.197306 -0.079966 0.052966 0.999056 0.003707 -0.005803 -0.042884
775 1527 4.315002 -1.107376 0.085789 0.999769 0.018538 -0.004089 -0.010057
785 1554 5.951471 -0.182602 0.154250 0.997230 0.006886 -0.011527 0.073162
90 2494 2.911079 -0.282806 0.088265 0.999990 0.003707 -0.001451 0.002085
2308 2402 4.480882 0.518950 0.077728 0.994923 -0.008593 -0.005048 0.100144
74 2479 4.155510 -0.367409 0.087772 0.999985 0.003490 0.002564 0.003170
2309 2384 3.682663 0.394466 0.062251 0.996756 -0.006849 0.002714 0.080143
78 2482 3.056213 -0.338116 0.075785 0.999976 0.004887 0.000817 0.004925
2347 2410 2.252474 0.471886 0.022664 0.992012 -0.001858 0.000636 0.126126
801 2574 0.308937 3.811600 -0.011139 0.894839 0.001994 -0.009366 -0.446286
820 2586 2.526459 -0.985880 0.009499 0.998181 0.015494 0.001189 -0.058251
561 1312 -4.708755 1.513321 -0.024995 0.999898 -0.010694 0.004291 0.008490
589 1343 -3.693970 0.066650 -0.047175 0.999996 0.001588 -0.001671 -0.001514
576 1330 -3.654480 0.321014 -0.023604 0.999847 0.002778 -0.001085 -0.017272
2313 2364 2.539738 0.312607 0.039500 0.997550 -0.004574 0.002651 0.069755
80 2484 3.061180 -0.303087 0.091426 0.999987 0.002633 -0.004096 0.001458
821 2579 -5.565445 -0.328532 0.032794 0.999029 0.014999 0.012621 -0.039460
742 1492 5.645086 0.106339 0.127507 0.999961 -0.000771 0.000042 0.008741
82 2479 -4.507385 -0.372270 -0.045684 0.999996 0.000897 0.000145 0.002825
546 1301 -2.884048 -0.761383 -0.016753 0.930035 -0.007011 -0.002063 0.367398
902 2629 -4.274612 -0.843781 -0.019863 0.912160 0.018547 -0.001722 0.409412
72 2470 -3.515797 -0.411828 -0.013802 0.999966 0.004329 0.006401 0.003023
726 1477 5.670380 -0.046021 0.088328 0.999970 0.003809 0.003516 0.005669
797 1563 5.142929 2.766785 0.157701 0.975516 -0.012051 -0.006715 0.219496
845 2598 -2.507645 -0.384956 -0.020680 0.999995 0.002159 0.000564 0.002333
583 1344 2.564651 0.098297 0.054679 0.999993 0.000096 -0.002418 -0.002868
571 1322 -5.463089 0.887009 -0.024352 0.999109 0.003083 0.000880 -0.042092
828 2586 -2.514557 -0.767633 -0.014379 0.999861 0.003930 0.000465 0.016169
2326 2411 2.560569 0.589383 0.043345 0.989227 -0.003173 -0.002488 0.146332
551 1301 -4.979309 -0.328110 -0.045116 0.952804 -0.009587 -0.002417 0.303426
2345 2417 4.644001 1.784585 0.016879 0.959415 -0.009330 0.002785 0.281830
669 1425 3.364258 0.005920 0.055996 0.999956 -0.005629 -0.005513 -0.005153
862 2618 4.305527 -0.526825 0.126120 0.999955 -0.000791 -0.002578 -0.009085
2315 2409 3.918770 0.840886 0.044929 0.985775 -0.004215 0.001536 0.168010
759 1495 -5.524630 -0.047287 -0.091161 0.999939 -0.000424 0.001966 0.010834
801 1539 -2.742027 -0.559738 -0.041181 0.965700 -0.002693 -0.002049 0.259637
17 2411 0.216464 5.490341 -0.094285 0.861629 0.001109 -0.010563 -0.507427
881 2620 -4.362305 -0.833924 -0.076547 0.999937 0.006435 -0.001316 0.009110
95 2500 4.169159 -0.272539 0.129397 0.999992 0.001582 -0.003396 -0.001169
2352 2417 4.614020 1.803285 0.015623 0.959008 -0.009277 0.003019 0.283210
897 2628 -3.172760 -0.633987 -0.006045 0.955938 0.001566 0.004118 0.293535
908 2634 -4.603874 2.016312 0.112764 0.827060 0.014019 0.007596 0.561888
553 1316 1.738724 1.535431 0.023209 0.999350 -0.015506 -0.003626 0.032345
62 2461 -2.816330 -0.437457 -0.021884 0.999991 0.002240 0.002243 0.002759
61 2466 3.892048 -0.417433 0.099194 0.999980 0.005250 -0.003472 0.000215
784 1546 4.328568 -0.562057 0.109808 0.998684 0.013167 -0.004431 0.049364
790 1519 -5.332691 -1.517593 -0.074876 0.997534 0.008693 0.007087 0.069286
528 1300 4.323166 0.427017 0.076272 0.625080 -0.020009 0.001010 0.780304
13 2414 3.603986 4.653777 -0.064886 0.894378 -0.006933 -0.002263 -0.447254
54 2453 -3.338562 -0.429583 -0.032654 0.999976 0.005519 0.002926 -0.002908
671 1429 5.740372 -0.075836 0.101044 0.999921 -0.001051 -0.000487 -0.012526
538 1296 -0.417290 -3.081909 0.045748 0.756499 -0.021189 -0.000865 0.653651
786 1522 -2.538782 -1.095261 -0.041575 0.999240 0.013827 0.005329 0.036050
552 1321 5.455688 1.716888 0.084633 0.999847 -0.013976 -0.002141 0.010263
904 2634 -2.345078 2.663208 0.047035 0.881270 0.004198 0.011838 0.472447
573 1328 -2.666824 0.484543 -0.000955 0.999549 0.001027 0.001257 -0.029995
776 1522 1.885724 -1.063278 0.031207 0.999630 0.020491 -0.000198 -0.017872
747 1485 -5.372980 -0.048843 -0.094563 0.999994 0.002888 0.001385 -0.000929
662 1411 -4.758720 -0.022141 -0.083103 0.999999 0.001140 -0.000672 -0.000016
2307 2386 4.389295 0.398062 0.080731 0.996761 -0.006298 0.001501 0.080162
819 2580 -3.363678 -0.185272 0.003505 0.996922 0.016967 0.008802 -0.076037
873 2625 3.834290 -0.841972 0.092126 0.999632 0.003659 -0.002157 -0.026779
807 1561 -0.306412 3.381561 0.005981 0.916808 -0.013748 -0.002254 0.399086
716 1460 -3.894032 -0.287354 -0.086174 0.999984 0.005057 0.000892 0.002487
812 1546 -5.495926 -1.152031 -0.008998 0.876107 -0.004284 0.007824 0.482035
116 2504 -5.837173 -0.837543 -0.169963 0.999860 0.011177 -0.003685 0.011910
734 1477 -2.064991 -0.126831 -0.037257 0.999986 0.004204 -0.002105 0.002331
81 2478 -4.522110 -0.396286 -0.066080 0.999990 0.000008 -0.002120 0.003951
2311 2367 3.098974 0.362882 0.051560 0.997044 -0.006173 0.003227 0.076518
787 1522 -2.893059 -1.130249 -0.050623 0.998925 0.013544 0.005299 0.044026
64 2463 -2.704796 -0.429147 -0.016091 0.999994 0.001364 0.003168 0.000314
812 2582 2.075333 -0.756111 0.020513 0.975131 0.009731 -0.000499 -0.221416
640 1400 4.964989 0.014984 0.059983 0.999976 0.004083 0.003950 0.003977
835 2590 -3.357727 -0.575532 -0.009357 0.999917 -0.002812 0.001271 0.012533
134 2519 1.361465 3.228165 0.069880 0.937364 0.004595 0.004805 0.348288
1559 2574 -0.441543 2.017960 0.010849 0.728566 0.003181 0.006074 -0.684941
563 1325 2.492401 0.819122 0.018676 0.998041 -0.012972 0.000486 -0.061203
109 2511 4.661949 -0.857721 0.105661 0.999502 0.008725 0.002776 -0.030173
2363 2417 4.644035 1.782557 0.018073 0.959358 -0.009640 0.002623 0.282014
809 2577 -1.235580 1.713676 0.019264 0.957225 0.004651 -0.002198 -0.289300
533 1307 3.357323 2.445679 0.049743 0.836279 -0.021630 -0.007124 0.547831
900 2629 -3.520370 -0.459976 0.004512 0.931516 0.006932 0.003467 0.363619
567 1320 -3.774704 1.184021 -0.009598 0.998591 -0.004332 0.002170 -0.052843
858 2613 2.680557 -0.436110 0.061073 0.999952 -0.003179 0.001884 -0.009086
21 2425 2.652429 1.493925 0.026360 0.979053 -0.002560 -0.007751 -0.203441
742 1491 4.762718 0.087845 0.111672 0.999966 0.000392 -0.000224 0.008232
692 1447 5.015236 -0.346649 0.087159 0.999931 0.009050 -0.007377 0.000898
2320 2410 3.040442 0.600464 0.034504 0.989512 -0.002967 0.000720 0.144416
2315 2375 2.021616 0.243368 0.035146 0.998133 -0.004129 0.001921 0.060903
534 1305 2.689751 1.335449 0.054148 0.828465 -0.021248 -0.006124 0.559604
540 1293 -1.817848 -4.488174 0.012935 0.743698 -0.018647 -0.001862 0.668253
801 1559 1.789001 2.371445 0.040490 0.957579 -0.010519 -0.012205 0.287721
634 1387 -2.632614 -0.056610 -0.036079 0.999991 0.001275 -0.001580 -0.003809
2305 2378 5.182621 0.381177 0.115030 0.996972 -0.006747 -0.000748 0.077465
734 1476 -3.185247 -0.135880 -0.064638 0.999981 0.005251 -0.002331 0.002245
712 1462 2.486866 -0.230362 0.023456 0.999977 0.004253 -0.000532 0.005211
672 1422 -2.714081 -0.044022 -0.036936 0.999991 0.003240 0.002938 0.000034
2311 2407 4.490357 0.800015 0.050444 0.988489 -0.007486 -0.000541 0.151105
777 1531 4.401340 -1.060745 0.101414 0.999860 0.015793 -0.005518 -0.000558
814 2578 -2.705109 0.923744 0.025610 0.982987 0.009620 0.007104 -0.183285
735 1476 -4.132082 -0.137161 -0.086435 0.999974 0.006408 -0.002811 0.001922
2361 2418 5.027586 2.078143 0.008110 0.951718 -0.010008 0.002318 0.306800
880 2628 3.398621 -0.782571 0.074663 0.999860 0.010839 -0.010300 -0.007557
542 1294 -2.890579 -3.835831 -0.037776 0.793468 -0.011711 -0.002680 0.608493
830 2593 3.890488 -0.434072 0.056313 0.999861 0.000935 0.002846 0.016384
2313 2403 3.129147 0.472271 0.042806 0.995137 -0.007068 -0.004013 0.098172
28 2423 -4.338180 1.960827 -0.007017 0.969389 -0.011186 0.000046 -0.245274
649 1398 -5.992821 -0.049713 -0.111014 0.999985 0.002224 -0.004742 0.001773
723 1467 -2.747131 -0.183990 -0.065205 0.999994 0.001495 0.000658 0.003244
720 1462 -5.566246 -0.262238 -0.122857 0.999992 0.002829 -0.000316 0.002623
710 1455 -3.693085 -0.301926 -0.081863 0.999987 0.004795 -0.001401 -0.001305
25 2423 -1.728809 1.987643 -0.028723 0.968865 -0.007331 -0.007420 -0.247369
803 2573 -1.310806 4.612236 -0.002093 0.911211 0.000532 -0.003314 -0.411926
814 1563 -3.770157 3.832775 0.013551 0.844531 -0.012501 0.001069 0.535360
146 2519 -5.240969 2.413177 0.065738 0.780065 0.005908 0.002427 0.625665
41 2441 -2.814077 -0.291409 -0.027237 0.999958 0.003163 -0.004186 -0.007580
126 2508 -5.265999 -1.746761 -0.056320 0.986677 0.001230 0.000663 0.162686
2349 2411 2.553711 0.597803 0.017292 0.989194 -0.003653 0.001848 0.146554
2354 2410 2.253022 0.472516 0.022079 0.991784 -0.001873 0.000764 0.127908
750 1488 -4.939175 -0.022537 -0.099378 0.999995 0.003267 0.000065 -0.000258
144 2519 -4.170418 2.793106 0.072334 0.808046 0.007672 -0.001170 0.589068
796 1560 4.166237 1.946564 0.134911 0.978614 -0.008296 -0.013367 0.205103
2314 2389 2.256715 0.280505 0.038476 0.997789 -0.003940 0.001787 0.066327
726 1475 3.437830 -0.085495 0.053302 0.999979 0.003754 0.002693 0.004570
2320 2408 2.473804 0.403039 0.024399 0.994103 -0.001997 -0.002131 0.108402
629 1388 3.074875 -0.019257 0.053329 0.999947 0.002223 -0.001089 0.010011
1557 2579 0.723417 -3.227966 -0.021084 0.733049 0.018445 0.007840 -0.679880
1562 2579 -1.593366 -3.248962 -0.068226 0.734556 0.026352 0.004436 -0.678021
2306 2381 4.766613 0.401398 0.087840 0.996834 -0.006997 0.001112 0.079198
773 1507 -5.458681 -0.395569 -0.126307 0.999513 0.001346 -0.001721 -0.031135
815 1559 -5.182434 1.840542 0.017438 0.832284 -0.004792 -0.008031 0.554271
2305 2392 5.179622 0.389660 0.112610 0.996876 -0.006841 -0.001828 0.078660
811 1543 -5.477280 -1.453751 -0.020650 0.887821 -0.004854 0.006426 0.460119
596 1356 2.372284 0.034088 0.050759 0.999994 0.000009 0.001079 -0.003217
2336 2413 3.225015 0.904237 0.028849 0.982285 -0.007551 0.003467 0.187207
2357 2412 2.891618 0.748239 0.026432 0.985675 -0.005974 0.002507 0.168529
860 2608 -3.795059 -0.356142 -0.050552 0.999958 -0.000221 0.002222 -0.008948
850 2608 4.236618 -0.300849 0.091184 0.999992 -0.001036 0.003167 -0.002206
711 1462 3.486610 -0.221878 0.037261 0.999978 0.003667 -0.000574 0.005531
528 1301 4.273865 0.903259 0.068476 0.645462 -0.020923 0.000003 0.763505
133 2520 2.708939 3.773247 0.075819 0.945536 0.001393 0.006664 0.325448
737 1484 2.601385 -0.006500 0.057591 0.999978 0.000324 0.001205 0.006564
541 1298 -1.596123 -2.174469 -0.008345 0.838558 -0.017048 -0.004784 0.544525
555 1323 5.531067 1.434555 0.009388 0.999697 -0.017808 0.002831 -0.016751
801 1528 -4.880791 -1.807953 -0.077971 0.967839 -0.001890 0.003959 0.251533
562 1312 -5.317078 1.533310 -0.031568 0.999923 -0.010149 0.004078 0.005861
666 1423 4.155586 0.029907 0.058682 0.999990 -0.004196 -0.000870 -0.000859
2365 2416 4.288809 1.531594 0.016719 0.965891 -0.009690 0.003933 0.258737
554 1322 5.280365 1.539566 0.043584 0.999843 -0.016250 0.000396 -0.007086
142 2520 -2.650108 4.095215 0.059364 0.837561 0.001480 0.000459 0.546342
553 1309 -2.212234 1.093765 -0.013379 0.994021 -0.011504 0.000499 0.108578
862 2611 -2.294998 -0.415675 -0.031203 0.999942 -0.003098 -0.003801 -0.009531
64 2468 2.881920 -0.419977 0.054326 0.999968 0.005136 0.006093 0.000977
811 2575 -4.048462 2.625359 -0.036455 0.968720 -0.000087 -0.006262 -0.248077
811 1545 -5.250473 -1.120056 -0.022466 0.886661 -0.004990 0.006856 0.462342
1550 2580 3.177830 -4.185242 0.010632 0.741454 0.019227 -0.000282 -0.670728
2312 2380 2.837310 0.333689 0.040547 0.997287 -0.005604 0.002961 0.073332
772 1519 2.613893 -1.024170 0.042388 0.999256 0.021545 0.002141 -0.031919
811 1551 -4.517807 0.010689 -0.022929 0.881097 -0.008138 -0.000675 0.472865
1548 2571 2.761021 5.205048 -0.026394 0.739082 0.002041 -0.007254 -0.673573
797 1529 -3.579750 -1.216309 -0.081370 0.982619 0.000141 -0.000745 0.185632
2315 2407 3.415659 0.643326 0.038982 0.990842 -0.005616 -0.001874 0.134895
762 1512 4.944804 -0.685318 0.094912 0.998369 0.014929 0.002141 -0.055069
589 1350 2.958755 0.106461 0.065513 0.999999 -0.000145 -0.000694 0.000715
755 1502 2.992553 -0.037766 0.074107 0.999688 0.000923 -0.000948 -0.024939
803 1564 2.968094 4.083496 0.048497 0.946214 -0.007709 0.004833 0.323412
19 2427 5.429843 1.057059 -0.008116 0.986039 0.000466 -0.000724 -0.166511
2312 2382 2.818447 0.329945 0.042813 0.997300 -0.005643 0.003117 0.073155
541 1296 -1.993423 -3.011002 -0.017477 0.808780 -0.014865 -0.003419 0.587914
143 2516 -4.694523 0.119858 -0.038540 0.825103 0.011169 -0.006463 0.564835
876 2626 3.325241 -0.898742 0.076459 0.999604 0.008951 -0.002948 -0.026518
691 1438 -3.952007 -0.268005 -0.097431 0.999948 0.001538 -0.003502 -0.009434
1542 2578 4.728338 -1.966415 0.095375 0.748753 0.013930 -0.005609 -0.662679
893 2626 -3.384583 -1.062210 -0.054162 0.978022 -0.003792 0.003524 0.208438
808 1565 0.598129 5.002335 0.001684 0.907430 -0.009711 0.007390 0.420025
533 1306 3.141412 1.986450 0.056526 0.824508 -0.020612 -0.007104 0.565430
891 2623 -5.301041 -1.794769 -0.041850 0.985376 -0.003935 0.004465 0.170291
595 1347 -5.266983 0.062881 -0.069983 0.999997 0.001782 -0.000004 -0.001820
721 1464 -4.230042 -0.235352 -0.094422 0.999992 0.002007 -0.000130 0.003398
632 1385 -2.707954 -0.069778 -0.039685 0.999992 0.000058 -0.001397 -0.003610
780 1543 5.449881 -0.871368 0.150920 0.999613 0.015779 -0.008287 0.021344
529 1304 3.942150 2.058792 0.052318 0.721734 -0.025108 -0.004032 0.691704
1553 2577 2.025057 -1.061142 0.019708 0.735630 0.009413 -0.000259 -0.677319
799 1528 -4.363388 -1.540009 -0.102445 0.976299 -0.001718 0.000326 0.216419
562 1315 -3.577271 1.492996 -0.031942 0.999727 -0.013203 -0.000375 -0.019271
805 1547 -2.747505 0.043243 0.021662 0.938740 -0.001135 0.006786 0.344556
773 1526 5.069007 -1.138290 0.088760 0.999661 0.019942 -0.002621 -0.016504
141 2517 -3.437778 1.432457 -0.008110 0.854201 0.006675 -0.004500 0.519881
837 2590 -4.950317 -0.559775 -0.012491 0.999940 -0.001187 0.002769 0.010530
850 2599 -5.526917 -0.345546 -0.104628 0.999993 -0.001224 -0.003227 -0.001255
874 2625 3.326355 -0.856316 0.079916 0.999610 0.004082 -0.002187 -0.027552
35 2440 2.226398 -0.245607 0.037642 0.999941 0.002151 -0.003912 -0.009879
544 1296 -3.555847 -2.705933 -0.049879 0.852131 -0.009465 -0.002628 0.523237
41 2449 5.899214 -0.341197 0.063250 0.999975 0.003072 0.002576 -0.005818
623 1382 2.708939 -0.072754 0.056276 0.999992 0.000081 -0.003836 -0.001076
80 2486 5.196617 -0.288593 0.138732 0.999995 0.001335 -0.001982 0.002067
74 2478 3.070427 -0.378084 0.071280 0.999988 0.002842 0.002160 0.003171
634 1394 4.443413 0.056488 0.068708 0.999930 -0.001366 -0.004258 0.010920
681 1435 2.534149 -0.178665 0.032957 0.999939 0.002147 -0.004330 -0.009945
586 1340 -3.755951 0.104568 -0.042845 0.999994 0.000134 -0.002273 -0.002636
2313 2410 4.724095 1.087923 0.045615 0.980644 -0.006351 0.003446 0.195666
134 2513 -3.196587 -0.718300 -0.030468 0.938038 0.009711 0.002591 0.346388
86 2482 -5.579506 -0.365094 -0.113858 0.999981 0.005177 -0.002784 0.002041
842 2594 -4.494232 -0.454196 -0.061450 0.999974 0.004062 -0.002001 0.005663
624 1383 2.753830 -0.059631 0.055115 0.999988 0.001309 -0.004730 -0.000410
140 2515 -3.975403 -0.144127 -0.029340 0.869942 0.011012 -0.003879 0.493015
602 1365 5.374573 -0.051971 0.117939 0.999990 0.000839 -0.001836 -0.004117
776 1514 -2.403808 -0.839966 -0.058332 0.999262 0.014237 -0.001359 -0.035636
740 1479 -5.462303 -0.118149 -0.104406 0.999991 0.004057 -0.001156 0.000791
131 2520 3.741753 3.400276 0.099431 0.960556 -0.000624 0.003895 0.278060
567 1322 -2.406082 1.029724 0.001516 0.998251 -0.002237 0.001593 -0.059055
676 1425 -3.414223 -0.066727 -0.074899 0.999992 -0.001015 -0.003835 -0.000358
851 2607 2.371613 -0.310782 0.062720 0.999994 -0.002368 0.001520 -0.002292
761 1510 4.329005 -0.534760 0.086745 0.998472 0.010999 0.001824 -0.054118
686 1440 3.104370 -0.274963 0.032981 0.999951 0.007258 0.000076 -0.006756
2348 2415 3.921430 1.326783 0.023738 0.971428 -0.009375 0.004403 0.237111
107 2511 5.829567 -0.857446 0.139623 0.999513 0.006436 0.002507 -0.030435
607 1359 -4.633301 -0.056168 -0.066438 1.000000 0.000379 0.000634 -0.000403
121 2515 3.215012 -0.122185 0.076140 0.998188 0.009482 -0.007706 0.058928
555 1317 1.475891 1.504639 -0.003171 0.999795 -0.018826 0.002683 0.006935
30 2425 -5.019688 1.459748 0.002958 0.978908 -0.006761 0.002370 -0.204175
592 1346 -3.535202 0.061523 -0.043591 0.999996 0.002010 -0.001327 -0.001088
580 1336 -2.061172 0.156448 -0.021956 0.999984 0.000593 -0.002995 -0.004627
808 2581 2.668518 -0.765862 0.041117 0.951754 0.011364 -0.000585 -0.306651
633 1384 -4.636635 -0.053055 -0.070495 0.999970 -0.000964 -0.001808 -0.007476
19 2410 -1.389005 5.752672 -0.105413 0.850413 -0.000245 -0.011074 -0.525999
865 2621 4.953751 -0.609658 0.108898 0.999921 0.003929 -0.000150 -0.011991
711 1455 -4.708530 -0.301300 -0.111459 0.999980 0.005365 -0.002449 -0.002389
646 1405 4.400894 0.048309 0.070443 0.999988 -0.003603 -0.001900 0.002701
122 2517 4.820259 0.306149 0.120906 0.996921 0.006530 -0.004895 0.077990
105 2500 -4.031097 -0.356547 -0.070074 0.999851 0.005939 -0.003062 -0.015891
812 1557 -3.934082 1.580353 -0.020120 0.865589 -0.007492 -0.005989 0.500664
818 2577 -5.936584 0.569626 -0.004424 0.995097 0.009426 0.001135 -0.098443
545 1299 -3.172043 -1.471741 -0.034762 0.900301 -0.008473 -0.002902 0.435177
677 1425 -4.387924 -0.079987 -0.100698 0.999987 -0.001789 -0.004714 0.001035
714 1466 5.120998 -0.150040 0.072453 0.999958 0.003949 0.000296 0.008303
658 1407 -5.135246 -0.032791 -0.091726 1.000000 -0.000087 -0.000534 0.000816
92 2490 -3.299110 -0.315133 -0.049242 0.999995 0.001950 -0.002399 0.001080
2324 2411 2.688495 0.610890 0.049400 0.988884 -0.004630 -0.003692 0.148574
553 1317 2.360138 1.578232 0.033356 0.999610 -0.015400 -0.002497 0.023180
561 1317 -1.746429 1.423752 -0.014904 0.999355 -0.014094 0.000875 -0.033028
799 2580 4.633789 -1.629501 0.131405 0.880773 0.021234 -0.006836 -0.473013
24 2415 -4.151448 4.288463 -0.146810 0.902008 -0.004325 -0.012223 -0.431525
666 1415 -4.396751 -0.030441 -0.090876 0.999996 0.001171 -0.002472 0.000155
79 2475 -5.625885 -0.411122 -0.095996 0.999979 0.003150 -0.005035 0.002677
711 1463 4.661930 -0.201385 0.060407 0.999972 0.002831 -0.000799 0.006890
644 1401 2.116356 0.020035 0.033587 0.999994 -0.001066 -0.000226 0.003177
801 1536 -3.249252 -0.868149 -0.046681 0.966474 -0.002811 0.000149 0.256748
127 2519 4.739479 1.946705 0.106379 0.983626 0.000884 0.001776 0.180213
2311 2366 3.118658 0.363542 0.049418 0.997036 -0.006005 0.003118 0.076644
2305 2371 5.179354 0.380469 0.115191 0.996863 -0.006757 -0.000646 0.078861
531 1296 3.333103 -2.169312 0.084197 0.608059 -0.018031 -0.000767 0.793686
534 1308 3.407927 2.665527 0.045457 0.863034 -0.023109 -0.005511 0.504587
781 1513 -5.434500 -0.966537 -0.104334 0.999821 0.010014 0.000546 -0.016068
1562 2575 -1.872060 0.966873 -0.005335 0.730449 0.012164 0.000230 -0.682859
2320 2416 5.029013 1.742345 0.024971 0.961087 -0.010638 0.004122 0.276011
785 1542 3.127386 -0.587357 0.078715 0.998592 0.012159 -0.004661 0.051418
2349 2418 5.004380 2.101521 0.006597 0.951428 -0.009603 0.002662 0.307710
605 1359 -2.871048 -0.039429 -0.038589 0.999999 0.000681 0.000006 -0.001284
103 2506 3.499474 -0.537851 0.125274 0.999743 0.001488 -0.010753 -0.019897
2310 2389 3.381291 0.377012 0.051851 0.996975 -0.006748 0.003327 0.077359
2353 2413 3.233305 0.894419 0.028555 0.982390 -0.007504 0.003361 0.186660
544 1297 -3.303833 -2.316223 -0.045491 0.865862 -0.011133 -0.003297 0.500148
85 2482 -4.472771 -0.364235 -0.072909 0.999983 0.004958 -0.000774 0.002992
661 1411 -3.792686 -0.022491 -0.070780 1.000000 0.000106 -0.001091 -0.000009
805 1533 -4.912018 -1.762222 0.014627 0.942944 -0.001305 0.009074 0.332824
2308 2392 4.040667 0.402627 0.072043 0.996760 -0.007070 0.000470 0.080121
2309 2394 3.727925 0.404176 0.063387 0.996687 -0.007122 0.001751 0.080998
2355 2410 2.261430 0.455758 0.023678 0.992136 -0.001895 0.000542 0.125148
774 1511 -3.277521 -0.646820 -0.076266 0.999119 0.008888 -0.001027 -0.040998
115 2515 5.586411 -0.774855 0.180010 0.999754 0.013061 -0.015135 -0.009629
796 1526 -4.136635 -1.456009 -0.089192 0.986328 0.002553 0.001033 0.164773
782 1534 2.761921 -0.865997 0.059271 0.999524 0.013223 -0.004361 0.027546
774 1513 -1.991671 -0.766800 -0.045446 0.999071 0.013017 -0.000479 -0.041087
76 2479 1.980240 -0.382881 0.060073 0.999984 0.004108 0.000960 0.003701
652 1401 -5.711998 -0.048874 -0.078899 0.999989 0.004351 0.000088 0.001577
572 1326 -3.373764 0.600250 -0.009825 0.999343 0.002273 0.000607 -0.036157
825 2584 -2.662384 -0.801901 -0.006670 0.999962 0.007710 0.002840 0.002792
773 1508 -4.789313 -0.454208 -0.106737 0.999358 0.003097 -0.001748 -0.035652
785 1548 4.327757 -0.431396 0.104991 0.998173 0.008141 -0.006082 0.059558
80 2478 -3.428947 -0.370347 -0.043946 0.999994 0.000253 -0.002446 0.002489
874 2627 5.175507 -0.952063 0.123205 0.999511 0.007817 -0.005834 -0.029718
762 1508 2.243390 -0.370422 0.050313 0.998851 0.005898 0.000695 -0.047558
618 1368 -5.967834 -0.073700 -0.073400 0.999995 0.000025 0.000945 0.003092
817 2584 1.893799 -0.947979 0.016426 0.992994 0.012983 -0.001644 -0.117436
27 2425 -2.310607 1.480847 -0.004334 0.978799 -0.007231 -0.000789 -0.204692
600 1353 -4.036453 0.023651 -0.054867 0.999995 0.000583 -0.002110 -0.002453
740 1489 4.742323 0.063126 0.105390 0.999967 -0.000509 0.000333 0.008099
629 1379 -5.668983 -0.117554 -0.062210 0.999994 0.001980 0.002448 -0.001602
1554 2581 2.023773 -5.299515 -0.027615 0.736369 0.015331 -0.000958 -0.676406
866 2622 5.202591 -0.641120 0.120574 0.999895 0.005421 -0.000837 -0.013386
615 1367 -4.261124 -0.058502 -0.053325 0.999999 -0.000222 -0.000153 0.001649
28 2425 -3.197922 1.461659 0.005625 0.979034 -0.007051 0.001824 -0.203566
558 1325 5.471786 1.067337 0.015528 0.999053 -0.019615 0.002096 -0.038781
90 2487 -4.419365 -0.349163 -0.056409 0.999991 0.004001 -0.000760 0.000677
68 2466 -3.647854 -0.427394 -0.061009 0.999972 -0.000429 -0.007415 0.000673
2351 2414 3.548822 1.096788 0.027837 0.977288 -0.009131 0.003650 0.211689
750 1490 -3.066183 -0.009735 -0.060241 0.999994 0.003064 -0.000334 0.001430
25 2418 -3.995510 3.400346 -0.085340 0.931584 -0.006990 -0.011193 -0.363287
776 1511 -4.324993 -0.684433 -0.105867 0.999284 0.008741 -0.002135 -0.036749
747 1493 2.142706 0.042953 0.052052 0.999991 -0.000918 0.001004 0.004065
2342 2410 2.255217 0.474538 0.022741 0.991844 -0.001844 0.000711 0.127447
712 1458 -2.197212 -0.286514 -0.053476 0.999984 0.005309 -0.001787 0.000502
785 1517 -4.678846 -1.191833 -0.064855 0.999768 0.011615 0.004705 0.017504
559 1310 -4.642822 1.397247 -0.021958 0.998849 -0.011807 0.005704 0.046137
558 1320 1.932144 1.338959 -0.004008 0.999277 -0.020398 0.003223 -0.031925
567 1328 2.030182 0.523056 0.029784 0.998335 -0.006044 0.001754 -0.057336
539 1307 1.797424 1.296463 0.023981 0.918986 -0.026599 -0.007096 0.393328
861 2617 4.089645 -0.514687 0.115407 0.999945 -0.001765 -0.003252 -0.009790
704 1451 -2.294964 -0.310287 -0.059248 0.999995 0.001841 -0.002118 0.001648
814 2576 -4.677368 1.693008 0.025184 0.982423 0.005734 -0.000113 -0.186578
53 2458 3.425171 -0.421154 0.078712 0.999999 0.001357 -0.000593 0.000061
106 2499 -5.735199 -0.321046 -0.090881 0.999825 0.007090 -0.001668 -0.017247
888 2625 -2.519867 -0.925072 -0.022167 0.994025 0.004855 0.004689 0.108946
661 1418 3.696785 0.002365 0.052343 0.999998 -0.001769 0.001090 0.000629
741 1480 -5.288242 -0.095947 -0.105282 0.999993 0.003364 -0.000984 0.000916
796 1522 -5.647934 -1.985687 -0.112106 0.987540 0.003214 0.004832 0.157261
533 1297 2.274845 -2.136902 0.055400 0.672737 -0.017436 -0.003498 0.739668
26 2418 -4.855381 3.380657 -0.080179 0.932089 -0.009140 -0.009259 -0.361996
649 1407 3.610207 0.054276 0.060768 0.999992 -0.003211 -0.002331 0.001104
584 1339 -2.907257 0.119370 -0.029645 0.999994 -0.001065 -0.002582 -0.002325
96 2493 -4.037338 -0.299304 -0.072526 0.999987 0.000572 -0.004783 -0.001714
2309 2393 3.716401 0.399714 0.060055 0.996837 -0.006968 0.001573 0.079151
811 2582 2.444839 -0.883682 0.035242 0.970258 0.009223 -0.002706 -0.241885
792 2575 4.578846 1.983353 0.090886 0.822800 0.008568 -0.006273 -0.568231
2313 2378 2.547962 0.311484 0.039090 0.997588 -0.004688 0.002464 0.069218
796 1535 -1.960892 -0.657700 -0.032267 0.984601 0.000298 -0.003598 0.174779
30 2438 5.071705 -0.196712 0.084144 0.999790 -0.001041 -0.006431 -0.019411
2308 2401 4.359853 0.491838 0.073085 0.995547 -0.008282 -0.005194 0.093754
2357 2416 4.280439 1.548387 0.015128 0.965589 -0.009596 0.003931 0.259864
800 2573 0.162689 4.591690 -0.025234 0.886432 0.001985 -0.011452 -0.462713
101 2503 2.015038 -0.426115 0.075999 0.999892 0.000758 -0.003090 -0.014370
554 1308 -3.157791 1.028107 -0.013703 0.993101 -0.014255 0.001054 0.116385
566 1320 -3.045090 1.200684 -0.012490 0.998458 -0.007188 0.002056 -0.055006
892 2633 2.960938 1.536583 0.069000 0.979522 -0.005724 -0.000614 0.201253
1567 2577 -4.543655 -1.083344 -0.053985 0.731569 0.012458 -0.008554 -0.681599
2361 2417 4.647368 1.772393 0.017244 0.959506 -0.009669 0.002606 0.281512
537 1306 2.031326 1.209671 0.040839 0.885022 -0.024980 -0.006180 0.464838
778 1530 3.673819 -1.035858 0.081955 0.999860 0.015729 -0.005246 0.002323
746 1486 -3.523474 -0.031601 -0.059000 0.999995 0.002808 0.001534 0.000574
832 2593 2.409012 -0.441833 0.049992 0.999882 0.000270 0.002450 0.015185
35 2443 5.271151 -0.274209 0.071077 0.999961 0.000036 -0.002928 -0.008373
553 1305 -4.177811 0.592773 -0.031806 0.981999 -0.011410 -0.003452 0.188507
761 1511 5.011411 -0.611420 0.097806 0.998358 0.013566 0.002246 -0.055612
770 1520 4.290181 -1.073792 0.072891 0.999209 0.022319 0.002270 -0.032819
1556 2581 1.284834 -5.316498 -0.056593 0.733746 0.015632 0.002348 -0.679240
798 1527 -4.399750 -1.550812 -0.106077 0.980131 -0.000049 0.000089 0.198351
78 2474 -5.617424 -0.425437 -0.089041 0.999965 0.006116 -0.005450 0.001867
2306 2385 4.759421 0.402942 0.087155 0.996787 -0.006939 0.001067 0.079787
2337 2417 4.622926 1.799398 0.014789 0.959182 -0.009215 0.003055 0.282622
893 2632 1.637909 1.265991 0.045981 0.976046 -0.003178 -0.004960 0.217484
654 1406 -2.322563 0.000458 -0.039711 0.999999 -0.000608 -0.000506 0.001095
2304 2391 5.591167 0.394230 0.153062 0.996913 -0.007201 -0.004210 0.078065
731 1474 -2.548904 -0.126663 -0.053076 0.999991 0.003203 -0.002586 0.000312
137 2517 -1.568436 1.845863 0.046585 0.906262 0.009814 0.000674 0.422602
899 2627 -4.558182 -1.476822 0.027350 0.940587 -0.002088 0.012594 0.339314
719 1464 -2.235279 -0.223480 -0.061971 0.999985 0.002637 -0.000733 0.004635
736 1476 -5.084045 -0.152817 -0.102511 0.999977 0.005922 -0.002627 0.001989
891 2632 2.514267 1.024895 0.069935 0.984449 -0.001277 -0.004464 0.175611
35 2432 -4.887836 0.118902 -0.024135 0.996581 0.012045 0.000317 -0.081732
789 1519 -5.026302 -1.407150 -0.082367 0.998312 0.010833 0.005896 0.056754
699 1452 3.811581 -0.260010 0.048793 0.999953 0.004649 -0.000505 0.008474
832 2594 3.527817 -0.408076 0.065137 0.999885 0.001167 0.000156 0.015109
866 2611 -5.069473 -0.411980 -0.082325 0.999928 -0.001068 -0.002295 -0.011691
827 2590 2.626541 -0.627379 0.036495 0.999916 0.004012 0.001482 0.012189
2321 2412 3.450136 0.845026 0.050545 0.983788 -0.005898 0.001241 0.179236
530 1296 3.818924 -1.931183 0.096529 0.584754 -0.018880 0.000042 0.810991
791 1551 2.863949 0.215836 0.061988 0.991970 0.000898 -0.006657 0.126297
39 2436 -5.493158 -0.185139 -0.074726 0.999436 0.008806 -0.005311 -0.031979
547 1296 -4.975296 -2.282318 -0.042764 0.882088 -0.005283 -0.000944 0.471055
1536 2575 5.523987 1.258224 0.087454 0.750496 0.005348 -0.010042 -0.660777
781 1514 -4.798632 -0.986542 -0.092888 0.999824 0.011381 0.000788 -0.014874
111 2511 3.565163 -0.843688 0.084254 0.999569 0.011795 0.001248 -0.026855
26 2434 5.073418 -0.016022 0.102207 0.998405 0.006111 -0.010748 -0.055090
118 2505 -5.592232 -0.986676 -0.129679 0.999495 0.010033 -0.003676 0.029937
544 1315 4.308289 2.472168 0.039562 0.986292 -0.017672 -0.004841 0.163990
588 1352 5.759186 0.120590 0.119907 0.999999 -0.000168 -0.001621 0.000753
769 1520 4.907087 -1.084427 0.088315 0.999163 0.022189 0.002318 -0.034273
2356 2416 4.293643 1.550360 0.015007 0.965564 -0.009466 0.004062 0.259960
808 1551 -3.254395 0.452385 -0.004380 0.911087 -0.007259 -0.000962 0.412149
1567 2574 -4.728046 2.056335 -0.107828 0.729422 0.003873 -0.008892 -0.683995
2364 2417 4.646963 1.783205 0.017850 0.959314 -0.009619 0.002664 0.282164
600 1355 -2.147690 0.011292 -0.024854 0.999994 0.000384 0.000625 -0.003373
578 1333 -2.858887 0.231140 -0.027491 0.999936 0.001905 -0.002837 -0.010802
898 2630 -2.037857 0.380844 0.009069 0.948148 0.002350 0.002745 0.317808
859 2606 -5.113770 -0.322910 -0.058828 0.999971 -0.001112 0.002707 -0.007088
852 2608 2.581268 -0.330273 0.073551 0.999984 -0.001142 0.001585 -0.005223
2339 2411 2.565138 0.596176 0.016205 0.989205 -0.003668 0.001844 0.146483
893 2624 -5.112640 -1.848099 -0.061729 0.977506 -0.006420 0.003582 0.210782
821 2581 -3.465302 -0.490663 0.002265 0.999075 0.015741 0.008488 -0.039111
663 1421 4.964355 0.018295 0.062644 0.999998 -0.001841 0.001020 0.000678
761 1507 2.297076 -0.298767 0.051942 0.999023 0.005423 0.001304 -0.043831
723 1466 -3.917366 -0.196686 -0.084381 0.999994 0.000893 0.000803 0.003224
803 1563 2.527260 3.758224 0.049452 0.946474 -0.010739 0.001203 0.322600
796 1530 -3.022278 -1.047226 -0.065032 0.985291 0.000400 -0.000592 0.170884
895 2628 -2.452896 -0.431519 -0.030985 0.968599 0.002233 -0.001173 0.248615
543 1299 -2.265396 -1.649643 -0.023266 0.878543 -0.012893 -0.003437 0.477477
139 2516 -3.064690 0.874893 0.008516 0.883073 0.009703 -0.002834 0.469127
1558 2581 0.456001 -5.337997 -0.092436 0.732723 0.017238 0.005422 -0.680287
650 1409 4.743469 0.079742 0.085583 0.999996 -0.001974 -0.001543 0.000906
882 2621 -3.876175 -0.890907 -0.067584 0.999805 0.005574 -0.001202 0.018891
2333 2412 2.897648 0.743451 0.025233 0.985941 -0.005607 0.002844 0.166975
677 1424 -5.447746 -0.090714 -0.123118 0.999993 -0.000172 -0.002410 0.002717
598 1361 5.248459 -0.015091 0.102191 0.999985 0.000383 -0.000277 -0.005396
813 1556 -4.625977 1.052376 0.003131 0.854804 -0.004564 -0.003583 0.518919
908 2632 -5.315628 0.202469 0.061875 0.831665 0.021715 0.001395 0.554851
788 1551 3.903534 -0.078720 0.107822 0.995766 0.005624 -0.009760 0.091228
862 2609 -4.257950 -0.369528 -0.075016 0.999950 -0.001213 0.000270 -0.009888
2328 2413 3.211613 0.921720 0.058425 0.981785 -0.007517 -0.000233 0.189847
681 1438 5.807083 -0.240692 0.105633 0.999915 0.005346 -0.003784 -0.011294
127 2517 2.813362 1.212189 0.079841 0.983694 0.004292 -0.003611 0.179762
561 1325 3.746231 0.858170 0.026215 0.998333 -0.014251 0.000971 -0.055916
811 1562 -2.225586 3.682007 -0.025527 0.877000 -0.016180 -0.001721 0.480215
622 1374 -3.962318 -0.079803 -0.059316 0.999994 -0.002809 -0.001973 0.000819
2353 2419 5.376738 2.381401 0.000982 0.944144 -0.009486 0.004807 0.329360
1539 2576 5.070141 0.154022 0.080365 0.748431 0.007546 -0.007993 -0.663122
591 1344 -4.539673 0.072372 -0.065740 0.999995 0.002302 -0.001759 -0.001529
525 1304 4.951279 3.153320 0.024370 0.644676 -0.021381 -0.000449 0.764157
768 1504 -4.600933 -0.182388 -0.098214 0.999734 -0.002145 -0.001966 -0.022871
810 1542 -5.222061 -1.403282 -0.022045 0.898394 -0.005098 0.005420 0.439128
47 2447 -2.692062 -0.377486 -0.027561 0.999966 0.002446 -0.004249 -0.006667
2319 2406 2.208144 0.326376 0.025777 0.996072 -0.005110 -0.004233 0.088300
826 2585 -2.290268 -0.794783 -0.011294 0.999950 0.005009 0.002332 0.008374
806 1540 -4.136887 -0.971794 0.007316 0.934054 -0.003473 0.005321 0.357075
838 2597 2.086304 -0.349338 0.040559 0.999965 -0.000774 0.002660 0.007811
2313 2374 2.540008 0.308699 0.041083 0.997571 -0.004745 0.002609 0.069445
542 1296 -2.540398 -2.944595 -0.033044 0.824194 -0.012864 -0.003240 0.566152
2325 2419 5.410294 2.402537 0.058948 0.943679 -0.010706 0.000109 0.330690
861 2608 -4.539795 -0.360184 -0.078392 0.999959 -0.000048 0.001290 -0.008993
2346 2412 2.894655 0.748830 0.026655 0.985754 -0.005841 0.002635 0.168073
833 2595 3.834671 -0.390079 0.081553 0.999893 0.000522 -0.002236 0.014451
818 2578 -4.873596 0.361050 -0.004002 0.995094 0.012225 0.005795 -0.098000
651 1411 5.950066 0.059494 0.105656 0.999999 -0.001152 -0.001171 -0.000051
17 2415 1.204372 4.301203 -0.050035 0.904059 -0.002987 -0.005092 -0.427368
568 1321 -3.841736 1.081360 -0.004308 0.998525 -0.000690 0.001684 -0.054266
733 1474 -4.473330 -0.142380 -0.092903 0.999983 0.004713 -0.003282 0.000384
544 1295 -3.788025 -3.148331 -0.050586 0.837671 -0.008563 -0.002532 0.546102
1552 2579 2.488406 -3.182617 0.015114 0.738444 0.018692 0.001602 -0.674053
534 1304 2.476516 0.906921 0.050768 0.813559 -0.022150 -0.005807 0.581031
139 2512 -5.245567 -2.406601 -0.079582 0.882306 0.006516 0.004979 0.470606
802 1538 -3.219963 -0.754211 -0.030848 0.960866 -0.001230 0.001203 0.277009
858 2608 -2.207840 -0.358200 -0.010327 0.999957 -0.001021 0.004645 -0.007975
1547 2572 3.061915 4.202332 -0.015437 0.740669 0.001353 -0.008528 -0.671815
589 1351 3.923782 0.114212 0.089706 0.999998 0.001080 -0.001405 0.001156
53 2450 -5.710155 -0.403111 -0.077908 0.999971 0.003583 -0.001628 -0.006453
906 2633 -3.903038 1.551010 0.068896 0.856813 0.009924 0.010786 0.515418
81 2487 5.162788 -0.272472 0.130630 0.999990 0.000641 0.000596 0.004466
643 1393 -5.305054 -0.046707 -0.097829 0.999992 -0.003683 -0.001766 0.000162
655 1414 5.262024 0.025970 0.085615 0.999999 -0.001017 0.000110 -0.001294
2359 2418 5.024976 2.093758 0.006534 0.951322 -0.009868 0.002375 0.308032
713 1458 -3.209782 -0.296722 -0.070346 0.999982 0.005825 -0.001440 0.000763
708 1459 2.997406 -0.231094 0.028936 0.999979 0.003216 0.001115 0.005475
2315 2402 2.464699 0.357348 0.037227 0.996681 -0.005855 -0.004798 0.081050
114 2506 -2.961853 -0.704424 -0.087606 0.999878 0.011025 -0.009687 -0.005306
753 1500 3.008265 0.006027 0.076639 0.999867 -0.002053 -0.001554 -0.016099
34 2431 -4.705257 0.247640 -0.012698 0.995160 0.010877 0.001181 -0.097656
724 1474 4.255905 -0.072540 0.093516 0.999968 0.004440 -0.002139 0.006363
812 1548 -5.292297 -0.793335 -0.014369 0.874518 -0.006661 0.004107 0.484930
2354 2417 4.626066 1.797475 0.014888 0.958994 -0.009310 0.002988 0.283256
794 1525 -3.903236 -1.341537 -0.058251 0.991042 0.004167 0.005296 0.133379
807 1546 -3.640533 -0.290031 -0.000755 0.923718 -0.004386 0.006958 0.382984
87 2484 -4.466919 -0.336492 -0.084533 0.999964 0.005512 -0.006409 -0.000766
703 1448 -4.712173 -0.360504 -0.111520 0.999980 0.004896 -0.003987 -0.001034
94 2499 4.088493 -0.261125 0.125837 0.999990 0.001911 -0.003931 0.000781
2322 2413 3.574863 0.990604 0.070729 0.980274 -0.007565 -0.000684 0.197498
2307 2380 4.414966 0.397890 0.080546 0.996783 -0.006420 0.001291 0.079873
846 2598 -3.349564 -0.381757 -0.039247 0.999998 0.001473 -0.000283 0.001597
143 2520 -3.247036 3.953339 0.077160 0.822061 0.003890 0.000463 0.569387
2309 2372 3.698042 0.394672 0.062020 0.996972 -0.006958 0.002570 0.077405
896 2625 -5.130096 -1.998619 -0.022600 0.961547 -0.002543 0.008741 0.274489
535 1295 1.231691 -3.382263 0.068351 0.676612 -0.017429 -0.000468 0.736134
817 2585 2.923615 -1.181747 0.020803 0.992971 0.011375 -0.001840 -0.117791
756 1505 4.496125 -0.207230 0.102398 0.999202 0.002480 0.000810 -0.039860
2311 2389 3.086857 0.360850 0.051180 0.997051 -0.006007 0.003059 0.076450
791 1548 2.151451 0.020905 0.043031 0.992880 0.002179 -0.003033 0.119062
19 2421 2.043238 2.523412 -0.026961 0.956709 -0.004103 -0.000087 -0.291019
565 1331 5.824097 0.235016 0.051744 0.997844 -0.013044 0.001166 -0.064307
788 1518 -5.243942 -1.375458 -0.083448 0.998946 0.011176 0.005293 0.044194
724 1475 5.390663 -0.054428 0.117068 0.999969 0.004011 -0.000544 0.006713
813 1557 -4.453796 1.405922 -0.000566 0.854509 -0.005619 -0.005284 0.519379
2310 2402 3.843476 0.500073 0.052409 0.995117 -0.008479 -0.003292 0.098282
2344 2418 5.002254 2.087503 0.007036 0.951840 -0.009606 0.002687 0.306431
134 2520 2.140533 3.921509 0.083077 0.936452 0.004145 0.007425 0.350694
2317 2412 4.335406 1.178782 0.025918 0.977122 -0.010754 0.005530 0.212337
1549 2573 2.771875 3.131790 0.003468 0.739110 0.000802 -0.002273 -0.673581
553 1319 3.661438 1.620712 0.051531 0.999813 -0.016142 -0.001225 0.010580
614 1366 -4.291382 -0.072525 -0.062636 0.999998 -0.000825 -0.000957 0.001416
681 1437 4.705376 -0.214981 0.081358 0.999925 0.003266 -0.004579 -0.010897
587 1342 -2.846436 0.082489 -0.033294 0.999995 0.000513 -0.001600 -0.002835
703 1450 -2.443405 -0.329666 -0.061988 0.999988 0.003629 -0.002712 0.001933
63 2467 2.832367 -0.426015 0.064829 0.999987 0.004481 0.001872 0.001578
99 2496 -3.543221 -0.286143 -0.057599 0.999968 0.000742 -0.003179 -0.007303
2316 2400 2.002168 0.274435 0.026409 0.997915 -0.005827 -0.003696 0.064178
701 1446 -4.976192 -0.377884 -0.114731 0.999968 0.005592 -0.005624 -0.001046
667 1416 -4.286484 -0.028214 -0.084379 0.999997 0.001023 -0.002263 0.000062
807 1557 -1.520279 2.035881 -0.007166 0.915285 -0.009118 -0.006399 0.402654
793 2577 4.991394 0.175995 0.101273 0.831655 0.013377 -0.003418 -0.555122
1566 2574 -4.119040 2.070877 -0.119972 0.728502 0.003891 -0.010234 -0.684956
2317 2410 3.725491 0.848638 0.027693 0.985079 -0.006770 0.003544 0.171931
883 2629 3.076828 -0.524818 0.059762 0.999556 0.011058 -0.012294 0.024797
717 1461 -3.742413 -0.268417 -0.086485 0.999984 0.004142 0.000200 0.003737
24 2429 2.852085 0.608409 0.062784 0.990968 0.006802 -0.011429 -0.133435
557 1313 -1.904343 1.430664 -0.011005 0.999561 -0.018926 0.005161 0.022200
79 2478 -2.355087 -0.389896 -0.022286 0.999993 0.001102 -0.001669 0.003261
614 1367 -3.373215 -0.056839 -0.044915 0.999998 -0.000471 -0.000922 0.001468
545 1298 -3.487625 -1.833679 -0.040661 0.889035 -0.009173 -0.003359 0.457734
773 1511 -2.737608 -0.638733 -0.062278 0.999034 0.009514 -0.000724 -0.042903
793 1556 3.703445 0.899368 0.066486 0.986844 -0.002112 -0.009785 0.161367
530 1292 4.516865 -3.727844 0.138407 0.500325 -0.019768 0.001936 0.865610
809 1547 -4.268204 -0.428741 -0.014658 0.905623 -0.006441 0.005314 0.424001
752 1489 -5.602005 -0.046936 -0.114184 0.999988 0.004672 -0.000095 0.001278
614 1373 2.203629 -0.042511 0.051982 0.999995 -0.001174 -0.002254 -0.001969
547 1312 1.757584 1.525955 0.027435 0.991519 -0.011842 0.003714 0.129367
1543 2577 4.393063 -0.902740 0.090898 0.747723 0.008681 -0.008364 -0.663902
120 2514 2.608261 -0.343677 0.054634 0.998921 0.011158 -0.007395 0.044470
2306 2384 4.759705 0.402293 0.086883 0.996704 -0.006948 0.001174 0.080817
113 2514 5.498955 -0.911811 0.152192 0.999567 0.014293 -0.013443 -0.021905
2319 2413 4.218344 1.170467 0.033440 0.976632 -0.010824 0.004526 0.214596
2329 2413 3.228558 0.909985 0.034825 0.982313 -0.008055 0.002135 0.187059
697 1445 -2.128742 -0.372543 -0.047500 0.999979 0.006265 0.000256 -0.001394
808 1546 -3.998291 -0.426384 -0.005843 0.915414 -0.004433 0.006294 0.402439
582 1338 -2.092743 0.136688 -0.022911 0.999992 -0.000987 -0.003193 -0.002395
1558 2580 0.367936 -4.288742 -0.060179 0.731726 0.019977 0.007377 -0.681265
29 2438 5.992758 -0.187892 0.088585 0.999790 -0.000736 -0.006142 -0.019543
2316 2402 2.214757 0.321015 0.031017 0.997157 -0.006579 -0.004326 0.074937
1545 2580 4.327623 -4.089172 0.110159 0.747717 0.018260 -0.008018 -0.663718
579 1341 3.309235 0.071976 0.065307 0.999899 0.000835 -0.002555 -0.013962
568 1333 5.349884 0.115921 0.053751 0.998324 -0.005475 0.001971 -0.057576
792 2574 4.227470 2.967163 0.068397 0.822602 0.005159 -0.005064 -0.568571
102 2497 -4.982170 -0.288090 -0.111410 0.999916 0.002427 -0.005146 -0.011655
819 2586 3.043564 -1.113718 0.024396 0.996937 0.014096 -0.001451 -0.076918
548 1303 -2.914001 -0.044220 -0.005639 0.957890 -0.014461 0.000467 0.286769
19 2420 1.589686 2.804302 -0.028113 0.949323 -0.005410 -0.000857 -0.314254
832 2586 -5.423615 -0.760152 -0.040739 0.999848 0.000625 0.000060 0.017402
796 1554 1.961800 0.946304 0.071167 0.979447 -0.002285 -0.011950 0.201334
20 2421 1.276625 2.525945 -0.023522 0.956485 -0.003594 -0.004693 -0.291721
808 1561 -0.822433 3.382935 0.006389 0.908163 -0.013608 -0.003116 0.418383
761 1512 5.665794 -0.693787 0.108012 0.998303 0.016188 0.002722 -0.055865
662 1419 3.793617 0.011047 0.050037 0.999997 -0.001550 0.001738 0.000515
2308 2372 4.037769 0.397068 0.074197 0.996975 -0.007023 0.001524 0.077389
590 1344 -3.648804 0.067459 -0.046968 0.999996 0.001852 -0.001636 -0.001134
2314 2381 2.266888 0.282055 0.038279 0.997836 -0.004069 0.001826 0.065606
117 2508 -2.189789 -0.759597 -0.051607 0.999814 0.009646 -0.007206 0.015086
1554 2571 1.258757 5.118103 -0.050513 0.729818 -0.000500 -0.002396 -0.683637
563 1326 3.224655 0.734589 0.025271 0.998125 -0.013301 0.000712 -0.059739
812 1562 -2.783417 3.608925 -0.014422 0.866708 -0.014443 -0.000890 0.498606
887 2633 5.173126 0.562523 0.108273 0.994573 0.009190 0.000581 0.103629
809 2584 4.990448 -2.396133 0.078278 0.957908 0.007969 -0.005975 -0.286901
622 1384 5.575897 -0.041199 0.097405 0.999994 -0.000185 -0.003435 0.000204
888 2631 2.863678 0.296673 0.067074 0.993396 0.009909 -0.006289 0.114131
669 1426 4.443733 0.002548 0.077845 0.999940 -0.006052 -0.005911 -0.007029
39 2445 3.414421 -0.298660 0.059975 0.999960 0.000720 -0.004665 -0.007589
814 1560 -4.423706 2.452316 0.018543 0.843984 -0.007150 -0.004655 0.536300
142 2517 -3.896759 1.252876 -0.011714 0.839162 0.007728 -0.005666 0.543797
864 2610 -4.702728 -0.389856 -0.068648 0.999933 0.000960 0.000230 -0.011511
604 1364 2.676300 -0.049713 0.066951 0.999995 0.000802 -0.001833 -0.002390
885 2630 3.199814 -0.251400 0.060288 0.998335 0.014653 -0.008926 0.055070
129 2509 -5.132492 -2.027847 -0.074625 0.972801 0.001242 0.002251 0.231630
2309 2376 3.702579 0.388743 0.062899 0.996806 -0.006905 0.002692 0.079512
868 2620 2.090836 -0.607950 0.073106 0.999878 0.002735 -0.003160 -0.015028
790 1526 -2.326370 -1.031387 -0.042255 0.996493 0.008840 0.002613 0.083166
685 1432 -4.620850 -0.187225 -0.060547 0.999986 0.001418 0.003744 -0.003566
738 1477 -5.830055 -0.145111 -0.106918 0.999981 0.005591 -0.002113 0.001276
839 2592 -4.312912 -0.485191 -0.056395 0.999971 -0.001709 0.000649 0.007353
812 1556 -4.121475 1.234642 -0.016256 0.865877 -0.006400 -0.004313 0.500197
133 2521 3.544853 4.430763 0.073310 0.944987 0.000701 0.008803 0.326990
28 2433 2.503206 0.055679 0.035426 0.997681 0.006421 -0.003912 -0.067646
544 1311 2.147202 1.673721 0.027475 0.979294 -0.014847 0.001635 0.201892
2345 2410 2.267030 0.466679 0.022946 0.991973 -0.001862 0.000548 0.126434
584 1348 5.526291 0.102081 0.114267 0.999998 -0.000304 -0.001037 -0.001842
2310 2364 3.397577 0.377923 0.051093 0.996956 -0.006778 0.003494 0.077592
131 2512 -3.064369 -0.877880 -0.048093 0.961613 0.002575 0.003305 0.274378
641 1401 5.067909 0.033844 0.052737 0.999982 0.000913 0.004086 0.004413
802 1562 2.552490 3.314911 0.046276 0.952604 -0.012555 -0.003545 0.303932
799 1539 -2.140450 -0.449478 -0.047822 0.974434 -0.002768 -0.005649 0.224587
560 1322 2.191650 1.134201 0.014511 0.998603 -0.013570 0.001519 -0.051042
906 2637 -2.164627 5.001068 0.053799 0.851158 0.002023 0.017170 0.524624
644 1394 -5.261024 -0.032410 -0.116319 0.999975 -0.004648 -0.005208 0.001364
2304 2373 5.606200 0.389909 0.154438 0.996862 -0.007189 -0.003360 0.078763
724 1467 -3.712532 -0.186981 -0.072041 0.999994 0.001589 0.002241 0.002147
32 2437 2.258928 -0.180144 0.037710 0.999670 0.002934 -0.004308 -0.025165
695 1443 -2.369267 -0.359787 -0.042021 0.999960 0.005783 0.004432 -0.005222
531 1307 3.810207 2.965256 0.043665 0.803393 -0.023945 -0.006765 0.594929
872 2616 -3.973572 -0.499874 -0.062889 0.999792 -0.000589 -0.002894 -0.020192
794 2575 3.792053 2.249878 0.085505 0.837827 0.008383 -0.007709 -0.545818
627 1378 -4.772194 -0.104813 -0.037874 0.999999 -0.000352 0.001544 -0.000648
2311 2395 3.153499 0.378234 0.051160 0.996880 -0.006496 0.002165 0.078632
744 1492 3.863630 0.069717 0.086815 0.999978 -0.000411 0.000629 0.006549
72 2477 4.125092 -0.358249 0.078500 0.999997 -0.000631 0.002449 -0.000137
2307 2368 4.406993 0.393241 0.083249 0.996786 -0.006426 0.001540 0.079842
909 2634 -5.158974 1.804428 0.081386 0.813084 0.014192 0.004622 0.581955
2310 2372 3.399897 0.379864 0.050436 0.997115 -0.006936 0.003279 0.075520
612 1372 3.037613 -0.034775 0.067948 0.999994 -0.000779 -0.002854 -0.001547
775 1532 5.655908 -1.112335 0.128806 0.999851 0.015888 -0.005357 -0.004142
2340 2419 5.360373 2.413848 0.002178 0.943366 -0.009538 0.004722 0.331583
749 1489 -3.169067 -0.015381 -0.059476 0.999998 0.001855 0.000164 0.000823
2329 2418 5.016419 2.094532 0.014591 0.951803 -0.010272 0.001622 0.306532
529 1308 4.336315 4.009171 0.021888 0.781647 -0.026528 -0.004263 0.623142
2304 2363 5.601310 0.389691 0.155396 0.996852 -0.007087 -0.003120 0.078900
553 1303 -5.071945 0.256836 -0.054298 0.970867 -0.012550 -0.003077 0.239270
748 1495 3.009073 0.077545 0.066719 0.999997 -0.001927 0.000093 0.001236
2357 2411 2.558803 0.597881 0.016548 0.989082 -0.003766 0.001649 0.147308
795 1556 2.963509 1.131195 0.075931 0.981709 -0.004287 -0.012859 0.189906
765 1502 -4.161768 -0.079620 -0.075057 0.999895 -0.003221 -0.001163 -0.014078
2362 2413 3.245154 0.902730 0.031263 0.982046 -0.007866 0.002903 0.188457
555 1310 -2.581055 1.237930 0.002198 0.996996 -0.014055 0.007507 0.075790
586 1350 5.664337 0.110458 0.112448 0.999999 -0.000969 -0.000857 -0.000243
671 1428 4.655525 -0.050430 0.082663 0.999942 -0.002015 -0.001676 -0.010479
796 1524 -4.832336 -1.697037 -0.097687 0.986901 0.002731 0.002331 0.161286
782 1541 4.171350 -0.773102 0.098330 0.999424 0.014250 -0.006761 0.030059
551 1319 4.521484 1.766129 0.054745 0.999521 -0.016945 -0.000714 0.025874
804 2579 2.471962 0.023834 0.049516 0.921850 0.016645 0.006725 -0.387131
638 1399 5.835854 0.027542 0.093695 0.999970 0.005502 0.001334 0.005387
1547 2580 3.911847 -4.118759 0.084980 0.745826 0.020340 -0.006482 -0.665798
899 2628 -3.880890 -0.887726 0.010432 0.941010 -0.000698 0.007861 0.338287
2317 2413 4.651810 1.373219 0.025912 0.972465 -0.012376 0.006099 0.232641
132 2520 3.223038 3.595909 0.082315 0.953340 -0.000179 0.005317 0.301854
813 2585 4.630997 -1.929672 0.030150 0.979441 0.006848 -0.001377 -0.201609
905 2629 -5.333969 -1.476883 0.003958 0.878020 0.012939 0.005093 0.478422
804 1566 3.334106 4.923386 0.055763 0.939243 0.000223 0.008952 0.343136
2329 2417 4.636021 1.788991 0.023179 0.959584 -0.009915 0.001902 0.281242
797 1530 -3.327423 -1.106232 -0.075889 0.982459 -0.000447 -0.001025 0.186473
2315 2399 2.175802 0.293910 0.031782 0.997760 -0.004958 -0.002727 0.066654
571 1335 4.746170 0.075348 0.046759 0.998924 -0.003128 0.002127 -0.046235
775 1510 -4.500393 -0.612167 -0.106936 0.999278 0.005743 -0.002181 -0.037498
593 1355 4.100388 0.068115 0.071265 0.999994 -0.001032 0.002834 -0.001845
856 2603 -5.986389 -0.311149 -0.090692 0.999983 -0.002447 -0.002932 -0.004471
744 1493 4.746984 0.087555 0.104346 0.999978 -0.001080 0.000756 0.006496
2350 2418 5.003423 2.109240 0.006937 0.951282 -0.009640 0.002659 0.308160
88 2485 -4.460922 -0.363025 -0.064411 0.999974 0.004977 -0.005203 -0.000088
629 1380 -4.713188 -0.109680 -0.052104 0.999995 0.000992 0.002553 -0.001546
2342 2415 3.929740 1.315425 0.022798 0.971721 -0.009396 0.004477 0.235904
78 2475 -4.532974 -0.403479 -0.065100 0.999978 0.004285 -0.004078 0.002977
1560 2580 -0.530291 -4.295624 -0.070386 0.732609 0.022448 0.005235 -0.680259
656 1407 -3.179375 -0.014389 -0.058830 1.000000 -0.000210 -0.000659 0.000009
617 1368 -5.085312 -0.058578 -0.056958 0.999997 0.000514 0.001330 0.002208
778 1533 4.367020 -1.027267 0.107689 0.999846 0.015391 -0.006523 0.005407
2314 2370 2.281839 0.280480 0.037979 0.997770 -0.004080 0.001828 0.066597
46 2444 -4.953716 -0.323160 -0.082181 0.999914 0.000114 -0.009566 -0.008900
2351 2410 2.247887 0.473249 0.023020 0.991934 -0.001822 0.000812 0.126739
2330 2411 2.559079 0.601816 0.005473 0.989219 -0.003880 0.003017 0.146360
689 1445 5.722004 -0.326096 0.050347 0.999960 0.008881 -0.000768 -0.001148
538 1294 -0.563393 -4.028183 0.057400 0.721300 -0.019895 0.000273 0.692337
859 2608 -3.006195 -0.356535 -0.025528 0.999954 0.000132 0.003872 -0.008805
625 1386 4.782524 -0.013107 0.091969 0.999978 0.000120 -0.002617 0.006054
634 1385 -4.621941 -0.044525 -0.071219 0.999960 -0.000131 -0.001801 -0.008791
116 2507 -2.783348 -0.761408 -0.076420 0.999853 0.010548 -0.010003 0.009134
670 1418 -5.057678 -0.047485 -0.094627 0.999994 0.003208 -0.000839 0.000109
886 2623 -3.578430 -1.105881 -0.028408 0.997077 0.010157 0.005041 0.075562
115 2513 3.618149 -0.761626 0.105495 0.999819 0.013075 -0.010946 -0.008416
603 1354 -5.802109 -0.018448 -0.091691 0.999999 0.001079 -0.001109 -0.000186
725 1467 -4.683697 -0.184784 -0.074100 0.999990 0.000809 0.004181 0.001520
17 2417 1.822222 3.718181 -0.034349 0.923723 -0.004576 -0.006415 -0.382980
793 1525 -3.596336 -1.254547 -0.046043 0.992795 0.005312 0.006330 0.119540
772 1508 -4.200053 -0.439270 -0.092283 0.999297 0.004335 -0.001572 -0.037206
2309 2398 3.812551 0.429646 0.061126 0.996464 -0.007455 -0.000278 0.083688
787 1517 -5.411356 -1.334290 -0.079607 0.999387 0.010669 0.005066 0.032958
798 1524 -5.373253 -1.963303 -0.119909 0.981314 0.000153 0.001901 0.192405
803 1540 -3.184441 -0.611435 -0.007401 0.954899 0.000959 0.002984 0.296913
779 1515 -3.273997 -0.931458 -0.077266 0.999655 0.013861 -0.000857 -0.022309
2306 2393 4.793443 0.407588 0.084791 0.996784 -0.007065 0.000032 0.079825
2311 2390 3.089594 0.363262 0.050170 0.996997 -0.006082 0.002616 0.077161
704 1450 -3.443974 -0.317276 -0.081265 0.999993 0.002491 -0.002717 -0.000035
666 1416 -3.328339 -0.029312 -0.071762 0.999997 0.000775 -0.002490 0.000214
39 2446 4.522167 -0.306224 0.074649 0.999973 0.001533 -0.002870 -0.006573
862 2619 5.202728 -0.538487 0.146476 0.999942 -0.000203 -0.002345 -0.010492
719 1469 3.553661 -0.116226 0.055861 0.999965 0.003478 -0.001411 0.007473
718 1462 -3.570229 -0.262833 -0.086124 0.999985 0.003987 -0.000581 0.003685
816 2586 4.472198 -1.646439 0.035672 0.990136 0.012997 -0.001757 -0.139493
1566 2580 -3.744665 -4.240875 -0.051937 0.732354 0.021834 -0.009395 -0.680509
804 1558 0.154022 2.304688 0.036476 0.939015 -0.004582 -0.007241 0.343769
1560 2574 -0.913239 2.015594 0.000637 0.728956 0.004421 0.004391 -0.684533
793 1554 3.042152 0.675110 0.060152 0.987473 0.000026 -0.007148 0.157625
666 1421 2.025513 0.004639 0.025018 0.999999 -0.001120 -0.000767 0.000444
44 2442 -4.914309 -0.319165 -0.081351 0.999949 0.001858 -0.007144 -0.006907
99 2504 4.681122 -0.409668 0.137635 0.999924 -0.000613 -0.003099 -0.011934
880 2619 -4.905289 -0.773530 -0.086957 0.999988 0.004699 -0.001449 -0.000214
551 1315 2.003952 1.567337 0.023187 0.998366 -0.015776 -0.002962 0.054849
555 1322 4.824860 1.455688 0.007892 0.999720 -0.017735 0.003188 -0.015331
755 1501 2.234541 -0.006088 0.054227 0.999820 -0.000373 -0.000635 -0.018979
810 1550 -4.234604 -0.048569 -0.023890 0.892626 -0.007860 -0.000921 0.450729
582 1346 5.321640 0.083710 0.107535 0.999986 -0.000144 -0.002423 -0.004658
759 1507 3.726587 -0.312119 0.068604 0.998922 0.005902 0.001959 -0.046011
899 2629 -3.161835 -0.285843 -0.000084 0.940649 0.001345 0.004333 0.339351
650 1402 -2.702423 -0.015900 -0.042488 0.999996 0.002413 -0.000492 0.001547
907 2637 -2.850395 4.877060 0.130651 0.837324 0.007742 0.014082 0.546470
903 2630 -4.069748 -0.327332 -0.000641 0.900765 0.017875 -0.000662 0.433938
2355 2414 3.564353 1.075129 0.029178 0.977626 -0.009223 0.003398 0.210120
851 2602 -3.017761 -0.334161 -0.041319 0.999994 -0.001157 -0.003286 -0.000104
2310 2376 3.404413 0.373919 0.051309 0.996953 -0.006882 0.003401 0.077627
2304 2380 5.612346 0.390424 0.153957 0.996871 -0.007190 -0.003458 0.078641
22 2416 -2.236896 3.998553 -0.119856 0.912352 -0.003542 -0.013369 -0.409173
601 1363 4.408020 -0.056351 0.086869 0.999987 0.000576 -0.000703 -0.005117
803 1528 -5.384941 -2.138885 -0.026324 0.957471 0.001370 0.008954 0.288385
58 2455 -5.319664 -0.471949 -0.088877 0.999992 0.003829 -0.001340 -0.000209
35 2442 4.220140 -0.269866 0.057871 0.999976 0.000485 -0.002483 -0.006409
52 2458 4.486755 -0.417543 0.112479 0.999997 0.000773 -0.002272 0.000017
2313 2383 2.533259 0.314719 0.039397 0.997593 -0.004674 0.002526 0.069133
122 2508 -4.009918 -1.123476 -0.040080 0.996442 0.005104 -0.000595 0.084124
600 1351 -5.904739 0.047073 -0.089670 0.999992 0.002464 -0.002794 -0.001099
782 1517 -3.452070 -1.060135 -0.062385 0.999886 0.014553 0.003062 -0.002677
657 1415 4.381729 0.014389 0.071695 0.999999 -0.001275 0.000000 -0.000166
585 1339 -3.800461 0.106049 -0.043516 0.999995 -0.001327 -0.002648 -0.001427
612 1374 4.907181 -0.043915 0.103635 0.999988 -0.000807 -0.003084 -0.003768
708 1454 -2.844460 -0.296478 -0.063160 0.999994 0.003362 -0.000455 -0.000036
70 2475 4.100632 -0.370311 0.109310 0.999992 -0.000426 -0.003935 -0.000267
807 1549 -3.218399 0.175217 -0.003840 0.921485 -0.007242 0.001152 0.388345
31 2428 -4.041046 0.781098 -0.002243 0.988827 0.001472 0.000293 -0.149061
787 1540 1.983639 -0.524963 0.048764 0.997853 0.009934 -0.005201 0.064521
609 1371 4.778976 -0.026474 0.093373 0.999998 0.000940 -0.000892 -0.001457
849 2608 5.061081 -0.287397 0.100458 0.999990 -0.000337 0.004416 -0.001063
2338 2413 3.232490 0.907125 0.030781 0.982120 -0.007483 0.003032 0.188081
2314 2372 2.275383 0.282953 0.037129 0.997908 -0.004126 0.001747 0.064487
542 1309 1.747910 1.472519 0.027935 0.959461 -0.017930 -0.002177 0.281262
878 2628 4.248062 -0.893416 0.096434 0.999667 0.008941 -0.010659 -0.021718
831 2585 -5.818573 -0.837151 -0.046525 0.999822 -0.001339 0.000927 0.018812
535 1310 3.797764 3.270554 0.040727 0.892626 -0.024895 -0.001740 0.450107
761 1509 3.658211 -0.450836 0.074791 0.998624 0.008532 0.001472 -0.051725
796 1561 4.608597 2.138138 0.146972 0.979333 -0.009523 -0.010897 0.201738
725 1466 -5.854076 -0.193481 -0.085016 0.999990 0.000207 0.004327 0.001501
2313 2400 2.776459 0.374552 0.037488 0.996797 -0.005608 -0.003522 0.079696
58 2457 -3.030399 -0.470709 -0.042778 0.999992 0.002628 -0.003009 0.000227
2349 2419 5.358024 2.406598 0.003253 0.943603 -0.009519 0.004698 0.330909
871 2622 2.130341 -0.701612 0.063150 0.999778 0.004623 -0.001797 -0.020487
589 1344 -2.759079 0.078522 -0.032197 0.999996 0.001827 -0.001607 -0.001146
551 1299 -5.749695 -0.837601 -0.057909 0.934817 -0.009137 -0.002672 0.355002
564 1319 -2.350952 1.309402 -0.015737 0.998564 -0.012167 0.001613 -0.052138
110 2509 2.066467 -0.762893 0.056471 0.999599 0.008940 -0.001185 -0.026853
785 1520 -3.079241 -1.113449 -0.045389 0.999585 0.013980 0.005721 0.024516
72 2468 -5.739349 -0.425733 -0.023188 0.999980 0.001752 0.005573 0.002496
803 1541 -3.026138 -0.505875 -0.005196 0.954550 0.001644 0.003738 0.298024
121 2508 -3.674057 -1.017237 -0.041957 0.997679 0.006340 -0.001356 0.067792
652 1410 3.895508 0.047241 0.068880 1.000000 -0.000565 -0.000681 0.000332
794 1523 -4.674229 -1.567474 -0.064463 0.991567 0.004864 0.007087 0.129307
734 1481 2.299742 -0.053040 0.056767 0.999987 0.000823 0.000283 0.005023
695 1450 5.472488 -0.299500 0.058222 0.999957 0.006989 0.000765 0.005974
14 2416 3.535891 4.033967 -0.030786 0.914938 -0.005244 -0.006402 -0.403510
804 2575 -0.443542 3.082344 0.040246 0.919505 0.004780 -0.002107 -0.393043
101 2498 -3.128998 -0.313129 -0.055214 0.999930 0.001684 -0.005498 -0.010291
1553 2579 2.182164 -3.180054 0.010396 0.737958 0.018162 0.001988 -0.674599
746 1485 -4.520658 -0.039688 -0.078099 0.999993 0.003433 0.001375 -0.000019
829 2585 -4.354797 -0.836556 -0.033521 0.999830 0.001109 0.000949 0.018383
810 1552 -3.920395 0.408028 -0.021582 0.890132 -0.008052 -0.001170 0.455630
660 1417 3.593102 0.010147 0.057826 0.999999 -0.001263 -0.000190 0.000150
15 2420 4.377827 2.863718 0.025423 0.950596 -0.003936 -0.006970 -0.310327
857 2615 5.322876 -0.467729 0.116708 0.999959 -0.002072 -0.000238 -0.008840
876 2625 2.387558 -0.849897 0.058404 0.999656 0.004912 -0.002398 -0.025635
572 1334 3.093430 0.188599 0.037706 0.999199 -0.001807 0.001655 -0.039951
36 2443 4.280251 -0.277038 0.060061 0.999961 0.000184 -0.002976 -0.008343
774 1530 5.717566 -1.127716 0.112554 0.999813 0.016881 -0.004204 -0.008426
576 1332 -2.005264 0.267441 -0.004849 0.999839 0.002188 -0.000943 -0.017779
828 2590 1.928162 -0.605255 0.036005 0.999878 0.002214 0.000673 0.015472
30 2424 -5.626550 1.723067 -0.003987 0.974264 -0.008797 0.001282 -0.225234
1552 2575 2.163458 1.030365 0.015473 0.734268 0.004545 -0.002731 -0.678839
534 1292 2.044291 -4.660278 0.084233 0.597329 -0.017735 0.000128 0.801800
651 1400 -5.815193 -0.055389 -0.083649 0.999989 0.004579 -0.000752 0.001139
2305 2382 5.170125 0.378720 0.116200 0.996952 -0.006774 -0.000694 0.077720
616 1376 3.286575 -0.047470 0.067705 0.999987 -0.000916 0.000180 -0.005032
852 2610 4.586304 -0.342320 0.111573 0.999970 -0.001095 -0.001531 -0.007549
1565 2574 -3.554356 2.048584 -0.100447 0.730001 0.006377 -0.008253 -0.683367
548 1314 2.552689 1.689163 0.013856 0.995306 -0.016425 0.000568 0.095372
568 1323 -2.441269 0.930969 0.003876 0.998370 -0.000050 0.001171 -0.057067
795 2576 3.847847 1.417740 0.113521 0.845833 0.012074 -0.009257 -0.533231
803 1535 -3.994186 -1.190933 -0.011044 0.955735 0.000183 0.005120 0.294184
2311 2385 3.089812 0.364202 0.050298 0.997060 -0.006078 0.003048 0.076318
140 2520 -1.396358 4.257858 0.086230 0.867143 0.002630 0.003629 0.498039
861 2619 5.940933 -0.545245 0.158343 0.999941 0.000509 -0.002285 -0.010656
105 2506 2.066261 -0.563097 0.072668 0.999709 0.003369 -0.008560 -0.022297
25 2429 2.016354 0.611109 0.055022 0.990899 0.007617 -0.009307 -0.134069
2304 2400 5.833317 0.456146 0.155715 0.995983 -0.008127 -0.009325 0.088686
896 2635 2.720047 3.108734 0.027202 0.955374 -0.005150 0.012451 0.295092
684 1440 5.061596 -0.267883 0.055161 0.999945 0.007529 0.000904 -0.007182
564 1316 -4.269287 1.465759 -0.036595 0.999470 -0.011644 -0.000911 -0.030397
2314 2413 5.365823 1.605288 0.048205 0.967395 -0.011543 0.005061 0.252958
136 2521 1.724823 4.941368 0.099685 0.915358 0.005307 0.010325 0.402473
697 1442 -5.445431 -0.360764 -0.069030 0.999971 0.004107 0.002839 -0.005806
796 2573 2.053383 4.317764 0.055895 0.853764 0.005468 -0.010183 -0.520532
538 1293 -0.597481 -4.533173 0.069839 0.705113 -0.021213 0.000254 0.708777
2306 2397 4.859793 0.429281 0.087400 0.996504 -0.007507 -0.000507 0.083210
90 2496 5.019043 -0.262756 0.127170 0.999990 0.003522 -0.000232 0.002590
2308 2404 4.780321 0.614931 0.077553 0.993123 -0.009479 -0.005013 0.116586
789 1547 2.621277 -0.200058 0.071326 0.995695 0.007833 -0.003695 0.092290
819 2588 5.228073 -1.440201 0.051387 0.996907 0.013886 -0.002221 -0.077316
870 2616 -2.855316 -0.516704 -0.042534 0.999849 -0.000278 -0.003094 -0.017085
770 1519 3.772064 -1.042404 0.064065 0.999145 0.021771 0.002257 -0.035085
2327 2412 2.875857 0.744117 0.058153 0.985818 -0.005434 -0.001694 0.167724
756 1496 -2.478047 -0.002304 -0.035322 0.999989 -0.000863 0.000591 0.004485
804 2574 -1.151169 3.850868 0.018033 0.919365 0.001197 -0.001603 -0.393402
896 2629 -2.010788 -0.031830 -0.022450 0.962173 0.004939 -0.002110 0.272388
559 1325 4.925919 0.969818 0.027941 0.998815 -0.016739 0.001206 -0.045688
565 1318 -3.666367 1.371567 -0.023014 0.998927 -0.008914 0.001459 -0.045418
34 2439 2.239033 -0.239512 0.038663 0.999910 0.002979 -0.004369 -0.012322
2309 2406 4.842338 0.746870 0.066542 0.990059 -0.008308 -0.002563 0.140379
2318 2407 2.695552 0.469824 0.021954 0.993716 -0.006311 -0.001568 0.111738
1536 2577 5.789856 -0.825455 0.118076 0.752331 0.010677 -0.007833 -0.658652
24 2419 -2.792722 3.105172 -0.091326 0.940406 -0.006458 -0.011889 -0.339784
39 2444 2.329411 -0.295939 0.047138 0.999956 -0.000278 -0.005415 -0.007627
1558 2572 -0.138077 4.060638 0.009867 0.726646 0.000841 0.005724 -0.686988
2308 2363 4.039021 0.394884 0.075017 0.996800 -0.006863 0.001787 0.079616
553 1301 -5.898743 -0.181961 -0.065856 0.957336 -0.009057 -0.003237 0.288817
550 1305 -2.856674 0.457031 -0.002960 0.976877 -0.014359 -0.001250 0.213318
781 1537 3.815870 -0.868149 0.092087 0.999665 0.014142 -0.006757 0.020577
136 2517 -1.097130 1.874222 0.063643 0.917254 0.011297 0.001201 0.398141
897 2626 -4.650833 -1.680008 0.003442 0.955178 -0.000299 0.011942 0.295790
2325 2411 2.605319 0.594769 0.045037 0.989220 -0.003951 -0.002884 0.146355
866 2619 2.428131 -0.567812 0.072596 0.999918 0.001829 -0.000843 -0.012653
2350 2419 5.356777 2.414651 0.003579 0.943446 -0.009557 0.004696 0.331355
1538 2577 5.388407 -0.853394 0.095636 0.751303 0.009536 -0.006640 -0.659855
2304 2368 5.604337 0.385795 0.156587 0.996874 -0.007196 -0.003209 0.078611
2306 2387 4.759438 0.401201 0.089600 0.996844 -0.007008 0.001199 0.079072
885 2629 2.293213 -0.353621 0.027766 0.998453 0.013349 -0.008338 0.053335
671 1419 -4.967072 -0.049515 -0.074474 0.999990 0.004317 0.000765 -0.000281
2331 2413 3.241745 0.903350 0.017842 0.982318 -0.007435 0.004356 0.187020
2315 2384 2.001864 0.252940 0.033596 0.998127 -0.004053 0.001941 0.061019
2311 2405 4.043616 0.640541 0.052172 0.992209 -0.008235 -0.003345 0.124269
619 1378 2.502029 -0.065201 0.050799 0.999988 0.001984 0.000123 -0.004484
812 1549 -5.185440 -0.605919 -0.013020 0.873308 -0.006477 0.001735 0.487122
38 2444 3.320286 -0.301171 0.056311 0.999952 -0.000446 -0.004894 -0.008415
794 1524 -4.265102 -1.451508 -0.058873 0.991338 0.004324 0.005974 0.131127
110 2502 -5.048866 -0.471022 -0.091170 0.999775 0.011334 0.000934 -0.017888
816 2579 -2.779190 0.372932 0.028817 0.990327 0.015042 0.009303 -0.137621
747 1487 -3.378895 -0.040329 -0.055710 0.999997 0.001786 0.001451 0.000248
45 2445 -2.805801 -0.344063 -0.044280 0.999929 0.001194 -0.008640 -0.008173
763 1514 5.513968 -0.826645 0.103713 0.998428 0.018081 0.002129 -0.053016
2311 2379 3.112405 0.361624 0.049287 0.997056 -0.006111 0.002970 0.076373
773 1510 -3.421662 -0.579529 -0.077889 0.999117 0.006947 -0.001172 -0.041414
845 2603 3.033463 -0.302936 0.063148 0.999985 0.000346 0.001160 0.005287
527 1306 4.516281 3.544907 0.030471 0.717473 -0.022555 -0.002940 0.696214
638 1397 3.716507 0.012939 0.064397 0.999978 0.004249 -0.001866 0.004836
594 1356 4.167145 0.048294 0.065523 0.999992 -0.000111 0.003056 -0.002534
118 2508 -2.573380 -0.806657 -0.049227 0.999609 0.009358 -0.005191 0.025844
40 2445 2.398031 -0.305295 0.039806 0.999967 0.000804 -0.004243 -0.006847
32 2438 3.193176 -0.205490 0.051098 0.999810 0.001104 -0.004843 -0.018838
99 2494 -5.650902 -0.264691 -0.108817 0.999959 0.000916 -0.004402 -0.007804
657 1414 3.299904 0.010254 0.050889 0.999999 -0.000819 0.000389 -0.000727
22 2414 -2.821521 4.619917 -0.142009 0.891438 -0.002557 -0.013906 -0.452922
67 2464 -4.788467 -0.420798 -0.101414 0.999985 -0.000477 -0.005358 0.001067
851 2601 -4.110199 -0.333796 -0.080088 0.999993 -0.001095 -0.003405 -0.001169
636 1396 4.595909 0.030853 0.093593 0.999960 0.002009 -0.005538 0.006738
653 1410 2.927666 0.035950 0.050125 0.999999 -0.001603 -0.000439 0.000292
802 2572 -1.482208 5.410828 -0.060546 0.902463 0.000445 -0.007715 -0.430698
131 2510 -4.749542 -1.936157 -0.066130 0.960515 -0.000389 0.006391 0.278153
817 2578 -4.305389 0.548038 0.006433 0.992749 0.011955 0.006113 -0.119454
536 1311 3.992706 3.423996 0.034589 0.911300 -0.026128 -0.001795 0.410909
575 1337 3.145554 0.103851 0.036036 0.999642 -0.000064 0.001230 -0.026732
1558 2579 0.297286 -3.238190 -0.034055 0.732423 0.019363 0.009041 -0.680514
586 1348 3.767044 0.101791 0.082172 0.999999 0.000078 -0.000772 -0.000772
125 2508 -4.985886 -1.561199 -0.048043 0.989951 0.000952 0.000430 0.141408
585 1348 4.633102 0.104004 0.101494 0.999999 -0.000567 -0.001103 -0.000944
890 2632 2.930298 0.883453 0.078795 0.987696 0.002388 -0.003995 0.156317
29 2428 -2.177025 0.801242 0.013273 0.988750 0.001362 0.000097 -0.149569
537 1290 0.163364 -5.960373 0.101184 0.632868 -0.024032 0.002522 0.773882
2312 2390 2.809180 0.334967 0.041710 0.997246 -0.005550 0.002641 0.073913
541 1311 2.960815 2.200867 0.046100 0.960540 -0.020204 -0.001503 0.277403
630 1389 3.145966 0.003830 0.050980 0.999937 0.001250 -0.001007 0.011092
559 1326 5.660461 0.908112 0.033390 0.998875 -0.017071 0.001433 -0.044224
605 1366 3.631210 -0.038239 0.079331 0.999998 0.000386 -0.001301 -0.001793
805 1558 -0.277672 2.337029 0.031813 0.931394 -0.006045 -0.006552 0.363902
664 1421 3.989639 0.016815 0.058180 0.999998 -0.001927 0.000040 0.000226
645 1405 5.392815 0.053650 0.083772 0.999984 -0.004838 -0.001495 0.002544
70 2469 -2.455544 -0.424263 -0.010646 0.999989 0.001414 0.003520 0.002663
2311 2374 3.103473 0.357831 0.052026 0.997055 -0.006208 0.003182 0.076373
800 2581 4.972038 -2.274200 0.113798 0.889742 0.017948 -0.008368 -0.456034
653 1405 -2.419006 -0.023483 -0.038024 0.999999 -0.000403 -0.000084 0.001205
810 1548 -4.504059 -0.428413 -0.026661 0.894746 -0.008196 0.002685 0.446492
31 2426 -5.354321 1.223420 -0.008705 0.982687 -0.005042 0.002754 -0.185185
726 1474 2.302879 -0.098801 0.037119 0.999982 0.004179 0.001097 0.004220
678 1425 -5.360641 -0.096680 -0.124155 0.999981 -0.002130 -0.005369 0.001976
902 2631 -3.064789 0.533127 0.035553 0.909091 0.017781 -0.001010 0.416218
544 1299 -2.734619 -1.565414 -0.030988 0.890230 -0.011047 -0.003116 0.455366
705 1452 -2.143608 -0.296997 -0.052641 0.999997 0.001884 -0.000973 0.001114
2321 2409 2.512174 0.442169 0.042622 0.992767 -0.000140 -0.001912 0.120040
602 1356 -3.006546 -0.013489 -0.037310 0.999996 0.000593 -0.000144 -0.002655
110 2512 5.059219 -0.929858 0.111425 0.999419 0.011271 -0.001858 -0.032128
643 1402 4.154671 0.028839 0.047981 0.999993 -0.001087 0.001734 0.003038
1553 2574 1.802467 2.076355 -0.009870 0.733528 0.000804 -0.000658 -0.679659
2365 2415 3.936441 1.299932 0.024183 0.971909 -0.009608 0.004310 0.235121
789 1525 -2.364479 -1.039749 -0.047339 0.997527 0.010998 0.002015 0.069381
556 1322 4.345184 1.372208 -0.006791 0.999514 -0.019430 0.004499 -0.023963
2311 2399 3.262589 0.410185 0.047628 0.996526 -0.006906 -0.001517 0.082988
527 1301 4.607979 1.173203 0.063730 0.624353 -0.019675 0.000685 0.780894
793 2573 3.432434 4.025177 0.054748 0.829834 0.003890 -0.005050 -0.557974
757 1504 3.033506 -0.142365 0.065461 0.999455 0.000899 0.000047 -0.033006
802 1559 1.356247 2.458023 0.027958 0.951841 -0.009120 -0.009762 0.306302
777 1534 5.060509 -1.058914 0.126412 0.999842 0.015429 -0.007761 0.004269
556 1321 3.643707 1.399933 -0.007675 0.999531 -0.020155 0.004688 -0.022586
823 2589 4.109970 -0.863814 0.038696 0.999824 0.011723 0.001395 -0.014572
1549 2580 3.446312 -4.167984 0.024401 0.742946 0.019811 -0.001377 -0.669056
565 1321 -1.679565 1.146606 -0.008343 0.998060 -0.008673 0.001270 -0.061632
52 2456 2.226013 -0.439979 0.062010 0.999989 0.001103 -0.004356 -0.000852
759 1496 -4.682402 -0.033539 -0.074894 0.999963 -0.001362 0.001526 0.008364
592 1353 3.116287 0.073715 0.073722 1.000000 -0.000085 -0.000678 -0.000344
2313 2391 2.533213 0.317033 0.037469 0.997599 -0.004696 0.001612 0.069073
2308 2380 4.050041 0.395631 0.073470 0.996821 -0.006967 0.001449 0.079358
763 1498 -5.888750 -0.039749 -0.114798 0.999975 -0.004216 -0.000548 0.005713
778 1538 5.402609 -1.003372 0.144261 0.999803 0.015574 -0.010073 0.007114
591 1346 -2.639816 0.077362 -0.031518 0.999996 0.001766 -0.001529 -0.001324
710 1460 2.160820 -0.246307 0.012895 0.999982 0.003897 0.000886 0.004529
1553 2575 1.863302 1.033386 0.010141 0.733780 0.004010 -0.002337 -0.679372
652 1404 -2.504051 -0.027573 -0.038537 0.999997 0.002030 0.000308 0.001170
688 1437 -2.115623 -0.242645 -0.053853 0.999968 0.000851 -0.002424 -0.007623
793 1560 5.327202 1.475586 0.103998 0.986827 -0.006025 -0.008307 0.161455
533 1303 2.640498 0.633026 0.049022 0.780032 -0.021537 -0.006126 0.625339
2316 2412 4.575207 1.267441 0.034013 0.975267 -0.010499 0.005244 0.220721
803 1557 0.276596 1.998032 0.021963 0.945998 -0.004174 -0.007858 0.324050
532 1296 2.814474 -2.404358 0.069771 0.630443 -0.016922 -0.001877 0.776049
764 1510 2.248459 -0.530304 0.045717 0.998595 0.010233 0.001039 -0.051989
572 1325 -4.109192 0.650299 -0.015384 0.999288 0.002607 0.000412 -0.037625
760 1506 2.295770 -0.242279 0.048445 0.999186 0.003790 0.002115 -0.040116
808 2583 4.390701 -1.990059 0.060099 0.951714 0.008730 -0.005054 -0.306821
562 1316 -2.977448 1.458664 -0.027454 0.999555 -0.013700 -0.000445 -0.026496
783 1542 3.939308 -0.707077 0.095868 0.999167 0.014472 -0.005846 0.037700
2308 2386 4.024370 0.395827 0.073660 0.996798 -0.006845 0.001659 0.079646
785 1539 2.537081 -0.637482 0.062749 0.998750 0.010582 -0.005632 0.048533
893 2635 4.220261 2.565338 0.070471 0.973049 -0.010318 0.007128 0.230257
790 1554 4.083878 0.337799 0.105128 0.992705 0.003014 -0.010161 0.120107
648 1408 5.662880 0.078552 0.105429 0.999985 -0.004463 -0.002764 0.001643
27 2423 -3.449653 1.982571 -0.023453 0.969100 -0.011255 -0.002568 -0.246398
559 1308 -5.689819 1.305435 -0.032036 0.996815 -0.013324 0.002167 0.078596
856 2612 3.287399 -0.407070 0.092433 0.999947 -0.004376 -0.001766 -0.009194
632 1393 5.334534 0.092499 0.080013 0.999894 -0.000588 -0.002066 0.014432
107 2508 2.809296 -0.695128 0.081648 0.999638 0.005197 -0.003994 -0.026085
547 1318 5.293915 2.256256 0.038643 0.996401 -0.014757 0.000932 0.083461
2307 2361 4.401642 0.402146 0.083064 0.996721 -0.006295 0.001665 0.080652
1550 2575 2.705931 1.072250 0.021203 0.737990 0.004461 -0.003038 -0.674790
816 1560 -5.616684 2.060226 0.021799 0.820124 -0.005215 -0.007225 0.572116
33 2431 -3.760418 0.253335 -0.000628 0.995145 0.010133 0.001264 -0.097888
768 1518 4.494307 -1.027588 0.080924 0.998952 0.021547 0.002567 -0.040295
23 2414 -3.615758 4.621419 -0.160190 0.891174 -0.003658 -0.014119 -0.453427
2366 2419 5.364769 2.395356 0.005081 0.943678 -0.009865 0.004530 0.330686
709 1462 5.500290 -0.190948 0.058166 0.999970 0.002726 0.001018 0.007144
806 1532 -5.357727 -2.083618 0.006869 0.935631 -0.005068 0.009790 0.352807
532 1302 2.875767 0.371887 0.055543 0.744317 -0.021190 -0.005705 0.667466
613 1373 3.072952 -0.040543 0.067873 0.999993 -0.000560 -0.003112 -0.002106
57 2455 -4.271305 -0.446566 -0.066602 0.999987 0.005007 -0.000698 -0.000426
791 1522 -4.210354 -1.383286 -0.055588 0.996046 0.007788 0.008094 0.088131
2314 2399 2.433419 0.326277 0.035540 0.997326 -0.004895 -0.002793 0.072859
723 1473 4.102192 -0.061539 0.091612 0.999959 0.002396 -0.005527 0.006796
805 2583 5.229080 -2.712265 0.028541 0.930123 0.011195 -0.001881 -0.367073
90 2495 3.969505 -0.265338 0.105358 0.999988 0.003759 -0.000453 0.003098
694 1442 -2.500923 -0.352753 -0.055372 0.999960 0.006210 -0.000815 -0.006366
691 1444 2.661667 -0.341690 0.017251 0.999968 0.006905 0.000932 -0.003958
119 2514 2.976555 -0.442328 0.064190 0.999421 0.012235 -0.008727 0.030521
807 1539 -4.634644 -1.263100 -0.002625 0.926677 -0.005076 0.004571 0.375797
534 1299 1.870991 -1.348450 0.054810 0.730165 -0.018301 -0.003227 0.683018
886 2621 -5.419434 -1.388496 -0.045494 0.997038 0.007711 0.004876 0.076362
763 1511 3.599050 -0.604263 0.071483 0.998455 0.012568 0.001453 -0.054112
40 2439 -3.742840 -0.275316 -0.044641 0.999904 0.004469 -0.005950 -0.011681
2357 2418 5.007180 2.105333 0.006641 0.951192 -0.009747 0.002479 0.308434
782 1538 3.586237 -0.813461 0.083004 0.999519 0.013764 -0.006799 0.026939
861 2609 -3.519714 -0.372887 -0.061920 0.999949 -0.000501 0.000329 -0.010050
26 2432 3.450138 0.170028 0.068412 0.996481 0.007494 -0.008164 -0.083089
2327 2410 2.238570 0.470702 0.047891 0.991894 -0.001231 -0.003645 0.127013
805 1536 -4.417496 -1.360260 0.019457 0.942899 -0.000563 0.007352 0.332996
639 1398 3.813469 0.002274 0.051558 0.999975 0.005081 0.000954 0.004790
52 2449 -5.786987 -0.400325 -0.099254 0.999954 0.002990 -0.004447 -0.007902
94 2493 -2.154091 -0.309751 -0.026887 0.999985 0.001386 -0.004908 0.001926
2320 2411 3.340207 0.734665 0.028715 0.986469 -0.004805 0.001824 0.163866
898 2636 2.429718 4.015045 -0.046630 0.939827 -0.010088 0.018856 0.340980
1559 2580 -0.065856 -4.293655 -0.064879 0.732216 0.021218 0.006915 -0.680706
14 2418 4.234584 3.442452 -0.011958 0.934175 -0.007056 -0.007405 -0.356669
143 2514 -5.397789 -1.746246 -0.112168 0.824719 0.012905 -0.005324 0.565370
682 1429 -4.955788 -0.141098 -0.088246 0.999999 0.000527 -0.001282 -0.000543
86 2483 -4.494148 -0.350238 -0.086181 0.999976 0.005279 -0.004519 0.000154
556 1309 -3.593536 1.223434 0.002235 0.996330 -0.015985 0.007349 0.083773
860 2615 2.965424 -0.483227 0.086608 0.999952 -0.000707 -0.002035 -0.009589
795 1529 -2.986099 -1.063736 -0.056474 0.987945 0.001185 0.001414 0.154795
807 2580 2.171448 -0.268311 0.045755 0.944584 0.012639 0.002436 -0.328018
126 2511 -2.399757 -0.779560 -0.024395 0.987354 0.001206 0.007261 0.158357
110 2510 3.073059 -0.811171 0.077456 0.999557 0.009373 0.001955 -0.028177
765 1512 2.887358 -0.686325 0.053161 0.998490 0.014548 0.002199 -0.052928
902 2638 1.197418 5.811691 0.087309 0.900182 0.003749 0.008938 0.435406
677 1426 -3.308464 -0.070129 -0.080585 0.999984 -0.002212 -0.005107 -0.000842
812 1554 -4.468719 0.628792 -0.010309 0.867798 -0.005355 -0.001119 0.496887
2340 2418 5.007166 2.108266 0.005554 0.951207 -0.009620 0.002685 0.308390
2309 2367 3.691549 0.393849 0.063797 0.996822 -0.006938 0.002786 0.079312
116 2514 4.170662 -0.701404 0.125570 0.999810 0.013432 -0.014041 -0.001232
2333 2411 2.564353 0.594151 0.015514 0.989314 -0.003408 0.001989 0.145747
697 1444 -3.231731 -0.371719 -0.057325 0.999973 0.005272 0.004103 -0.002993
575 1338 4.031723 0.058380 0.043564 0.999582 -0.000056 0.001278 -0.028886
675 1425 -2.437363 -0.062973 -0.048633 0.999996 -0.000274 -0.002641 -0.001182
