idx1 idx2 t_1 t_2 t_3 q_1 q_2 q_3 q_4
2000 3419 4.452484 -10.879211 0.615520 -0.410048 0.000515 0.022584 0.911785
939 4195 -10.636185 -1.534302 -0.372765 0.961662 -0.024860 -0.030189 0.271432
1981 4568 11.267319 0.813721 -0.029533 0.999773 -0.018434 -0.009408 0.004954
1795 4404 10.336731 3.522552 -0.128258 0.948356 0.007811 0.014067 0.316800
3424 4572 -10.239685 -4.919739 -0.024551 0.675111 -0.017527 0.006256 0.737479
941 4221 11.096664 -0.006836 0.164314 0.999880 0.003559 -0.014984 0.001040
3313 4624 11.520569 0.613281 0.472500 0.569051 -0.038294 0.009828 0.821347
3398 4574 11.663528 0.273804 -0.015984 0.077828 -0.000366 0.002626 0.996963
1944 4535 10.548798 1.603821 0.225349 0.999510 -0.011061 0.007371 0.028328
2013 3414 -8.426208 -8.458893 0.317177 0.111057 0.014764 0.013783 0.993610
1004 4265 11.183411 0.204956 0.215679 0.999966 0.005433 -0.005504 0.002508
3411 4586 -8.652191 6.946350 -0.288921 0.407521 -0.013273 0.023415 0.912798
3360 4601 9.798492 2.350525 -0.063000 0.006285 -0.007933 0.026350 0.999601
3316 4625 9.686768 2.699524 0.235073 0.540678 -0.031406 0.011546 0.840560
2015 4579 -6.479675 -9.869476 0.080421 0.783759 -0.005971 0.036603 -0.619957
1003 4248 -10.558212 0.065125 -0.220879 0.999942 -0.000492 -0.007776 0.007267
1036 4277 6.242310 -9.941406 0.248703 0.922900 -0.005170 -0.001726 -0.384998
1025 4274 11.690628 -1.968994 0.121483 0.995887 -0.008641 0.002522 -0.090151
3420 4569 -5.533630 -9.699463 -0.189444 0.627020 -0.007469 0.000727 0.778964
3369 4594 10.299179 2.206055 0.052587 0.011027 -0.022140 0.021614 0.999459
1011 4252 -10.430649 0.116089 -0.248032 0.999917 -0.003900 -0.008425 0.008857
993 4259 11.008224 0.064148 0.246326 0.999970 0.002689 -0.007083 -0.001217
2004 4562 -9.376465 4.954834 -0.250034 0.935534 0.000557 0.002996 -0.353224
1834 4412 -11.872681 -0.342285 -0.018585 0.999998 -0.000573 0.000906 -0.001876
1875 4467 10.307404 0.462463 0.123299 0.999931 -0.003749 0.004782 0.009960
3313 4629 9.398560 6.944824 0.070107 0.594415 -0.040029 0.015104 0.803016
1034 4260 -9.703354 4.927063 -0.124855 0.947763 -0.009925 0.002676 -0.318808
3335 4630 -7.615925 8.419067 0.088502 0.253599 -0.002721 0.021328 0.967069
926 4210 10.719193 0.830872 0.050529 0.999360 -0.001128 -0.014534 0.032649
1910 4502 11.869415 1.407959 0.105103 0.999360 -0.011662 0.001757 0.033759
1813 4413 10.626312 -0.184387 0.075615 0.999752 -0.010659 0.010467 0.016524
980 4250 10.908432 0.067566 0.143311 0.999965 -0.000088 -0.006134 0.005512
909 4184 9.861938 -4.368896 0.471130 0.566042 -0.024050 0.004082 0.824009
1976 4547 -11.269623 0.878723 -0.291252 0.999981 -0.004986 0.002015 -0.002760
915 4178 5.394775 -10.473999 0.431641 0.576137 -0.036647 -0.011153 0.816450
953 4211 -10.148880 0.314758 -0.175346 0.999615 -0.002331 -0.025879 -0.009612
1840 4418 -10.718628 -0.230042 0.064644 0.999920 -0.007371 0.010231 -0.000870
3341 4612 10.568756 1.649780 -0.094054 0.060184 -0.003694 0.021016 0.997958
2006 3408 3.757538 -9.825562 0.357864 0.088343 0.003430 0.020867 0.995866
923 4179 -3.416046 -10.480713 0.125366 0.722959 -0.034542 -0.004854 0.690006
928 4183 -7.184357 -7.558167 -0.246323 0.814698 -0.027621 -0.008377 0.579164
1924 4499 -11.553680 1.429504 0.054474 0.999302 -0.001610 0.007960 -0.036453
3403 4589 -9.718468 5.059937 -0.092674 0.173435 -0.008127 0.023732 0.984525
2012 3405 -2.226257 -11.161530 0.116772 0.351724 0.010594 0.014112 0.935938
990 4240 -11.054962 0.064087 -0.207790 0.999959 0.000884 -0.008904 -0.000870
914 4181 5.999725 -8.322968 0.459198 0.606867 -0.028965 -0.003757 0.794262
909 4198 10.287537 4.707520 0.453522 0.834341 -0.017803 -0.012005 0.550828
1773 4395 10.363708 1.809326 -0.056686 0.683924 0.016447 0.019206 0.729113
909 4185 9.632812 -3.734161 0.456573 0.586356 -0.024380 0.004030 0.809671
904 4191 11.611877 2.496994 0.275322 0.621953 -0.021793 -0.003340 0.782740
1003 4247 -11.847610 0.053589 -0.243866 0.999952 -0.000429 -0.006994 0.006746
945 4202 -10.756210 0.280701 -0.022308 0.996504 -0.018488 -0.021801 0.078488
993 4242 -11.042389 0.049805 -0.260796 0.999966 0.000812 -0.008059 0.000045
3375 4605 -9.825500 2.252136 0.035715 -0.012542 -0.013926 0.014153 0.999723
1917 4492 -11.554413 1.589722 0.004654 0.999049 0.001079 -0.000447 -0.043581
1920 4496 -10.203827 1.334229 0.104218 0.999317 -0.001545 0.008472 -0.035924
1953 4527 -11.685532 1.832825 0.174660 0.999626 -0.001948 -0.001266 -0.027247
2020 4573 -11.893799 -0.632812 0.282570 0.716060 -0.008444 0.041011 -0.696781
1034 4276 7.453690 -8.052551 0.159096 0.945455 -0.007723 -0.000344 -0.325658
1999 3415 7.606644 -8.473022 0.505314 -0.340006 -0.000558 0.022661 0.940151
1775 4398 9.713501 5.616669 0.010689 0.697960 0.013256 0.024176 0.715604
1995 4576 11.746386 -2.425476 0.347511 0.994391 -0.025359 0.003583 -0.102624
3326 4631 -0.538055 10.656250 -0.288023 0.438534 -0.017942 0.022930 0.898241
1003 4265 11.848541 0.192627 0.225845 0.999965 0.005831 -0.005428 0.002231
956 4213 -10.986862 0.292297 -0.219513 0.999704 -0.000504 -0.021270 -0.011687
2011 3406 -1.366577 -10.769104 0.208492 0.296115 0.008301 0.015838 0.954986
1787 4387 1.801270 -11.806038 0.073036 0.835967 0.004791 0.009398 0.548676
1846 4423 -11.278625 -0.161987 -0.034515 0.999979 -0.001104 0.006219 0.001316
1971 4543 -11.543106 1.083984 -0.287083 0.999927 -0.006735 0.005769 -0.008173
3387 4597 -10.272903 2.390625 0.183563 -0.022552 -0.004342 0.015755 0.999611
1799 4406 10.981384 2.349518 0.020912 0.979189 0.006728 0.008282 0.202668
1934 4525 10.579987 1.813660 0.408707 0.999179 -0.009447 0.003452 0.039233
1879 4455 -11.930420 0.364990 -0.070511 0.999963 0.001785 0.008285 0.001379
1776 4397 9.557495 4.077698 0.018143 0.702557 0.015176 0.019384 0.711200
1775 4391 10.046814 -3.774384 -0.011086 0.691400 0.007895 0.017045 0.722226
1921 4512 10.811340 1.682983 0.552994 0.999307 -0.006493 0.006684 0.036014
1016 4254 -10.510147 0.211487 -0.148365 0.999959 -0.005930 -0.003727 0.005615
3337 4614 10.583616 0.742310 -0.091128 0.124886 -0.000858 0.018666 0.991994
948 4226 11.018753 -0.129395 0.236496 0.999929 -0.000232 -0.011055 -0.004339
931 4185 -8.932510 -6.264709 -0.367645 0.847147 -0.027013 -0.008377 0.530602
925 4209 10.439178 1.027710 0.052155 0.998957 -0.005406 -0.011527 0.043824
1024 4257 -10.346909 1.447571 -0.125214 0.997787 -0.014320 0.000152 -0.064909
1048 4275 -8.503723 -7.382538 0.443893 0.750954 -0.007789 -0.001260 -0.660304
3335 4629 -6.433224 7.776978 0.081937 0.247822 0.002508 0.022421 0.968542
1996 4559 -9.762144 2.575867 -0.176823 0.991186 -0.004696 0.010443 -0.131981
3320 4631 3.956360 10.518982 -0.282938 0.525620 -0.028743 0.017728 0.850043
1847 4441 11.552399 -0.012878 -0.059685 0.999884 -0.007119 0.013439 0.000465
1855 4432 -10.698273 0.005249 -0.161613 0.999971 -0.003559 -0.001278 0.006636
932 4187 -9.027634 -5.185303 -0.343849 0.872501 -0.029418 -0.012341 0.487568
935 4217 11.306824 0.093811 0.057709 0.999921 0.002378 -0.012242 0.000517
1988 4554 -11.679245 1.139648 -0.214432 0.999731 -0.015491 0.008047 -0.015279
1966 4539 -11.319550 1.402039 -0.227467 0.999883 -0.009880 0.000471 -0.011698
3313 4625 11.059204 1.866821 0.402294 0.574294 -0.038137 0.009087 0.817705
3337 4613 11.857029 0.420715 -0.107329 0.122107 -0.000717 0.019153 0.992330
1973 4545 -10.983749 0.973022 -0.369858 0.999973 -0.004862 0.000724 -0.005500
1930 4505 -11.458710 1.653931 -0.000755 0.999360 -0.000614 0.001212 -0.035746
927 4211 10.992249 0.661499 0.079590 0.999559 0.002411 -0.016897 0.024269
918 4205 10.923492 3.361755 0.349396 0.978818 -0.018132 -0.012763 0.203522
913 4180 7.157928 -8.544769 0.552483 0.568910 -0.029077 -0.001305 0.821879
3350 4607 10.476212 2.425232 -0.123588 0.005932 -0.012009 0.022952 0.999646
1837 4431 10.314117 -0.223877 0.026588 0.999967 -0.004743 0.005939 0.002799
1962 4536 -10.458221 1.750122 0.001106 0.999880 -0.007894 0.002581 -0.013088
1007 4249 -11.885284 0.074524 -0.274265 0.999919 -0.002301 -0.008992 0.008642
1972 4562 11.843338 0.753662 -0.045334 0.999992 -0.002248 -0.002862 -0.001621
2018 4574 -10.272705 -2.695648 0.161957 0.742965 -0.009020 0.036506 -0.668273
2013 4578 -4.628723 -9.065735 0.155357 0.810884 -0.012867 0.026619 -0.584459
2007 3416 -2.791504 -10.389648 0.470211 -0.123903 0.000229 0.019956 0.992094
3350 4623 -10.466827 3.609863 -0.129121 0.067405 -0.004580 0.022651 0.997457
1975 4563 10.188583 0.705139 -0.080498 0.999991 -0.002445 -0.003268 -0.000882
2006 3405 5.584412 -10.228271 0.319660 0.174967 -0.000396 0.015655 0.984451
3408 4570 8.222565 -7.115479 -0.081924 0.328963 -0.002776 0.002840 0.944334
1932 4508 -9.971497 1.763245 0.277878 0.999493 -0.001242 0.002732 -0.031698
3320 4620 11.345520 -2.104980 0.417330 0.467336 -0.028321 0.020111 0.883395
944 4200 -11.374023 -0.100098 -0.088142 0.991107 -0.021401 -0.022759 0.129340
1828 4408 -10.695465 -0.412476 0.063797 0.999919 0.001785 0.012311 -0.002412
1880 4457 -10.417175 0.407593 -0.048111 0.999952 -0.003200 0.009173 0.000780
3331 4631 -5.063065 10.136414 0.056166 0.339193 -0.001157 0.018622 0.940530
2019 4574 -11.040710 -2.304565 0.199989 0.730026 -0.008215 0.039790 -0.682210
2014 4578 -5.669128 -8.842316 0.153130 0.796866 -0.012685 0.030785 -0.603237
3315 4624 10.682556 1.219299 0.349049 0.546680 -0.033849 0.011505 0.836574
1846 4439 10.124542 -0.044983 -0.060394 0.999929 -0.004826 0.010716 0.001580
1805 4392 -11.378174 -3.584229 0.099983 0.994038 0.001161 0.005384 0.108894
1972 4561 10.572449 0.766235 -0.070415 0.999995 -0.001467 -0.002295 -0.001639
967 4240 10.724960 0.000427 0.085999 0.999959 -0.007257 -0.002400 0.004556
3342 4611 11.175209 1.757202 -0.100054 0.049408 -0.005318 0.021210 0.998538
913 4202 10.861633 4.934296 0.490967 0.927260 -0.021587 -0.011108 0.373628
938 4193 -11.011978 -2.144043 -0.379524 0.944379 -0.026283 -0.023215 0.326983
2017 4571 -10.015320 0.706268 0.177177 0.753488 -0.013617 0.031153 -0.656582
3397 4591 -9.479858 3.295288 -0.142113 0.035837 -0.016243 0.026338 0.998878
3418 4569 -3.191711 -10.067780 -0.169506 0.591466 -0.010355 0.001038 0.806260
1831 4410 -11.243866 -0.395935 -0.084450 0.999990 0.003867 -0.001243 -0.001412
994 4259 10.209595 0.066895 0.224480 0.999970 0.003159 -0.006964 -0.001090
995 4243 -11.346909 0.053650 -0.260033 0.999980 0.000575 -0.006042 0.001065
3324 4620 9.982758 -1.084839 0.244657 0.413669 -0.019861 0.021416 0.909957
1045 4277 -4.841187 -10.765991 0.520950 0.789027 -0.007444 -0.006837 -0.614272
3399 4574 11.017574 -0.161011 -0.059289 0.095917 0.001238 0.002906 0.995384
1859 4452 10.913971 -0.028503 -0.062927 0.999968 -0.005192 0.005982 -0.000543
3374 4607 -11.450485 2.264465 0.017347 -0.008715 -0.011651 0.009196 0.999851
3352 4622 -10.730530 3.458801 -0.067112 0.061945 -0.006582 0.022426 0.997805
2003 4561 -10.046753 5.294434 -0.268047 0.946443 0.000712 0.003386 -0.322853
910 4181 9.691528 -6.631378 0.493851 0.526813 -0.023365 -0.000198 0.849655
1048 4265 -10.411804 5.935516 0.161278 0.755691 -0.006588 -0.002616 -0.654887
972 4226 -11.609634 0.060608 -0.306396 0.999884 0.005586 -0.013323 -0.004541
3330 4631 -4.114716 10.357544 0.004745 0.360395 -0.003279 0.018459 0.932610
905 4192 11.141724 2.663132 0.282974 0.659806 -0.022766 -0.002338 0.751083
3408 4587 -8.921722 6.335083 -0.274061 0.323072 -0.015057 0.024530 0.945936
1884 4476 10.849396 0.625793 0.159103 0.999851 -0.005075 -0.001056 0.016473
2002 3408 8.451172 -8.149719 0.406597 -0.040353 0.000795 0.023021 0.998921
1038 4262 -8.708313 5.123352 -0.172226 0.899823 -0.009992 -0.005889 -0.436097
2009 3409 -0.510498 -10.052917 0.305347 0.149103 0.008982 0.020306 0.988573
971 4244 11.930817 0.067383 0.217499 0.999942 -0.004476 -0.006121 0.007495
1050 4273 -10.546875 -4.122681 0.317940 0.732216 -0.001929 -0.002798 -0.681060
1960 4551 11.459946 1.708862 0.077896 0.999909 -0.007001 0.000511 0.011519
996 4261 11.334229 0.087708 0.227436 0.999980 0.002167 -0.005669 -0.001461
1821 4418 10.116913 -0.426086 -0.066895 0.999877 -0.005711 0.014268 0.003017
1808 4394 -11.152100 -2.371643 0.135895 0.997012 -0.003362 0.003395 0.077094
908 4184 10.619873 -3.857910 0.482697 0.546429 -0.025026 0.006370 0.837101
1025 4257 -10.770844 1.856750 -0.141891 0.996339 -0.015251 0.000086 -0.084111
1865 4442 -10.811310 0.285583 -0.084732 0.999960 -0.001031 0.004802 0.007380
1856 4433 -10.683533 0.029297 -0.184158 0.999967 -0.003308 -0.002240 0.007020
3358 4601 11.595474 2.344666 -0.075818 0.006366 -0.007533 0.025591 0.999623
1988 4572 11.239349 0.384033 0.174088 0.999494 -0.028341 -0.007850 -0.012110
962 4236 10.439972 -0.111389 0.213127 0.999965 -0.006192 -0.005510 0.000818
972 4244 10.964706 0.062683 0.209999 0.999939 -0.005361 -0.006566 0.006935
1864 4457 11.206879 0.110474 -0.061676 0.999975 -0.004780 0.004670 0.002101
1876 4468 10.384064 0.507019 0.165848 0.999908 -0.006126 0.006515 0.010171
910 4199 10.333496 4.826050 0.481483 0.862004 -0.018831 -0.010139 0.506448
1798 4406 11.489990 2.934631 -0.022186 0.973476 0.007777 0.010131 0.228431
1787 4388 2.321228 -10.606110 0.059654 0.833995 0.003417 0.012042 0.551628
1955 4530 -10.108261 1.747009 0.178467 0.999803 -0.000938 0.000938 -0.019791
1038 4261 -9.538940 6.165894 -0.201317 0.899947 -0.009040 -0.002550 -0.435895
1987 4554 -11.021225 0.975586 -0.238953 0.999827 -0.015409 0.006809 -0.007866
2012 4566 -8.931213 4.947052 -0.227306 0.820373 -0.005659 0.012009 -0.571674
3418 4568 -2.798645 -11.273712 -0.211391 0.591750 -0.011107 0.004187 0.806032
1902 4478 -10.221069 1.178955 -0.055061 0.999953 -0.003368 0.002485 -0.008672
1871 4463 10.080902 0.294739 0.011909 0.999965 -0.005897 0.000970 0.005746
988 4239 -10.565521 0.061340 -0.173878 0.999962 0.002119 -0.008238 -0.001211
2008 3409 0.710815 -10.062134 0.345966 0.117100 0.006439 0.021114 0.992876
991 4241 -10.649414 0.057190 -0.218338 0.999969 0.000700 -0.007741 -0.000668
1792 4388 -3.010010 -10.678879 0.172668 0.905666 -0.000367 0.012019 0.423819
907 4197 10.704163 5.055634 0.346268 0.790565 -0.019786 -0.009263 0.611985
2018 4577 -9.867310 -6.466003 0.065414 0.744831 -0.007040 0.041763 -0.665907
1845 4423 -10.037415 -0.191833 -0.044456 0.999982 0.001180 0.005652 0.001674
1833 4428 10.891296 -0.305237 0.083000 0.999993 -0.001062 -0.000460 0.003564
915 4203 10.736877 4.245300 0.508202 0.951229 -0.017468 -0.018201 0.307450
1861 4438 -10.709015 0.157104 -0.145554 0.999960 -0.001670 -0.002445 0.008382
1915 4491 -10.179016 1.546265 -0.002831 0.999182 -0.001568 0.000580 -0.040385
1800 4406 10.500244 1.773865 0.075188 0.984066 0.005068 0.006006 0.177630
3359 4617 -10.175095 2.797058 -0.025811 0.028598 -0.007288 0.017626 0.999408
3419 4582 -8.706726 6.062592 -0.377331 0.601797 -0.023891 0.023711 0.797937
1032 4276 9.341782 -7.023254 0.124779 0.963518 -0.008347 -0.000279 -0.267511
1818 4400 -11.652588 -0.649048 0.097061 0.999865 0.009233 0.011484 0.007207
951 4209 -10.199524 0.369324 -0.180481 0.999642 -0.004996 -0.024803 -0.008583
1050 4268 -11.103577 2.591461 0.179108 0.736429 -0.002913 -0.006935 -0.676470
3336 4614 11.175554 0.350037 -0.087529 0.142649 -0.000644 0.019185 0.989586
1964 4555 11.761322 1.329651 -0.129639 0.999937 -0.010133 0.003464 0.003366
989 4240 -10.182907 0.059998 -0.178707 0.999963 0.000553 -0.008399 -0.000798
933 4186 -10.142319 -5.657837 -0.348732 0.860418 -0.029741 -0.007900 0.508655
3318 4631 5.302979 10.376221 -0.275789 0.548388 -0.033322 0.016766 0.835387
2015 4566 -10.066650 6.206848 0.015663 0.777730 -0.004685 0.024251 -0.628113
1793 4389 -3.343933 -9.519882 0.172783 0.918374 -0.001492 0.014657 0.395438
1777 4389 9.331787 -6.813141 0.013756 0.704411 0.002418 0.009707 0.709720
1825 4405 -11.670532 -0.454773 -0.037468 0.999995 0.001516 0.002572 -0.001061
998 4262 11.207352 0.110413 0.244541 0.999942 0.003611 -0.010010 -0.000967
3326 4632 -1.354980 11.702637 -0.344024 0.442525 -0.013695 0.019949 0.896428
3341 4611 11.861870 1.480896 -0.108588 0.060837 -0.004561 0.020405 0.997927
2001 3418 3.678009 -10.702942 0.575855 -0.360423 -0.002304 0.021751 0.932533
3366 4613 -11.496567 2.607666 0.069332 0.010371 -0.005783 0.020458 0.999719
2010 4565 -8.750916 5.154236 -0.258789 0.852550 -0.005311 0.006586 -0.522577
949 4207 -10.177200 0.427856 -0.113350 0.999811 -0.007840 -0.017530 -0.002832
1822 4419 10.482544 -0.415222 -0.028503 0.999898 -0.005740 0.012692 0.002982
3359 4601 10.702103 2.349609 -0.067057 0.006223 -0.007798 0.026041 0.999610
1853 4430 -10.761627 -0.033081 -0.108871 0.999962 -0.006310 0.002067 0.005506
3356 4619 -10.152969 3.012390 -0.074038 0.042303 -0.008503 0.018325 0.998900
2003 3412 4.855743 -8.999146 0.449028 -0.131429 0.002222 0.022622 0.991066
1989 4573 11.841568 0.126282 0.235245 0.999385 -0.028052 -0.006467 -0.020037
1041 4262 -9.347382 6.689514 -0.174355 0.856186 -0.012482 -0.007060 -0.516466
3315 4622 11.773926 -1.177551 0.520819 0.536099 -0.041359 0.018772 0.842928
1042 4263 -8.951050 5.990540 -0.109360 0.841162 -0.012019 -0.007830 -0.540590
3417 4569 -1.927002 -10.160217 -0.162863 0.570770 -0.010751 0.000810 0.821036
2012 4565 -9.373779 6.135742 -0.217693 0.820381 -0.003401 0.010732 -0.571706
2010 4564 -9.327087 6.287781 -0.234924 0.852428 -0.003641 0.005667 -0.522801
2007 3404 4.838684 -10.873596 0.289150 0.232045 0.002662 0.017234 0.972549
1939 4531 11.846252 1.808044 0.291710 0.999189 -0.013177 0.005661 0.037635
3318 4623 10.013062 0.802185 0.265665 0.506878 -0.031406 0.017545 0.861261
3366 4612 -10.188690 2.576416 0.066354 0.008677 -0.006391 0.020672 0.999727
935 4190 -10.168015 -3.500916 -0.363037 0.911617 -0.027398 -0.019791 0.409645
966 4240 11.664780 -0.012390 0.269867 0.999902 -0.008710 -0.010123 0.004063
3406 4571 9.173065 -5.282349 -0.047129 0.275158 -0.003404 -0.005176 0.961379
2004 3406 7.423492 -9.205933 0.380028 0.079553 -0.001091 0.017368 0.996680
1901 4477 -10.264526 1.148499 -0.060005 0.999963 -0.004899 0.003502 -0.005960
1849 4442 10.362946 0.040283 -0.016617 0.999936 -0.003194 0.010714 0.001176
1986 4570 10.060394 0.701538 0.103325 0.999606 -0.025996 -0.010557 -0.001024
3327 4618 10.743164 -1.637756 0.215148 0.347372 -0.016897 0.025596 0.937224
923 4208 10.778763 1.588989 0.153084 0.997195 -0.007480 -0.010499 0.073719
2014 3405 -4.530945 -10.866547 0.062157 0.396860 0.018463 0.012100 0.917615
964 4238 11.037338 -0.054810 0.312836 0.999880 -0.008635 -0.012506 0.002762
991 4258 11.346985 0.071472 0.226345 0.999978 0.001804 -0.006216 -0.000856
2006 3409 3.189514 -9.696716 0.371181 0.054978 0.003566 0.020909 0.998263
1956 4531 -9.983719 1.746643 0.189964 0.999831 -0.001263 0.000072 -0.018341
1780 4388 7.772522 -8.885895 0.024956 0.735040 0.002817 0.006471 0.677986
1908 4483 -11.504181 1.523865 -0.025452 0.999598 0.000206 0.004623 -0.027966
1895 4486 10.009827 1.070862 0.070328 0.999423 -0.009388 0.003324 0.032456
1970 4559 10.087387 0.861511 -0.108074 0.999975 -0.006449 0.001120 -0.002521
1798 4390 -7.731384 -7.109314 0.072571 0.968500 0.004128 0.009808 0.248784
948 4205 -10.995819 0.433472 -0.123894 0.999422 -0.012272 -0.022298 0.022514
1010 4251 -11.139175 0.101501 -0.261215 0.999924 -0.003300 -0.007500 0.009088
1826 4406 -11.333984 -0.431519 0.009796 0.999986 -0.000771 0.004848 -0.001832
3332 4630 -4.950439 9.098816 0.047188 0.312356 -0.002952 0.022520 0.949692
2019 4572 -11.197632 0.222046 0.233269 0.728441 -0.010406 0.036131 -0.684074
935 4189 -10.581696 -4.039001 -0.372917 0.899192 -0.027842 -0.017668 0.436306
2000 3413 7.632858 -8.100708 0.468182 -0.254193 0.000887 0.024692 0.966839
1935 4526 10.560669 1.803589 0.392059 0.999195 -0.012472 0.003798 0.037934
988 4256 11.331512 0.091431 0.183765 0.999986 -0.000660 -0.005091 0.000180
3318 4621 11.321045 -1.488281 0.440830 0.496213 -0.034359 0.020322 0.867281
973 4245 11.275986 0.077148 0.184624 0.999940 -0.005100 -0.006364 0.007203
908 4196 10.163391 3.860229 0.392456 0.786861 -0.018619 -0.011639 0.616737
1909 4500 10.467072 1.383301 0.032242 0.999456 -0.012093 0.006145 0.030037
1924 4500 -10.165131 1.343994 0.044151 0.999466 -0.002207 0.008296 -0.031521
3322 4619 11.482727 -2.705994 0.391463 0.437948 -0.024424 0.021014 0.898421
981 4251 11.250763 0.074219 0.188828 0.999963 -0.001016 -0.006857 0.004849
1775 4396 9.784241 2.895416 -0.000336 0.694425 0.014492 0.016600 0.719226
2001 3416 4.756226 -9.802185 0.542881 -0.310999 -0.003078 0.021652 0.950159
943 4200 -10.521240 -0.157715 -0.139748 0.990782 -0.021586 -0.024694 0.131430
2004 3411 4.220459 -9.398865 0.445858 -0.067846 0.003135 0.021067 0.997469
922 4178 -2.466797 -11.188599 0.112740 0.698282 -0.036721 -0.008624 0.714825
1823 4404 -11.002838 -0.507690 0.013481 0.999981 0.005124 0.003260 0.000615
1898 4489 10.130066 1.249634 0.140854 0.999231 -0.013306 0.003244 0.036727
2019 4573 -11.124390 -1.038422 0.219643 0.729223 -0.008879 0.036792 -0.683228
3357 4619 -11.029816 2.992188 -0.059031 0.041395 -0.008143 0.017819 0.998950
942 4221 10.276260 -0.019897 0.148140 0.999893 0.002988 -0.014267 0.000381
968 4223 -11.334442 0.052917 0.017029 0.999970 0.004789 0.003858 -0.004601
907 4192 10.187195 1.682953 0.350822 0.692415 -0.024724 -0.004588 0.721057
1780 4400 9.297180 7.123413 -0.010597 0.745195 0.012066 0.027363 0.666175
1848 4441 10.290833 0.013000 -0.028305 0.999915 -0.005598 0.011662 0.001111
2008 3405 3.020752 -10.887634 0.287426 0.236001 0.002089 0.016304 0.971615
1916 4492 -10.183105 1.511536 0.006813 0.999182 -0.000496 -0.000647 -0.040429
1816 4415 10.718719 -0.383240 0.111847 0.999924 -0.004758 0.009203 0.006641
1935 4510 -11.273834 1.980713 0.297050 0.999253 -0.001033 0.001541 -0.038594
2008 3406 2.516113 -10.586548 0.294643 0.205013 0.002177 0.016037 0.978626
931 4213 10.117813 0.302307 0.085091 0.999817 0.002867 -0.017398 0.007280
1963 4553 10.419098 1.457764 -0.095142 0.999949 -0.007801 0.002645 0.005905
1973 4562 10.844818 0.737793 -0.034836 0.999990 -0.001503 -0.003910 -0.001482
960 4217 -10.582565 0.190247 -0.145813 0.999868 0.000927 -0.011907 -0.010900
918 4179 1.943390 -10.474121 0.397163 0.648546 -0.037659 -0.004613 0.760225
1772 4394 10.727234 0.549469 -0.070015 0.680169 0.015932 0.020883 0.732583
1801 4391 -9.352295 -5.291992 -0.000298 0.984819 0.005598 0.003811 0.173453
3333 4616 10.368752 -0.052551 -0.046306 0.208388 0.000477 0.021284 0.977813
1874 4466 10.214569 0.414856 0.068352 0.999957 -0.001526 0.000493 0.009070
1922 4513 10.804016 1.747131 0.610741 0.999263 -0.007497 0.004952 0.037315
942 4199 -10.417465 -0.356750 -0.224739 0.986580 -0.022505 -0.027716 0.159325
1984 4553 -10.209167 0.740540 -0.325516 0.999902 -0.013238 0.000934 0.004550
3316 4629 7.615906 7.626953 -0.059059 0.561328 -0.033643 0.017655 0.826717
1985 4570 10.755234 0.791687 0.144333 0.999583 -0.025885 -0.012401 0.003100
952 4210 -10.174530 0.339783 -0.191849 0.999600 -0.004198 -0.026289 -0.009409
1880 4472 10.634216 0.597778 -0.057610 0.999783 -0.014141 0.008896 0.012447
1814 4398 -10.792145 -0.887817 0.145828 0.999747 0.006432 0.008634 0.019757
1041 4277 0.073486 -11.165192 0.434540 0.852423 -0.007375 -0.005770 -0.522767
3397 4575 11.061241 0.837097 0.042141 0.058021 -0.004949 0.002133 0.998300
3425 4573 -11.244507 -3.325378 0.008419 0.684780 -0.021828 0.012890 0.728307
1775 4392 9.999878 -2.449860 -0.019814 0.691602 0.011005 0.018939 0.721945
1881 4457 -11.753906 0.438660 -0.109589 0.999969 -0.003692 0.006868 0.000220
1035 4261 -8.916626 4.555359 -0.140144 0.937277 -0.010180 0.000968 -0.348433
2011 3415 -6.936218 -9.120056 0.406467 0.029001 0.008477 0.019101 0.999362
1009 4251 -10.530640 0.107178 -0.234482 0.999928 -0.004251 -0.006774 0.008804
2004 3414 2.347778 -9.786865 0.486206 -0.161262 -0.000258 0.021597 0.986676
2004 3413 2.950989 -9.653625 0.458622 -0.130720 0.001257 0.022795 0.991157
1020 4271 10.220001 0.037415 0.176620 0.999871 -0.000993 -0.004383 -0.015341
1970 4542 -11.815811 1.148315 -0.280556 0.999915 -0.008445 0.002970 -0.009460
3346 4609 10.910095 2.273315 -0.162887 0.016256 -0.008816 0.020479 0.999618
1771 4395 10.900635 1.931915 -0.068604 0.679623 0.017227 0.020313 0.733077
3420 4582 -9.140381 6.447937 -0.326164 0.618714 -0.021460 0.023404 0.784972
1885 4477 10.909851 0.647034 0.098228 0.999830 -0.003357 0.002283 0.017976
1775 4397 9.747742 4.249725 0.006721 0.695791 0.015296 0.020066 0.717800
950 4207 -11.091034 0.442688 -0.130684 0.999805 -0.007758 -0.017852 -0.003170
3402 4572 11.386139 -2.388245 -0.158867 0.165010 0.006289 0.000570 0.986271
937 4219 11.969299 -0.067566 0.006737 0.999938 0.003509 -0.009819 -0.003625
3404 4572 9.791000 -3.559265 -0.018530 0.217985 -0.000896 -0.002456 0.975948
1839 4417 -10.897797 -0.248474 0.004120 0.999967 -0.006210 0.005031 -0.000967
1891 4483 11.231079 0.895630 0.064957 0.999555 -0.004972 0.006099 0.028755
3393 4577 11.267883 1.692749 -0.085699 0.026655 -0.000668 -0.000110 0.999644
3389 4580 10.305481 2.103699 -0.101540 0.015400 -0.010752 0.005071 0.999810
2011 3412 -4.893921 -9.341553 0.319942 0.121125 0.012545 0.018579 0.992385
1859 4435 -11.994751 0.103271 -0.190048 0.999959 -0.005343 -0.000361 0.007285
1013 4269 11.028641 0.369568 0.266579 0.999939 0.006582 -0.006533 0.005904
2012 4580 -2.674438 -11.662720 0.093033 0.826202 -0.003886 0.023803 -0.562857
926 4179 -6.221024 -10.186462 -0.066109 0.749079 -0.032013 -0.006491 0.661671
977 4231 -10.228058 0.067932 -0.160000 0.999944 0.009526 -0.003644 -0.002519
3418 4582 -8.228943 5.691101 -0.395397 0.582908 -0.025340 0.023094 0.811812
1051 4269 -11.690186 1.530304 0.169022 0.726714 0.000401 -0.005897 -0.686911
3344 4610 11.063797 2.061951 -0.124350 0.029854 -0.007683 0.019321 0.999337
1920 4511 10.805817 1.600403 0.498528 0.999378 -0.005189 0.005113 0.034491
1918 4494 -10.187103 1.415466 0.045441 0.999249 0.000292 0.003908 -0.038530
1785 4401 9.478394 6.390594 -0.125145 0.812252 0.016611 0.028373 0.582378
1829 4425 11.297485 -0.376404 -0.003380 0.999970 0.001964 0.006716 0.003276
2006 4579 4.502441 -9.891846 0.330231 0.915042 -0.010130 0.014416 -0.402974
1778 4389 8.897583 -7.041473 0.016113 0.713602 0.002289 0.009805 0.700477
949 4205 -11.900864 0.450195 -0.121513 0.999432 -0.012843 -0.021593 0.022435
1033 4276 8.423126 -7.565186 0.134857 0.954995 -0.007987 0.000226 -0.296511
2019 4570 -11.351013 2.745453 0.246513 0.727260 -0.009421 0.035582 -0.685373
1784 4401 9.525208 6.899765 -0.125443 0.797327 0.016269 0.028797 0.602640
927 4210 10.046021 0.633423 0.066444 0.999559 0.001212 -0.016855 0.024390
3365 4596 11.593933 2.195068 -0.004541 0.011778 -0.017753 0.024859 0.999463
1770 4396 11.073730 3.297699 -0.066124 0.679613 0.016817 0.020680 0.733084
1023 4272 10.092926 -0.800781 0.121529 0.998652 -0.005155 -0.001397 -0.051609
975 4246 10.624939 0.077148 0.123070 0.999958 -0.003293 -0.004689 0.007065
3361 4616 -10.683075 2.737000 -0.036972 0.023009 -0.006611 0.018294 0.999545
1803 4407 9.978210 0.950623 0.114693 0.992986 0.001678 0.006172 0.118057
3380 4585 11.473648 2.211609 0.018877 0.013892 -0.017833 0.015371 0.999626
1910 4486 -10.177734 1.517517 -0.069107 0.999485 -0.002922 -0.001095 -0.031920
3320 4621 10.611938 -1.005371 0.339523 0.472588 -0.029772 0.020944 0.880529
908 4195 10.048523 3.153595 0.387787 0.768575 -0.019660 -0.010851 0.639362
966 4239 10.396164 -0.022339 0.238350 0.999907 -0.007488 -0.010709 0.003718
989 4239 -11.451645 0.062683 -0.205929 0.999956 0.001772 -0.008988 -0.001151
953 4229 10.173126 -0.131531 0.244125 0.999988 0.001446 -0.003973 -0.002252
924 4209 11.083466 1.325928 0.091240 0.998286 -0.007154 -0.011420 0.056940
1923 4514 10.795898 1.797913 0.609055 0.999221 -0.008714 0.003869 0.038294
1878 4470 10.520569 0.553345 0.078682 0.999862 -0.011391 0.005111 0.010931
1045 4276 -5.166382 -9.458069 0.480400 0.789356 -0.009337 -0.008348 -0.613805
3403 4572 10.609047 -3.000854 -0.069546 0.189147 0.002550 -0.000697 0.981945
984 4235 -11.937775 0.083191 -0.240650 0.999937 0.004119 -0.010000 -0.002564
1881 4473 10.690521 0.597534 -0.035477 0.999780 -0.014865 0.007407 0.012759
3402 4589 -9.311756 4.666138 -0.029871 0.149139 -0.004967 0.024670 0.988495
1809 4411 11.104675 0.466736 0.035423 0.998613 -0.009893 0.002613 0.051649
905 4189 11.474243 0.742477 0.317619 0.593568 -0.021464 0.001306 0.804492
929 4213 11.559250 0.443115 0.144073 0.999762 0.002107 -0.017545 0.012702
917 4179 3.060181 -10.350586 0.416679 0.630528 -0.037235 -0.006486 0.775241
1786 4401 9.396790 5.860580 -0.139610 0.827379 0.016826 0.028706 0.560656
3316 4630 7.115784 8.873352 -0.145914 0.566171 -0.038913 0.018135 0.823165
1911 4487 -10.184448 1.543518 -0.090111 0.999397 -0.002467 -0.002330 -0.034546
3396 4575 11.713333 1.170654 0.039439 0.043917 -0.005410 0.002642 0.999016
2004 3407 6.782471 -9.184570 0.388866 0.050731 0.000908 0.020018 0.998512
3326 4619 10.155640 -1.176758 0.222077 0.371654 -0.018057 0.024972 0.927858
906 4194 10.684326 3.519501 0.308273 0.718207 -0.021004 -0.004629 0.695494
1887 4463 -11.251953 0.481689 -0.150215 0.999964 0.006689 0.002294 0.004466
1794 4404 10.550842 4.229630 -0.179443 0.937745 0.007971 0.015935 0.346865
2005 3407 5.610107 -9.577209 0.366493 0.082932 0.001148 0.019164 0.996371
1901 4493 11.594452 1.476135 0.086189 0.999015 -0.014460 0.004961 0.041638
1907 4483 -10.153931 1.376770 -0.048500 0.999753 0.000273 0.003293 -0.021968
2005 3409 4.376526 -9.464294 0.403625 0.022824 0.002894 0.022163 0.999490
1830 4425 10.202301 -0.365784 0.053040 0.999985 0.002286 0.003670 0.003363
1898 4474 -10.424713 1.019897 -0.127182 0.999979 -0.006236 0.000413 0.001230
2015 3407 -6.555847 -9.823425 0.087608 0.360913 0.025408 0.010807 0.932192
3361 4599 11.472977 2.293579 -0.027530 0.007459 -0.014206 0.027555 0.999490
3394 4577 10.556732 1.658142 -0.024362 0.028202 -0.003596 0.001262 0.999594
3331 4616 11.321594 -1.124146 -0.026921 0.252091 0.000504 0.018331 0.967528
951 4228 10.758209 -0.130859 0.269745 0.999974 0.000073 -0.006401 -0.003173
3385 4599 -11.195999 2.062622 0.159437 -0.028528 0.000506 0.018150 0.999427
1022 4273 11.936111 -0.588623 0.161575 0.999232 -0.004574 0.000465 -0.038900
3348 4624 -10.227661 3.823425 -0.096141 0.075993 0.001890 0.020626 0.996892
3349 4608 9.949692 2.420593 -0.114631 0.007736 -0.012651 0.022294 0.999640
1900 4475 -11.702118 1.153687 -0.061348 0.999966 -0.005802 0.003852 -0.004258
3379 4587 9.763611 2.272583 0.097057 0.017305 -0.023458 0.016322 0.999441
2006 3407 4.413300 -9.888733 0.333866 0.114956 0.001794 0.017968 0.993207
1810 4396 -10.116364 -1.630127 0.182449 0.998463 -0.005292 0.003476 0.055053
1826 4422 10.447632 -0.394470 -0.000214 0.999965 -0.004015 0.006893 0.002543
3394 4576 11.816147 1.581665 -0.040217 0.028994 -0.003410 0.000944 0.999573
3376 4588 11.300705 2.191650 0.120333 0.019001 -0.021970 0.017914 0.999417
3415 4585 -8.690247 7.987671 -0.471750 0.516591 -0.016502 0.023572 0.855745
3422 4571 -8.119019 -6.731812 -0.103285 0.653551 -0.009760 -0.000323 0.756818
2018 4571 -10.647644 1.082001 0.189606 0.740757 -0.011455 0.033411 -0.670844
2009 3412 -2.420105 -9.711853 0.337734 0.059563 0.008573 0.019029 0.998007
1987 4571 10.642075 0.576355 0.141045 0.999530 -0.028764 -0.008945 -0.005668
1928 4503 -11.526123 1.541870 -0.071281 0.999360 -0.003095 0.001956 -0.035581
2001 3417 4.221039 -10.184631 0.563702 -0.336599 -0.003206 0.021817 0.941391
2013 3407 -4.328003 -10.249084 0.122631 0.318361 0.016747 0.014045 0.947718
3344 4626 -9.826477 4.620178 0.028072 0.106275 0.002997 0.019800 0.994134
2013 3411 -6.626099 -9.100800 0.236462 0.203895 0.018511 0.013250 0.978729
991 4257 10.033173 0.090759 0.200287 0.999975 0.000503 -0.006908 -0.000341
945 4223 10.077301 -0.132629 0.125740 0.999977 0.002491 -0.003704 -0.004917
962 4237 11.689484 -0.118286 0.225021 0.999963 -0.006184 -0.005707 0.001296
3371 4609 -11.134232 2.395630 0.079578 0.000069 -0.010847 0.010728 0.999883
3340 4613 9.953949 1.517090 -0.100092 0.075214 -0.001725 0.018448 0.996994
1995 4558 -10.539041 2.557678 -0.221729 0.993660 -0.008113 0.008925 -0.111776
1797 4405 10.642517 2.983093 -0.076607 0.966248 0.008441 0.012374 0.257177
1049 4268 -10.453064 2.276428 0.239983 0.746339 -0.004862 -0.006036 -0.665518
1794 4403 9.514221 3.312424 -0.157379 0.936256 0.010029 0.018128 0.350707
2011 4579 -1.852966 -10.505981 0.219925 0.840868 -0.009934 0.021653 -0.540715
2004 3409 5.544159 -9.151367 0.426991 -0.009446 0.002605 0.023047 0.999687
975 4247 11.904785 0.086243 0.137306 0.999949 -0.002492 -0.005881 0.007723
2006 3410 2.517181 -9.719482 0.390110 0.026797 0.003557 0.019711 0.999441
1898 4473 -11.822510 1.057922 -0.138107 0.999976 -0.006775 -0.001007 0.000265
1041 4263 -8.713074 5.499908 -0.130478 0.856223 -0.011873 -0.008271 -0.516401
3410 4569 6.927307 -8.941284 -0.160406 0.387138 -0.002603 0.002744 0.922013
907 4185 11.002869 -2.688110 0.452751 0.547999 -0.026051 0.008610 0.836023
3331 4630 -4.029907 9.296143 0.062176 0.333940 -0.002874 0.020652 0.942362
1777 4390 9.333069 -5.500793 0.006950 0.704806 0.003800 0.013210 0.709265
1939 4514 -11.151672 2.128784 0.433762 0.999106 -0.005138 0.004322 -0.041729
1811 4396 -10.944427 -1.437683 0.163185 0.998950 -0.005277 0.002607 0.045438
3409 4587 -9.056702 6.982422 -0.298889 0.354538 -0.014808 0.024947 0.934590
3325 4631 0.321777 10.662109 -0.259336 0.456476 -0.019103 0.020575 0.889291
1029 4274 9.214209 -4.093689 0.123398 0.982983 -0.008312 0.001678 -0.183497
2009 3413 -3.130432 -9.718201 0.351299 0.028015 0.007343 0.019952 0.999382
911 4180 9.061584 -7.701294 0.519318 0.528174 -0.025208 -0.001307 0.848755
937 4218 10.856598 -0.044617 -0.004951 0.999928 0.002486 -0.010842 -0.004241
2007 3417 -3.431030 -10.543640 0.489597 -0.150705 0.000084 0.020167 0.988374
919 4205 10.466095 2.808105 0.317459 0.983211 -0.017421 -0.012366 0.181213
906 4188 11.024536 -0.357697 0.371834 0.592133 -0.024501 0.001749 0.805461
1948 4523 -10.742844 1.860168 0.341469 0.999408 0.005569 0.001511 -0.033894
1839 4434 11.968262 -0.172852 0.031693 0.999927 -0.007918 0.008680 0.002526
1999 4560 -9.852768 3.534363 -0.205688 0.978723 -0.003485 0.006663 -0.205048
2007 3414 -1.369385 -9.996765 0.418537 -0.065489 0.001793 0.019983 0.997652
1938 4514 -9.806427 2.010864 0.424995 0.999308 -0.005908 0.003584 -0.036549
1046 4276 -6.281982 -9.250458 0.473412 0.775108 -0.008820 -0.005948 -0.631737
921 4178 -1.355560 -11.269897 0.154938 0.683628 -0.037147 -0.009168 0.728823
1043 4264 -8.757690 5.189117 -0.050201 0.825186 -0.008985 -0.007047 -0.564744
1936 4512 -9.848419 1.950439 0.367439 0.999386 -0.002125 0.003414 -0.034804
1961 4551 10.308701 1.684937 0.043762 0.999925 -0.007582 0.001423 0.009465
2017 4578 -8.769226 -8.068115 0.044533 0.757965 -0.005978 0.041848 -0.650923
1912 4488 -10.187317 1.566223 -0.080688 0.999320 -0.003174 -0.001413 -0.036691
1049 4269 -10.286316 0.935913 0.274460 0.745795 -0.004369 -0.004983 -0.666139
2001 4578 9.147476 -6.798584 0.393082 0.967287 -0.019798 0.009193 -0.252745
1022 4272 10.588898 -0.478210 0.148392 0.999283 -0.004152 -0.002441 -0.037523
941 4196 -11.630280 -1.144043 -0.392395 0.968977 -0.023820 -0.032966 0.243779
1951 4526 -10.531204 1.780762 0.186646 0.999635 -0.000167 -0.001952 -0.026955
3316 4622 11.405701 -0.879150 0.459177 0.524603 -0.039162 0.019368 0.850220
983 4252 10.667862 0.078125 0.211296 0.999952 -0.000953 -0.008848 0.003966
2007 4563 -9.281860 5.713623 -0.256565 0.897193 -0.000047 0.002721 -0.441629
3335 4615 10.502213 0.285095 -0.059021 0.165011 0.000604 0.020011 0.986087
3369 4610 -10.500397 2.453491 -0.005572 0.004160 -0.012771 0.015276 0.999792
2014 3409 -6.430847 -9.318970 0.189919 0.283198 0.023028 0.014486 0.958677
2008 4563 -9.486511 6.287354 -0.254051 0.883347 -0.000352 0.003409 -0.468707
1788 4402 9.869751 5.989025 -0.247490 0.857325 0.014512 0.028304 0.513790
924 4181 -4.168442 -9.134460 0.125221 0.762052 -0.030201 -0.000072 0.646808
1030 4275 9.768955 -5.140808 0.120193 0.977601 -0.009506 -0.000311 -0.210249
973 4244 9.999435 0.061401 0.167564 0.999948 -0.005854 -0.005230 0.006466
1996 4575 9.841703 -2.653748 0.264591 0.992020 -0.023778 0.003955 -0.123750
3312 4624 11.926147 0.275391 0.541855 0.580073 -0.040465 0.008878 0.813506
926 4181 -5.952835 -8.935852 -0.067963 0.777219 -0.027394 -0.004083 0.628617
2010 4580 -0.012817 -11.733521 0.205055 0.857872 -0.006604 0.019621 -0.513446
1900 4491 10.195465 1.339844 0.076546 0.999176 -0.013909 0.005603 0.037705
910 4182 9.473389 -6.063568 0.485008 0.546545 -0.023827 0.000134 0.837085
969 4242 11.332581 0.028687 0.018303 0.999969 -0.003980 0.002451 0.006271
1841 4419 -10.556824 -0.215271 0.080063 0.999897 -0.005968 0.013006 -0.000775
1774 4396 10.023926 3.042633 -0.022972 0.688939 0.014929 0.017809 0.724445
2005 3418 -1.485504 -11.062744 0.538193 -0.238539 -0.000912 0.020863 0.970909
2001 4577 8.043106 -6.162354 0.379230 0.967047 -0.021841 0.005683 -0.253597
2003 3411 5.449738 -8.934326 0.445988 -0.100024 0.002811 0.021730 0.994744
972 4227 -10.388809 0.046692 -0.262039 0.999929 0.006483 -0.009047 -0.004017
1031 4259 -10.197121 3.954773 -0.175095 0.972707 -0.011134 0.001428 -0.231761
1899 4475 -10.363831 1.055786 -0.084282 0.999977 -0.006091 0.002644 -0.000770
2017 4576 -9.128662 -5.558685 0.126411 0.756969 -0.009770 0.039645 -0.652174
1850 4443 10.432037 0.069824 -0.045517 0.999932 -0.002183 0.011335 0.001217
1008 4250 -11.218033 0.087708 -0.252396 0.999925 -0.003309 -0.007644 0.008930
1988 4555 -10.390900 1.097229 -0.215378 0.999705 -0.017001 0.007566 -0.015621
1001 4264 11.845291 0.157410 0.248463 0.999961 0.005177 -0.006943 0.000788
1017 4271 11.670059 0.354675 0.212753 0.999979 0.004717 -0.004186 -0.000020
3312 4627 10.706482 4.086975 0.321793 0.595784 -0.038721 0.011109 0.802130
1793 4404 10.855835 4.910416 -0.218742 0.926252 0.008813 0.017556 0.376390
1859 4436 -10.674683 0.124695 -0.171959 0.999958 -0.005454 -0.001477 0.007220
1802 4392 -8.966858 -4.498260 0.001068 0.988129 0.008639 0.003078 0.153353
927 4181 -6.783569 -8.856873 -0.176216 0.782418 -0.026871 -0.007199 0.622129
1853 4447 11.947357 -0.048828 -0.171715 0.999918 -0.006821 0.010764 -0.000714
2003 3413 4.199310 -9.270508 0.459904 -0.162663 0.000913 0.023374 0.986405
3317 4621 11.668091 -1.760620 0.497972 0.507886 -0.036611 0.019894 0.860410
3335 4614 11.740891 -0.135803 -0.066133 0.161014 -0.001228 0.020263 0.986742
3420 4570 -5.803162 -8.459900 -0.142996 0.626498 -0.008403 -0.000081 0.779375
3317 4628 7.554077 6.566833 -0.008266 0.545358 -0.026232 0.018147 0.837591
1943 4518 -11.024216 2.075867 0.377693 0.999073 -0.000992 0.002268 -0.042969
1023 4256 -11.210464 1.246948 -0.144379 0.998747 -0.014153 -0.000657 -0.047971
