idx1 idx2 t_1 t_2 t_3 q_1 q_2 q_3 q_4
593 1386 -2.068100 9.717384 -1.450267 0.526869 0.009244 -0.000803 -0.849896
1401 3557 1.450203 10.008911 0.875060 0.495395 -0.002397 0.005481 0.868648
543 3554 8.175451 -6.300568 -0.509077 0.804871 0.010327 0.003744 -0.593348
496 3481 -11.232346 -0.357498 -0.415454 0.999894 0.003768 -0.002529 -0.013820
64 4517 10.215775 -0.124674 0.535870 0.999966 -0.006927 -0.003720 -0.002338
537 595 8.225386 -6.437744 -0.052378 0.790817 0.015072 0.001067 -0.611866
528 3550 9.366684 -4.554230 -0.281844 0.862969 0.015614 0.000942 -0.505014
406 2442 -10.760254 -0.621864 0.266644 0.980664 -0.025272 0.000223 0.194061
511 568 11.308209 -0.846954 0.239933 0.996519 0.008780 -0.013551 -0.081792
612 3557 -10.084671 0.349109 -0.432041 0.999069 -0.010676 -0.001759 0.041758
2330 3267 8.848618 -6.013672 0.344510 0.630987 -0.028422 0.008644 0.775225
432 2457 -8.545852 7.012207 0.376421 0.803213 0.031039 -0.015918 -0.594669
1424 3531 -8.835098 7.695857 0.643840 0.605351 -0.013184 0.001288 -0.795848
2409 3374 11.499138 -1.806824 0.112605 0.987973 -0.007070 -0.004379 -0.154404
178 1633 11.078335 0.343536 -0.678003 0.999666 -0.012843 -0.005033 -0.021874
155 1585 -11.423159 1.111694 -0.717581 0.998740 0.001902 0.002608 -0.050081
2343 3299 10.964569 -0.080673 0.198075 0.999653 0.013559 -0.010926 0.019744
872 3781 -10.271286 -0.584778 -0.752665 0.999607 0.003086 0.011079 0.025551
939 3832 -10.968559 0.554779 -0.974312 0.999587 -0.006587 0.004104 -0.027671
4 4466 11.043476 0.396979 0.541232 0.999846 0.000287 -0.009299 0.014908
2380 3335 10.704292 -0.736755 0.121684 0.999977 0.006672 0.000799 -0.000643
723 3683 9.855286 2.559344 -0.752470 0.899795 -0.012530 0.026139 0.435350
497 3504 10.656473 -0.472519 -0.038876 0.999881 -0.014682 0.001736 -0.004392
737 3655 -10.989868 3.956909 -1.173465 0.965750 0.015814 -0.006284 -0.258917
533 3554 8.946380 -6.409470 -0.416180 0.802270 0.013463 0.001245 -0.596808
397 3424 11.501114 1.902122 -0.050663 0.969147 -0.017344 0.001548 0.245868
694 3649 10.985413 -0.289531 -0.417747 0.999955 -0.001579 -0.003149 -0.008846
221 1644 -9.816910 -4.360943 -1.097919 0.669128 0.016080 0.001331 -0.742972
710 3666 10.032257 -0.594584 -0.480094 0.999945 -0.007141 -0.003890 -0.006612
580 1424 -0.889503 11.230789 -1.009018 0.474807 0.002136 -0.000841 0.880087
2328 3273 10.138474 -2.783630 0.237672 0.691712 -0.019580 0.018574 0.721669
733 3653 -11.573853 2.491592 -1.033669 0.987335 0.010434 -0.001215 -0.158301
472 3462 -10.758831 -0.693573 -0.189601 0.999914 -0.004361 -0.003589 -0.011862
953 3858 5.048828 -10.223389 -0.510825 0.912687 -0.003749 0.001377 -0.408640
560 1421 8.771418 7.523010 -1.019238 0.631354 0.013451 -0.002061 0.775376
1421 3545 -9.066803 4.861523 0.727460 -0.325570 -0.001913 0.000984 0.945516
223 1633 -10.476379 5.373446 -0.948625 0.738088 -0.000754 0.010008 -0.674630
1423 3532 -8.087036 7.640383 0.654723 0.588507 -0.010662 0.002401 -0.808419
598 1411 -10.352188 4.323009 -1.308593 -0.281771 0.001915 0.006232 0.959460
582 3510 -9.111206 -4.507889 -0.555088 0.945927 -0.020892 -0.003139 0.323692
2376 3332 11.803215 -0.678345 0.142478 0.999979 0.002054 -0.005470 0.002719
550 1409 11.423182 2.175720 -1.159524 0.357646 0.004439 -0.013029 0.933756
429 2456 -8.606773 6.410873 0.261109 0.849830 0.034061 -0.015203 -0.525735
948 3836 -10.661413 3.729156 -0.942085 0.975003 -0.002747 -0.001707 -0.222170
1422 3530 -7.095596 8.231197 0.656183 0.596570 -0.014232 0.001828 -0.802433
2355 3270 -9.913589 -6.627792 0.254105 0.778604 -0.017481 0.000847 0.627271
515 3537 11.210702 -1.600632 -0.141748 0.979629 0.015622 -0.009909 -0.199963
878 3785 -11.873100 -0.722046 -1.023516 0.999526 -0.001410 0.004344 0.030449
130 1555 -9.827494 5.771011 -0.754654 0.873738 0.006111 0.006440 -0.486316
151 1607 10.000631 0.384949 -0.605875 0.999601 -0.018612 0.000068 -0.021224
388 3410 10.595490 0.277985 0.452892 0.999801 0.013040 0.001086 0.015082
14 4448 -11.132212 0.735473 0.335193 0.986558 0.005257 -0.001500 -0.163317
400 2437 -9.980896 -2.528488 0.295423 0.937648 -0.026276 0.007295 0.346514
596 1391 -5.295166 8.594254 -1.442568 0.552574 0.010104 -0.006683 -0.833376
756 3669 -10.291008 5.819305 -1.227673 0.713271 0.013084 -0.017665 -0.700544
707 3665 11.821808 -0.680593 -0.464365 0.999913 -0.002533 -0.002476 -0.012742
414 3399 -10.308304 2.488541 0.214483 0.998293 -0.017748 0.002780 -0.055581
956 3857 0.687820 -10.000916 -0.624537 0.866869 0.002500 0.001060 -0.498528
1387 3557 6.324608 8.924759 1.017440 0.599921 -0.010772 -0.001584 0.799985
518 3538 9.964973 -1.608337 -0.169145 0.976984 0.016436 -0.007878 -0.212530
428 3408 -8.725117 6.700134 0.207590 0.868215 0.035424 -0.010846 -0.494804
750 3706 10.120552 1.796753 -0.941578 0.985528 -0.021495 0.004536 0.168080
17 4477 10.560035 0.041457 0.395114 0.999850 0.004433 0.004399 0.016182
664 3622 10.968140 -0.117771 -0.399362 0.999976 0.000236 -0.001358 -0.006724
2362 3288 -10.985153 -1.130417 0.048830 0.972628 -0.017384 0.000785 0.231716
2441 3364 -9.535721 -6.312881 0.019892 0.857496 0.016872 0.024964 0.513608
2406 3339 -10.157890 -0.461670 -0.175013 0.999931 -0.001921 -0.004744 -0.010535
103 4521 -9.834923 -3.436966 -0.079633 0.982735 0.003818 -0.009722 0.184724
427 3406 -9.317123 7.139679 0.196208 0.884642 0.040195 -0.013465 -0.464339
571 3505 -10.288445 -1.845993 -0.365276 0.993793 -0.008885 0.009547 0.110473
100 4538 10.171227 2.153419 0.487381 0.994225 0.010146 -0.001706 0.106818
756 3711 11.071540 -0.378632 -0.573710 0.999753 -0.012582 -0.008256 0.016353
539 1415 10.090858 4.324448 -1.012949 0.514922 0.008238 -0.014290 0.857078
509 3524 11.801394 -0.937653 -0.061793 0.997830 0.007781 -0.004422 -0.065233
547 1417 9.574909 5.249008 -1.045066 0.561205 0.013593 -0.009120 0.827515
409 3392 -11.713516 0.294060 0.093680 0.986140 -0.020955 0.003239 0.164557
854 3763 -11.910664 0.099030 -1.190331 0.998902 0.010110 0.004070 -0.045566
419 3404 -9.222031 3.913300 0.406738 0.969653 0.015557 0.001589 -0.243985
559 1421 8.837846 7.515991 -0.994105 0.631604 0.012401 -0.002955 0.775186
1409 3523 6.615723 9.087738 0.893642 -0.355081 0.002944 -0.017080 0.934675
1578 4534 -11.092615 -1.147171 1.045848 0.678646 -0.002125 0.004868 0.734446
203 1648 6.407700 -8.181107 -0.835356 0.919431 0.005204 0.000687 -0.393216
1420 3547 -9.016235 4.757034 0.749060 -0.247203 0.003684 0.001685 0.968955
130 4530 -10.034439 -3.218529 0.346396 0.725682 -0.002144 0.010744 0.687943
821 3742 -11.164101 -0.681946 -1.214668 0.999540 0.000727 -0.002682 0.030209
2466 3405 -10.311203 0.340149 -0.047742 0.999458 -0.024924 0.010856 0.018560
383 2421 -2.424973 -10.728188 0.457245 0.730960 0.008249 0.018643 0.682116
2450 3420 10.040237 0.149849 -0.290682 0.995194 0.012015 0.012537 0.096366
920 3821 -10.335556 -0.485199 -1.009815 0.999958 0.002618 0.000650 0.008768
2479 3433 -9.588806 5.025063 -1.164465 0.862089 -0.037935 0.014075 0.505140
484 3472 -11.170765 -0.789795 -0.161860 0.999987 -0.001321 0.000132 0.004934
49 4506 11.741508 0.148475 0.427892 0.999980 0.005358 -0.000881 0.003193
174 1629 10.509342 -0.001610 -0.682132 0.999919 -0.004086 -0.000497 -0.012044
1411 3526 4.252563 9.283569 0.863769 -0.389457 0.008819 -0.013799 0.920899
146 1604 11.388649 0.575546 -0.633729 0.999796 -0.019599 -0.001317 0.004606
62 4516 10.913639 -0.067348 0.539334 0.999953 -0.007508 -0.005991 -0.001429
412 2445 -11.811279 1.560799 0.219315 0.998914 -0.025400 0.000369 0.039066
80 4511 -10.328808 -0.041796 0.119011 0.999867 0.007685 -0.003119 -0.014061
606 3576 11.194885 0.160420 -0.460706 0.999987 0.000844 0.004473 -0.002455
591 3515 -7.981094 -6.795746 -0.376384 0.828308 -0.027213 -0.000548 0.559611
11 4441 -11.764741 2.158241 0.267326 0.956639 -0.006235 -0.009716 -0.291048
156 1588 -10.075935 0.853119 -0.737431 0.998909 0.008161 0.001807 -0.045950
385 2454 10.819382 0.008461 0.623658 0.999870 0.007219 -0.002282 0.014244
544 3554 8.168762 -6.301041 -0.510381 0.804895 0.010376 0.003739 -0.593315
2432 3401 9.202351 -5.704529 0.025067 0.901890 0.014493 -0.017090 -0.431384
143 1570 -11.066841 1.733490 -0.795841 0.996469 -0.017654 0.004045 -0.081988
202 1648 7.389259 -7.720722 -0.810462 0.931644 0.006971 -0.000833 -0.363304
758 3679 -9.911938 1.347412 -1.091800 0.874317 0.020641 -0.001788 -0.484913
1572 4529 -6.794059 -7.310226 1.013394 0.659089 -0.000543 0.008222 0.752020
120 1587 11.375435 -2.264214 -0.493469 0.985351 0.011278 -0.010585 -0.169838
571 1399 11.738598 2.010651 -1.458708 0.103535 0.005008 -0.005693 0.994597
380 2450 11.248322 -0.148949 0.773655 0.998070 0.016186 -0.023156 0.055301
402 3430 10.397125 3.880806 -0.107224 0.906267 -0.044626 0.005375 0.420310
1399 3560 1.659737 11.778290 0.860873 0.552899 -0.000273 0.011418 0.833170
1380 3552 9.591497 5.270065 1.147265 0.529940 -0.008576 0.001272 0.847991
544 595 7.937004 -6.411942 -0.115886 0.791322 0.013374 0.002883 -0.611247
1388 3540 10.954021 2.753677 1.183066 0.146340 -0.010439 -0.001369 0.989178
2466 3443 2.982162 10.029892 -1.810092 0.721983 -0.038683 0.031588 0.690106
1576 4540 -10.415861 5.564911 1.048278 0.678120 0.007196 0.012961 0.734802
592 1419 -9.637665 5.915550 -1.239126 0.058345 0.001216 0.010170 0.998244
558 3554 8.048784 -6.257812 -0.552869 0.804717 0.008522 0.006268 -0.593565
760 3714 11.303677 -0.802032 -0.839290 0.999888 -0.004719 0.003352 -0.013805
93 1563 10.901466 -3.366685 -0.645145 0.521307 0.012529 0.000539 -0.853277
622 3567 -11.294250 0.442535 -0.294673 0.999910 -0.003211 0.004609 -0.012178
574 1404 9.442905 3.318436 -1.341980 0.148245 0.006146 -0.003140 0.988926
367 3378 10.221619 -5.352814 0.350795 0.830302 0.000763 0.003093 0.557305
132 1556 -10.634863 5.173218 -0.785640 0.892440 0.002129 0.007128 -0.451106
398 2466 11.444534 0.015320 0.486354 0.999679 0.023437 -0.009353 0.002333
792 3719 -10.379063 -0.302582 -1.047014 0.999983 0.003296 -0.000394 0.004772
223 1640 -10.540192 -0.786430 -1.026412 0.686882 0.010467 0.007763 -0.726652
407 2472 11.505157 -0.614204 0.661766 0.999738 0.005090 0.001859 -0.022254
370 2425 6.935425 -8.363678 0.530119 0.763246 0.004911 0.014340 0.645930
433 2479 -4.007018 -10.993332 0.471191 0.791376 0.035156 -0.016775 -0.610088
2415 3382 10.298523 -3.408936 0.112267 0.946316 -0.007927 -0.011317 -0.322947
110 1549 4.031254 9.864491 -0.699433 0.522710 0.026575 -0.018914 -0.851886
401 2437 -10.593323 -2.519714 0.240327 0.937763 -0.026329 0.005411 0.346233
584 3564 9.536118 -6.867401 -0.403610 0.913141 0.014497 -0.007437 -0.407318
396 2464 11.099762 0.042763 0.382811 0.999902 0.013318 -0.004405 0.000348
528 3553 9.922438 -6.063797 -0.326766 0.812980 0.018433 0.000579 -0.581999
530 3552 9.225912 -5.421494 -0.312987 0.832345 0.019235 0.001140 -0.553923
1389 3544 9.398518 3.588120 1.118177 0.242501 -0.014250 0.001909 0.970045
2334 3289 10.448250 0.844757 0.020308 0.961311 -0.014601 0.004550 0.275041
99 1556 10.193542 1.583822 -0.583245 -0.409690 -0.019380 0.002060 0.912017
55 4510 10.516720 0.027703 0.338107 0.999983 0.004928 -0.003209 0.000383
221 1646 -10.032959 -6.140865 -1.138697 0.664068 0.021220 0.007238 -0.747337
1421 3546 -9.444000 4.647123 0.723581 -0.295711 0.000238 0.002201 0.955275
557 3501 -11.627826 -1.189941 -0.437470 0.998488 -0.009440 0.009450 0.053325
2441 3412 11.044022 -3.871078 -0.097710 0.975769 0.023268 0.000303 -0.217562
1411 3523 4.745377 9.783630 0.858793 -0.406518 0.005232 -0.016202 0.913484
459 3447 -11.089928 -0.867737 -0.130688 0.999965 -0.008147 -0.000983 -0.001696
2459 3393 -10.814301 -0.751282 -0.102061 0.980519 -0.016241 0.007637 0.195601
429 2455 -8.925953 7.081024 0.266606 0.851431 0.032322 -0.011480 -0.523344
562 3556 8.060974 -7.400787 -0.652199 0.774704 0.005147 0.011490 -0.632199
576 3560 7.601265 -7.932922 -0.548120 0.817308 0.008737 0.001474 -0.576133
511 3526 11.025682 -0.943497 -0.101044 0.997096 0.007137 -0.006571 -0.075535
552 1411 10.883732 2.807373 -1.149957 0.409286 0.006837 -0.011982 0.912302
201 1624 -9.773590 3.821396 -1.084786 0.980300 0.006492 -0.004884 -0.197345
2415 3383 10.650208 -3.755264 0.127292 0.937788 -0.007763 -0.009560 -0.346990
766 3718 11.121244 -0.832245 -0.860739 0.999837 -0.002591 0.007217 -0.016346
1421 3530 -6.227158 8.410305 0.685234 0.584870 -0.014309 0.003184 -0.810994
129 1553 -9.828669 6.810730 -0.733942 0.842100 0.010030 0.002163 -0.539223
2407 3367 10.036476 -1.084351 0.095279 0.998789 -0.002958 0.000681 -0.049108
573 3504 -11.451023 -2.559097 -0.372803 0.990735 -0.010176 0.009339 0.135102
2326 3276 11.501404 -0.838898 0.103441 0.716363 -0.018927 0.027947 0.696911
1576 4532 -9.691226 -3.512878 1.077124 0.675882 -0.000461 0.002648 0.737005
601 3534 -10.019974 -4.463184 -0.341990 0.809528 -0.015844 -0.008137 0.586811
132 4534 -10.838645 1.162231 0.346669 0.718763 -0.003578 0.009263 0.695184
1397 3560 2.539215 11.662567 0.852632 0.570754 -0.004068 0.009586 0.821055
2449 3377 -10.020355 -4.371880 0.131971 0.861523 -0.000904 0.023762 0.507161
408 3439 9.233337 7.213722 -0.751934 0.786914 -0.039620 0.021904 0.615399
108 1580 9.319092 -6.470078 -0.685217 0.883897 0.009006 -0.005020 -0.467568
458 3446 -10.842354 -0.867889 -0.074400 0.999963 -0.006891 0.001563 -0.004848
451 3434 -11.602013 0.035736 0.068068 0.975667 0.007542 0.010803 -0.218861
137 1597 11.521859 0.161942 -0.741346 0.999936 0.006343 -0.002359 0.009023
567 3558 7.764631 -8.381454 -0.730309 0.762582 0.006300 0.012325 -0.646744
715 3674 10.737061 0.012445 -0.546437 0.991350 -0.005994 0.006606 0.130944
76 4527 11.629181 -0.514507 0.724943 0.999890 0.008383 -0.004777 -0.011240
551 1420 9.131955 6.884415 -0.987819 0.617709 0.011654 -0.005436 0.786302
559 1415 9.767724 4.378601 -1.114301 0.514896 0.012325 -0.012013 0.857080
1420 3524 -4.856308 9.904503 0.707940 0.611097 -0.011731 0.009089 -0.791417
2353 3270 -8.303619 -6.556152 0.103856 0.781045 -0.021648 -0.005590 0.624074
391 3414 10.710938 0.430794 0.492097 0.999051 0.010682 -0.004300 0.042006
444 3422 -11.070801 3.859314 0.439299 0.826823 0.022085 -0.007943 -0.561973
536 596 8.416156 -7.011124 -0.049107 0.778698 0.015949 0.001552 -0.627195
86 4533 11.656303 -0.804612 0.391964 0.999836 -0.001070 0.003149 -0.017826
930 3828 -10.070633 -0.257263 -0.948117 0.999903 -0.006378 0.004862 0.011395
595 1413 -8.956802 4.855953 -1.239424 -0.176041 0.005937 0.005439 0.984350
2465 3403 -10.555099 0.274750 -0.020517 0.999129 -0.024009 0.005690 0.033651
547 3501 -11.537040 -1.245987 -0.472136 0.998478 -0.009181 0.008408 0.053728
2327 3274 10.812492 -2.014008 0.185574 0.695852 -0.018573 0.022494 0.717592
116 1583 9.945950 -2.906982 -0.620938 0.968082 0.015020 -0.006758 -0.250092
1418 3526 -2.993881 9.790245 0.730234 0.564350 -0.017000 0.007897 -0.825323
518 3496 -10.061586 -0.832535 -0.593349 0.999905 0.003840 -0.000658 0.013208
545 1410 11.142406 2.478943 -1.106699 0.382939 0.003916 -0.013370 0.923669
368 3385 11.563690 -2.683685 0.306308 0.914370 -0.000897 0.006751 0.404823
2426 3394 8.796200 -5.605026 0.171611 0.885546 -0.000771 -0.016470 -0.464258
587 1382 4.760864 9.718414 -1.332137 -0.393323 -0.011453 -0.000933 0.919329
67 4502 -10.270966 0.070306 0.155659 0.999987 -0.004243 -0.000549 -0.002939
394 3419 11.313049 0.907158 0.395525 0.992723 0.004659 0.001186 0.120327
573 1424 4.431644 10.557571 -0.960471 0.595570 0.013349 0.000948 0.803192
959 3841 -8.874603 6.643463 -0.972966 0.828033 -0.002845 -0.003539 -0.560661
440 2473 -10.043430 -4.075943 0.560335 0.721914 0.038389 -0.017898 -0.690685
1405 3559 -2.126190 11.198074 0.762634 0.452688 -0.000732 0.009802 0.891615
597 1411 -9.618652 4.572044 -1.284116 -0.268476 0.002023 0.004827 0.963272
2346 3303 11.828522 -0.214447 0.196218 0.999870 0.013860 -0.005729 -0.005960
1380 3550 10.043268 4.331161 1.161015 0.476020 -0.008989 -0.001948 0.879386
376 3368 3.185577 -9.819565 0.248565 0.717473 0.015738 0.018919 0.696151
2413 3381 11.245720 -3.280411 0.113568 0.951932 -0.009791 -0.012061 -0.305915
802 3727 -10.920811 -0.055328 -1.103512 0.999888 0.004107 -0.001004 -0.014389
162 1593 -11.019333 0.541260 -0.836456 0.999621 0.019873 0.003208 -0.018774
407 3391 -11.206635 -0.391037 0.127494 0.977731 -0.020282 0.004500 0.208830
617 3561 -11.594498 0.427722 -0.507277 0.999982 0.000356 -0.004604 -0.003766
1409 3521 7.008377 9.427322 0.888616 -0.364982 0.002130 -0.018942 0.930819
597 3521 -8.722733 -6.754662 -0.315403 0.763883 -0.019785 -0.005381 0.645029
561 1415 9.615476 4.398819 -1.162354 0.514114 0.014344 -0.010651 0.857536
2329 3270 9.444061 -4.386993 0.310219 0.658528 -0.027696 0.010666 0.751971
1386 3544 10.025417 3.153091 1.225780 0.262104 -0.017969 -0.000912 0.964872
570 1401 11.574547 1.865753 -1.491012 0.143094 0.008607 -0.005334 0.989657
1552 4529 10.873245 -3.842918 1.335195 0.219932 -0.015197 0.019949 0.975193
806 3751 11.372433 -0.775665 -0.827367 0.999773 0.000487 0.004987 -0.020730
514 3535 11.257416 -1.397034 -0.126244 0.985496 0.009677 -0.010454 -0.169098
541 1408 11.747543 1.905289 -1.117358 0.333367 0.002184 -0.013062 0.942704
588 1382 3.680664 10.041550 -1.329478 -0.423148 -0.012467 -0.000258 0.905975
381 3402 10.962082 0.077484 0.634501 0.998170 0.021195 -0.016507 0.054168
1421 3528 -6.069122 8.839954 0.690034 0.600767 -0.014965 0.003955 -0.799274
371 3390 11.735016 -1.218796 0.431720 0.959329 0.007097 -0.006773 0.282118
695 3649 9.991028 -0.293957 -0.447937 0.999950 -0.002435 -0.002603 -0.009396
1424 3535 -9.169571 6.849118 0.655933 0.563720 -0.015805 -0.002708 -0.825810
811 3756 11.868759 -0.696198 -0.749937 0.999854 0.006017 -0.001459 -0.015918
1423 3542 -9.671814 5.148628 0.680831 -0.428350 0.001547 -0.000379 0.903611
1409 3522 6.805740 9.251602 0.892050 -0.360015 0.003014 -0.017549 0.932777
703 3637 -10.659271 -0.141161 -0.797052 0.999967 0.000155 0.000489 -0.008054
147 1577 -10.114615 1.483513 -0.800922 0.998882 -0.017971 0.000376 -0.043733
2460 3440 7.753815 8.411026 -1.096866 0.748211 -0.031632 0.017314 0.662481
2474 3442 -3.946106 9.505867 -1.581290 0.733304 -0.035620 0.021659 0.678621
2355 3272 -9.642715 -5.848602 0.242735 0.803494 -0.011209 0.004009 0.595194
367 2426 8.976593 -7.794243 0.529990 0.775978 0.004103 0.013435 0.630604
536 1414 10.561172 3.842697 -0.968751 0.490124 0.006738 -0.015403 0.871491
622 3587 10.241241 0.131130 -0.533986 0.999996 -0.000013 0.001813 -0.002063
1378 3552 10.355879 4.983795 1.258178 0.539793 -0.006866 -0.003691 0.841762
733 3696 8.737732 6.667313 -0.949590 0.772145 -0.006741 0.013038 0.635277
746 3703 9.397491 3.446533 -0.854254 0.951743 -0.011565 -0.000955 0.306678
640 3585 -10.671387 0.479075 -0.518132 0.999950 -0.002104 0.002250 -0.009514
779 3705 -11.238655 -1.061401 -1.197980 0.998495 0.012193 -0.012156 0.052075
156 1614 11.776484 -0.155533 -0.670511 0.998000 -0.008761 0.002764 -0.062535
564 3557 7.971264 -7.967682 -0.689987 0.764288 0.005070 0.012106 -0.644741
682 3637 10.458069 -0.184998 -0.531624 0.999933 0.011005 0.003244 -0.001734
1396 3559 3.140900 10.929214 0.845960 0.570397 -0.007158 0.007421 0.821304
368 3382 10.569946 -3.777832 0.313224 0.880309 0.001964 0.005443 0.474366
556 3554 8.106662 -6.262665 -0.545708 0.804690 0.008819 0.005877 -0.593601
803 3728 -10.731621 -0.080933 -1.132197 0.999887 0.002495 -0.002143 -0.014696
371 2439 10.505997 -1.916626 0.603411 0.948918 -0.002699 -0.011274 0.315309
740 3701 9.335510 6.231247 -0.727530 0.874247 -0.001927 -0.008977 0.485394
590 1381 1.703751 10.663254 -1.435057 -0.483515 -0.010528 0.004221 0.875262
1421 3524 -5.821136 9.729515 0.686522 0.625103 -0.010885 0.008104 -0.780425
424 2479 5.239479 -10.349350 0.366639 0.916205 0.046056 -0.011736 -0.397882
1577 4531 -10.204350 -4.587036 1.034483 0.677433 -0.002441 0.004951 0.735563
592 3567 10.689423 -2.840965 -0.382728 0.985223 0.007787 -0.001297 -0.171094
640 3603 11.641418 0.075615 -0.448620 0.999931 -0.005013 0.000410 -0.010609
787 3734 10.345234 -0.303345 -0.806644 0.999976 -0.006513 0.000740 0.002096
2446 3370 -10.034042 -6.095169 -0.012773 0.819246 0.007432 0.022651 0.572947
815 3758 10.226341 -0.510864 -0.836008 0.999944 0.008284 0.000042 -0.006628
429 2457 -8.280960 5.740036 0.260308 0.848689 0.034199 -0.017989 -0.527479
2423 3351 -10.478485 -2.155121 -0.288518 0.996030 0.003930 -0.001933 0.088911
795 3742 11.732193 -0.437073 -0.732784 0.999991 -0.003404 -0.001667 -0.002046
370 2436 9.804840 -2.989113 0.572694 0.918727 -0.002927 0.004420 0.394859
614 3558 -11.108078 0.410932 -0.308290 0.999681 -0.006362 0.003491 0.024181
599 1396 -8.075073 7.380062 -1.532811 0.554744 0.007220 -0.009708 -0.831933
406 3390 -11.193802 -0.783104 0.084146 0.970379 -0.023624 0.002823 0.240415
516 580 11.644489 -1.957306 0.220001 0.963716 0.016385 0.003959 -0.266396
390 2423 -7.139282 -9.347328 0.675363 0.753745 -0.010419 0.028989 0.656445
2368 3297 -11.787811 -0.092224 -0.064377 0.998214 -0.012758 -0.003144 0.058281
551 1416 9.750590 4.784988 -1.067080 0.539171 0.011434 -0.011921 0.842034
2365 3295 -10.025024 -0.180405 0.177900 0.996186 -0.021585 0.007511 0.084213
577 1397 9.825089 4.139038 -1.408403 -0.014136 -0.003933 0.003402 0.999887
532 3501 -10.526775 -1.151382 -0.600802 0.998838 -0.007879 0.000431 0.047539
1551 4530 10.538612 -2.775955 1.325931 0.194967 -0.015168 0.022251 0.980440
155 1613 11.762003 -0.053482 -0.668798 0.998297 -0.009444 0.003240 -0.057474
757 3673 -10.567297 3.939880 -1.212082 0.761947 0.017334 -0.017370 -0.647174
41 4498 10.707745 0.318984 0.414958 0.999944 -0.007816 0.001556 0.006912
517 3540 11.033499 -2.002090 -0.169818 0.966227 0.016527 -0.000654 -0.257160
784 3710 -11.629101 -0.724152 -1.041331 0.999442 0.000524 -0.005287 0.032964
826 3769 10.681091 0.139679 -0.828822 0.998649 0.005503 -0.009159 0.050858
2365 3319 10.049347 -0.373245 -0.004418 0.999984 -0.001893 0.004659 -0.002683
587 1386 4.086670 9.096420 -1.307600 -0.369220 -0.012337 -0.004636 0.929248
559 3503 -10.044226 -1.000244 -0.378285 0.998463 -0.009825 0.010458 0.053541
404 3387 -11.523087 -1.817513 -0.022674 0.945028 -0.031941 0.006188 0.325367
595 1388 -4.154694 9.194305 -1.448256 0.553937 0.007134 -0.002416 -0.832524
589 1382 2.635605 10.260254 -1.372244 -0.451363 -0.012321 0.001955 0.892253
2414 3381 10.574532 -3.199326 0.110754 0.952908 -0.009463 -0.012582 -0.302851
579 1391 9.723389 5.182785 -1.260367 -0.107605 -0.013380 0.003401 0.994098
401 3426 9.689514 2.498711 0.035749 0.952381 -0.032187 -0.008734 0.303082
389 2422 -6.522354 -9.951767 0.703068 0.743141 -0.007182 0.029257 0.668456
538 1410 11.368784 2.459030 -1.050153 0.383409 0.002597 -0.013904 0.923470
581 1384 9.646790 6.560822 -1.221814 -0.206419 -0.017924 -0.002019 0.978297
2458 3393 -10.039902 -0.753761 -0.100530 0.980564 -0.015214 0.007546 0.195464
2340 3262 0.861526 -10.152069 0.041547 0.704268 -0.024388 -0.010027 0.709444
758 3678 -10.192375 1.780212 -1.101450 0.856454 0.021016 -0.002818 -0.515788
575 1394 11.204575 3.266617 -1.425812 -0.000056 -0.003825 0.002020 0.999991
1393 3539 10.239975 3.449478 1.117941 0.088766 -0.007817 0.004860 0.996010
92 4535 10.661133 -0.461117 0.471512 0.999996 0.001243 0.001906 -0.001370
8 4436 -10.779858 3.304443 0.195945 0.929524 -0.008611 -0.012870 -0.368436
374 2443 10.801239 -0.864517 0.373746 0.977782 0.013660 0.001643 0.209174
2367 3322 11.063416 -0.429855 0.022899 0.999944 -0.000572 0.010293 0.002283
666 3607 -10.210144 0.256248 -0.534785 0.999929 0.005851 0.003416 -0.009754
1568 4526 -2.960648 -11.240730 0.962010 0.616020 0.001648 0.004898 0.787713
540 1417 9.674247 5.241699 -1.001904 0.561440 0.011850 -0.009615 0.827377
179 1609 -10.619316 0.091881 -0.945226 0.998754 -0.004240 0.000260 0.049726
394 3418 10.821075 0.803780 0.418998 0.994917 0.006339 0.002740 0.100465
128 1553 -9.255133 6.930611 -0.691211 0.838105 0.008914 0.003651 -0.545424
459 3446 -11.710449 -0.879669 -0.120630 0.999958 -0.007811 -0.000489 -0.004682
654 3597 -10.441803 0.379572 -0.703899 0.999966 0.002427 -0.002883 -0.007300
132 4535 -10.794674 2.307716 0.337640 0.719203 -0.004183 0.012994 0.694665
1381 3556 8.496883 7.662827 1.032472 0.614180 -0.009853 0.000347 0.789104
1424 3542 -10.444016 4.962562 0.682513 -0.437149 0.002167 -0.000031 0.899387
167 1624 11.471420 -0.700897 -0.687266 0.998959 0.005797 -0.000518 -0.045234
1388 3544 9.606106 3.446182 1.159061 0.248915 -0.015505 0.000614 0.968401
413 2446 -11.528671 1.997391 0.270497 0.999689 -0.024475 0.001616 -0.004537
577 3559 7.344612 -6.917328 -0.487448 0.834262 0.006943 0.000039 -0.551325
2438 3406 9.419487 -3.985260 -0.069069 0.952078 0.024800 -0.002892 -0.304836
92 1564 11.143517 -4.020761 -0.608793 0.539260 0.010587 -0.001897 -0.842071
2380 3336 11.680634 -0.741745 0.135455 0.999974 0.006748 0.002252 -0.001257
1411 3525 4.415329 9.445557 0.861678 -0.395803 0.007244 -0.014660 0.918190
599 1409 -10.361008 4.560301 -1.333905 -0.344803 0.001979 0.006229 0.938652
517 3536 9.923515 -1.357178 -0.164415 0.983823 0.011353 -0.011565 -0.178406
544 1416 9.740578 4.769669 -1.024709 0.539037 0.009639 -0.012943 0.842128
2408 3372 11.450233 -1.536163 0.099590 0.993196 -0.003756 -0.001433 -0.116382
578 1424 0.903549 11.158859 -1.086425 0.518063 0.002964 0.003584 0.855330
536 598 8.578759 -8.184204 -0.070270 0.759305 0.017883 0.001819 -0.650487
872 3780 -11.259232 -0.637451 -0.718460 0.999409 0.002938 0.017643 0.029364
597 1381 -5.450592 10.344254 -1.529521 0.619681 0.008082 -0.005040 -0.784796
2345 3300 10.306366 -0.132172 0.192878 0.999851 0.010420 -0.009995 0.009415
534 597 8.747481 -7.616364 -0.067583 0.767120 0.016057 0.002783 -0.641297
2425 3395 9.374092 -6.412460 0.283119 0.866381 -0.000117 -0.020990 -0.498943
2456 3433 10.083466 4.917305 -0.697353 0.861050 -0.033825 0.011733 0.507259
410 3395 -10.695190 0.937225 0.086345 0.995715 -0.022253 0.002394 0.089724
512 3526 10.429666 -0.906494 -0.114215 0.997216 0.005964 -0.006392 -0.074052
139 1567 -9.907259 1.984245 -0.782838 0.990546 -0.010624 0.005946 -0.136638
2440 3365 -8.994186 -5.439362 -0.010158 0.873782 0.020524 0.023123 0.485335
2408 3340 -10.873940 -0.445740 -0.174651 0.999915 0.000063 -0.005454 -0.011833
548 1413 10.388523 3.513519 -1.122093 0.462240 0.010426 -0.012416 0.886606
598 1403 -8.160660 6.191504 -1.442547 -0.462957 -0.001401 0.010713 0.886315
55 4491 -11.285980 0.029630 0.079861 0.999937 0.003817 0.000460 0.010534
790 3717 -10.569931 -0.380737 -1.061095 0.999962 0.004481 -0.000680 0.007391
2345 3301 11.025787 -0.147400 0.201983 0.999886 0.011470 -0.009284 0.003333
224 1637 -10.944832 1.839573 -0.964325 0.708675 0.005238 0.012640 -0.705402
567 1409 10.107843 2.672989 -1.314972 0.338431 0.011843 -0.010076 0.940863
700 3656 11.573273 -0.509004 -0.423433 0.999806 0.001434 0.002199 -0.019532
432 3411 -8.271829 6.959763 0.331072 0.812652 0.036688 -0.015862 -0.581377
2472 3412 -11.737900 0.491592 -0.448092 0.999837 -0.007917 -0.001363 0.016167
601 1399 -9.816467 6.655746 -1.587677 0.541821 0.001296 -0.013038 -0.840392
1403 3534 8.523468 5.720123 0.918711 -0.119706 0.006610 -0.006241 0.992768
525 3548 9.864316 -3.897827 -0.225502 0.890536 0.015004 -0.000896 -0.454665
2335 3292 11.461975 1.100922 -0.031437 0.981804 -0.009891 0.007315 0.189499
528 594 9.725143 -6.196060 0.050247 0.795625 0.019589 -0.001417 -0.605471
391 2427 -7.278458 -7.127640 0.539696 0.802568 -0.014576 0.017720 0.596120
1380 3551 9.807411 4.810333 1.156426 0.503699 -0.009016 0.000434 0.863832
1386 3545 9.697803 3.415909 1.214997 0.290736 -0.017112 -0.001115 0.956650
873 3801 11.526276 -0.675476 -1.053791 0.999817 0.007076 0.012998 -0.012088
581 1425 -2.219559 11.732010 -1.031058 0.459149 0.000193 -0.000939 0.888359
958 3858 -1.389221 -11.050934 -0.601472 0.829437 0.002787 -0.000919 -0.558592
101 1577 8.296562 -8.616679 -0.597457 0.768289 0.008002 -0.007132 -0.640013
532 3555 9.259834 -7.006287 -0.393293 0.785000 0.015259 0.001126 -0.619307
833 3751 -10.235657 -0.027557 -1.178177 0.999883 -0.014743 0.002816 0.002982
581 3509 -9.508728 -4.410492 -0.552754 0.954113 -0.018789 -0.003023 0.298841
728 3690 9.234680 4.999073 -0.946496 0.778773 0.009234 0.019492 0.626935
710 3642 -10.759460 -0.281622 -0.880967 0.999998 0.000420 -0.000868 -0.001554
108 1548 6.289940 9.620640 -0.730632 -0.448089 -0.023739 0.021429 0.893417
2477 3424 -10.426941 1.897270 -0.599006 0.970687 -0.028227 0.003636 0.238658
99 1555 10.528122 1.994028 -0.584915 -0.383343 -0.018870 0.004014 0.923404
140 1565 -11.586077 2.247322 -0.790492 0.983088 -0.007868 0.007354 -0.182816
576 1424 2.480560 10.972183 -1.077596 0.554369 0.008194 0.005365 0.832214
930 3847 10.357498 -0.061737 -0.564400 0.999948 -0.004015 -0.007098 -0.006111
1 4414 -8.224071 8.208140 -0.042202 0.854481 -0.000903 -0.012512 -0.519332
196 1620 -11.429863 2.339531 -0.956869 0.996674 0.000792 -0.001480 -0.081479
838 3753 -11.178185 0.315643 -1.188684 0.999716 -0.013055 0.005406 -0.019195
705 3639 -10.067047 -0.196092 -0.772915 0.999965 0.002521 0.004410 -0.006622
2377 3310 -10.876389 0.064529 -0.192607 0.999807 0.000250 -0.014656 -0.013098
369 3387 11.690582 -2.044075 0.310346 0.934808 -0.002367 0.001125 0.355143
771 3697 -10.098689 -1.401550 -1.096816 0.999024 0.013564 0.003466 0.041886
863 3771 -11.723457 -0.444672 -1.482999 0.999647 0.011694 -0.020159 0.012769
597 1395 -6.413849 7.833900 -1.470316 0.540909 0.009134 -0.007500 -0.840998
597 1382 -5.532043 10.073759 -1.518598 0.614983 0.009635 -0.004856 -0.788467
610 3553 -10.875626 -0.060410 -0.483865 0.989645 -0.009725 -0.003319 0.143170
409 3394 -10.712601 0.562775 0.112064 0.992076 -0.024135 0.003410 0.123252
1403 3531 9.173080 5.874939 0.913597 -0.155688 0.005293 -0.006422 0.987771
523 587 10.247483 -3.460785 0.160744 0.894191 0.016874 -0.000485 -0.447368
2465 3443 3.802902 10.029869 -1.712777 0.721561 -0.035396 0.028831 0.690844
2477 3423 -10.831604 1.651306 -0.527979 0.977329 -0.020810 0.003315 0.210675
520 584 10.791662 -2.690735 0.196769 0.930473 0.019652 0.003739 -0.365813
394 3420 11.765198 1.042320 0.366579 0.989855 0.002348 -0.000151 0.142062
590 1383 1.382965 10.219055 -1.418393 -0.472803 -0.013098 0.003620 0.881064
946 3835 -11.015453 2.988861 -0.957627 0.985899 -0.004256 -0.003098 -0.167259
2417 3387 10.740295 -5.000244 0.120967 0.901262 -0.011621 -0.010989 -0.432978
95 1566 9.585442 -4.465081 -0.671482 0.604454 0.011782 -0.001039 -0.796552
2338 3261 2.439224 -10.606979 0.093663 0.689882 -0.021789 -0.002150 0.723591
565 1409 10.535393 2.441727 -1.318085 0.348338 0.011133 -0.009634 0.937253
780 3729 11.285847 -0.366669 -0.739612 0.999982 -0.003979 -0.004410 0.000436
2443 3370 -8.858566 -4.803604 -0.020217 0.858616 0.010102 0.022019 0.512047
2431 3401 9.413216 -6.299042 0.010798 0.888836 0.013536 -0.016622 -0.457723
394 3374 -8.859863 -6.874512 0.457487 0.791633 -0.012160 0.023614 0.610419
105 1578 8.589569 -7.208626 -0.682404 0.834657 0.008327 -0.003650 -0.550696
556 1412 10.569825 3.149078 -1.138644 0.435810 0.009270 -0.011167 0.899922
557 1417 9.488225 5.287354 -1.057705 0.561558 0.014256 -0.008288 0.827273
595 3520 -8.116028 -6.486092 -0.291599 0.783340 -0.021309 -0.002341 0.621224
643 3588 -10.211792 0.470431 -0.636878 0.999938 0.001917 -0.004390 -0.010098
727 3691 9.628723 5.824015 -0.963973 0.752033 0.004339 0.022756 0.658719
579 3507 -10.421112 -4.135345 -0.515292 0.967998 -0.018603 -0.000580 0.250268
1409 3526 6.070404 8.645554 0.896510 -0.337635 0.006671 -0.014906 0.941135
486 3494 10.578726 -0.309357 -0.095802 0.999775 -0.015656 0.002817 0.014002
842 3756 -10.619274 0.402283 -1.071634 0.999299 -0.008346 0.007889 -0.035643
526 3498 -11.502697 -1.122513 -0.655280 0.999421 -0.003840 -0.002892 0.033673
520 3542 10.217313 -2.289017 -0.172695 0.954215 0.015006 0.002241 -0.298737
440 3420 -9.304043 4.425446 0.446747 0.808500 0.029988 -0.013358 -0.587580
716 3646 -10.569092 -0.306155 -0.811361 0.999993 -0.002635 0.002366 0.000797
372 3389 10.622070 -1.499016 0.352497 0.952019 0.005673 -0.006940 0.305907
765 3718 11.834572 -0.848480 -0.842904 0.999822 -0.004426 0.006863 -0.017026
124 1588 10.678259 -1.187332 -0.658697 0.993434 0.018276 -0.003534 -0.112883
741 3702 9.699127 6.197281 -0.746904 0.888866 -0.002645 -0.008305 0.458084
583 3508 -10.175766 -5.854446 -0.562507 0.935087 -0.022520 -0.005159 0.353665
457 3444 -11.198162 -0.869873 -0.042418 0.999827 -0.007531 0.004339 -0.016475
376 2420 2.547760 -11.332870 0.355724 0.713576 0.017154 0.019970 0.700083
430 2455 -8.918411 7.547333 0.318126 0.836053 0.029516 -0.010219 -0.547759
879 3805 10.357567 -0.454468 -0.829096 0.999839 0.013094 0.001994 0.012117
862 3770 -11.794601 -0.423340 -1.442215 0.999724 0.013330 -0.017674 0.007918
726 3691 9.944397 6.051652 -0.975389 0.744894 0.003169 0.024046 0.666742
386 2423 -4.375946 -9.466187 0.539225 0.752457 -0.005648 0.019788 0.658320
2344 3262 -2.029358 -10.183899 -0.056045 0.714391 -0.022476 -0.013470 0.699256
645 3607 11.430145 0.027268 -0.358558 0.999887 -0.007391 0.002529 -0.012848
215 1647 -6.167755 -7.962057 -1.137928 0.711552 0.018801 0.001952 -0.702379
139 1598 11.129423 0.314575 -0.729612 0.999863 0.001898 -0.003028 0.016134
201 1623 -10.598564 4.179680 -1.104690 0.980065 0.006139 -0.005687 -0.198501
119 1549 -4.186523 10.283104 -1.002223 0.705686 0.023024 -0.023926 -0.707746
77 4509 -10.487343 -0.021259 -0.056002 0.999864 0.010175 -0.005795 -0.011615
814 3757 10.180756 -0.539215 -0.824738 0.999936 0.007291 -0.000140 -0.008653
222 1644 -10.369957 -4.304913 -1.116857 0.666826 0.017867 0.004353 -0.744987
786 3734 11.264236 -0.296753 -0.802898 0.999969 -0.007358 0.001090 0.002700
512 3527 10.657893 -0.948471 -0.117749 0.996541 0.006094 -0.007709 -0.082524
206 1625 -9.703880 6.426861 -0.927249 0.935175 0.000537 0.004929 -0.354152
579 1396 8.919830 5.061615 -1.288202 -0.069339 -0.010896 0.002011 0.997532
222 1636 -9.854576 2.681850 -1.016905 0.717511 0.003694 0.009137 -0.696478
2327 3271 10.823746 -3.251984 0.250371 0.648176 -0.025512 0.017878 0.760853
519 582 10.729051 -2.232269 0.204633 0.949824 0.017617 0.005253 -0.312243
588 1422 -7.840576 8.416084 -1.075238 0.228215 0.000859 0.003147 0.973605
367 3379 10.402344 -4.947937 0.341825 0.843387 0.000376 0.001140 0.537305
566 1415 8.788967 4.672516 -1.218487 0.502131 0.016689 -0.008717 0.864587
852 3786 11.013817 -0.600830 -1.174040 0.999595 -0.008074 0.004902 -0.026855
463 3475 10.303146 -0.723022 -0.230596 0.999968 -0.001303 -0.000470 0.007915
600 3530 -9.708313 -5.199607 -0.330938 0.785094 -0.015628 -0.008766 0.619117
523 3548 10.593572 -4.031281 -0.222305 0.887853 0.016218 -0.000211 -0.459841
1423 3538 -8.812744 6.266890 0.663768 0.510939 -0.008397 -0.006295 -0.859553
518 3543 11.427923 -2.664261 -0.180641 0.944487 0.018089 0.004964 -0.328014
81 4530 11.422089 -0.685494 0.513333 0.999837 0.006925 0.005821 -0.015627
661 3603 -10.110870 0.256194 -0.503985 0.999901 0.010703 0.000348 -0.009110
601 3537 -9.666458 -3.748206 -0.358140 0.837086 -0.009007 -0.006594 0.546957
965 3854 -9.249664 -5.246552 -0.797408 0.737730 0.016045 -0.002770 -0.674899
408 2442 -11.801483 -0.162605 0.293033 0.984326 -0.027825 0.001916 0.174141
1384 3556 7.414001 7.991974 1.052138 0.599346 -0.011657 -0.002183 0.800403
746 3662 -8.717682 5.327148 -1.283035 0.853590 0.002442 -0.022132 -0.520470
478 3488 11.165443 -0.744583 -0.217465 0.999974 0.004181 0.003003 0.004948
543 1410 11.147917 2.478271 -1.102179 0.383014 0.003735 -0.013360 0.923638
406 3434 9.310059 5.189003 -0.476267 0.852527 -0.036256 0.016252 0.521172
566 1407 10.904446 2.074585 -1.368526 0.295270 0.011764 -0.007518 0.955312
577 1391 10.801384 4.183502 -1.377199 -0.061402 -0.008157 0.005724 0.998063
434 2479 -4.951380 -10.813797 0.486804 0.777893 0.034153 -0.017167 -0.627233
745 3659 -9.715424 6.655334 -1.418617 0.870963 0.003744 -0.026037 -0.490644
198 1647 10.094650 -5.189842 -0.770014 0.965681 0.005342 0.007802 -0.259559
557 1412 10.543380 3.153000 -1.140021 0.435785 0.009353 -0.011120 0.899933
11 4443 -10.982577 1.719244 0.285267 0.966832 -0.003925 -0.009139 -0.255219
440 2475 -9.960331 -5.890518 0.530552 0.722040 0.031654 -0.022812 -0.690750
2451 3424 11.088654 1.113457 -0.474497 0.977095 -0.010519 0.004907 0.212486
369 2437 10.903015 -2.599693 0.555788 0.929541 -0.003014 0.002190 0.368700
368 2430 9.079468 -5.666306 0.513634 0.833251 -0.003004 0.000041 0.552886
1402 3533 9.247131 5.407715 0.961121 -0.113726 0.003470 -0.006815 0.993483
373 3392 11.426117 -0.813614 0.306605 0.970962 0.019997 -0.000171 0.238396
1405 3530 8.239426 6.710800 0.870888 -0.206659 0.008122 -0.007081 0.978354
435 2477 -6.211601 -8.713791 0.492653 0.765806 0.033060 -0.023851 -0.641779
2371 3302 -11.348007 0.098038 -0.076719 0.999834 -0.007796 -0.001136 0.016444
183 1611 -11.778858 0.140999 -1.048550 0.998969 -0.006809 -0.003930 0.044723
500 3509 11.918745 -0.595490 -0.031450 0.999911 -0.008729 0.004193 -0.009202
944 3855 10.706013 -3.789886 -0.540233 0.989687 -0.004628 0.001311 -0.143163
560 3502 -10.922335 -1.101318 -0.360051 0.998426 -0.009946 0.012188 0.053841
829 3747 -11.913803 -0.352753 -1.174776 0.999714 -0.009858 -0.000580 0.021771
1398 3557 2.912354 9.799973 0.898774 0.529638 -0.004830 0.004521 0.848198
594 3518 -8.023438 -6.800022 -0.288032 0.790997 -0.023529 -0.000043 0.611367
430 3453 10.821690 3.374603 -0.180450 0.980012 -0.007155 -0.011770 0.198459
94 1568 9.741455 -5.721151 -0.684828 0.630335 0.008405 0.003175 -0.776271
424 3448 8.888626 5.013306 -0.090367 0.931444 -0.003528 -0.020055 0.363314
594 1415 -9.110748 5.008160 -1.195764 -0.094961 0.006831 0.003656 0.995451
838 3777 10.314461 0.118286 -0.808281 0.999654 -0.008316 -0.003916 0.024663
655 3615 11.276794 -0.031603 -0.274537 0.999932 -0.006157 -0.003369 -0.009306
2451 3426 11.851196 1.648384 -0.575736 0.962267 -0.019826 0.004935 0.271338
549 1413 10.390436 3.515839 -1.116861 0.462277 0.010137 -0.012400 0.886591
598 1395 -7.238693 7.671775 -1.500905 0.552500 0.008870 -0.008702 -0.833420
2437 3407 10.178215 -4.907822 0.075929 0.941916 0.021056 -0.007293 -0.335110
868 3777 -10.530739 -0.499451 -1.043374 0.999647 0.013504 -0.004221 0.022483
392 3371 -7.841919 -8.197029 0.444496 0.756891 -0.010972 0.025809 0.652939
130 4538 -9.501688 5.884079 0.315190 0.727648 0.003443 0.014932 0.685779
371 2441 11.607941 -1.313316 0.617596 0.964867 0.005502 -0.009635 0.262505
834 3751 -10.835304 0.046631 -1.165039 0.999878 -0.015052 0.004110 -0.000556
538 1416 9.970846 4.751968 -0.975479 0.539430 0.008623 -0.013631 0.841876
707 3640 -10.611908 -0.242623 -0.811561 0.999979 0.003239 0.003241 -0.004550
2346 3262 -3.455994 -10.169052 0.019297 0.715567 -0.024183 -0.009865 0.698056
93 1569 10.028343 -6.418676 -0.649269 0.637433 0.005114 0.001323 -0.770487
551 1412 10.638236 3.127380 -1.136978 0.435628 0.008787 -0.011502 0.900010
109 1580 9.344490 -5.828606 -0.667127 0.898338 0.009297 -0.005809 -0.439168
2328 3271 10.130173 -3.620911 0.279281 0.660554 -0.025632 0.014890 0.750193
881 3808 11.854591 -0.341034 -0.772624 0.999788 0.004132 -0.002045 0.020078
559 1410 10.974589 2.523346 -1.188277 0.383123 0.007673 -0.011760 0.923591
569 3556 7.316517 -6.848389 -0.693270 0.795550 0.004140 0.014191 -0.605708
107 1550 6.639206 8.215248 -0.708494 -0.460123 -0.021303 0.016714 0.887442
545 3501 -11.540815 -1.244904 -0.505015 0.998491 -0.009546 0.006903 0.053639
413 2448 -10.191696 1.884476 0.273748 0.998727 -0.020604 -0.004946 -0.045767
576 1423 2.737511 10.348999 -1.083388 0.546222 0.007588 0.005045 0.837591
2457 3390 -10.770737 -1.354538 -0.146904 0.965706 -0.016455 0.005285 0.259063
23 4483 11.537981 0.054275 0.386576 0.999823 0.005773 0.004702 0.017293
597 1390 -6.072983 8.580688 -1.466835 0.572332 0.008885 -0.006627 -0.819947
408 3394 -10.210968 0.314919 0.142102 0.990457 -0.024940 0.004733 0.135464
914 3836 11.393295 -0.205200 -0.711033 0.999913 0.005288 -0.001860 0.011974
483 3471 -11.390160 -0.784195 -0.143464 0.999992 -0.001101 0.001233 0.003749
569 1405 10.770679 2.161148 -1.420739 0.229256 0.012125 -0.004990 0.973278
2355 3310 10.623352 -0.381256 0.027709 0.999714 0.014857 -0.005833 -0.017797
551 1411 10.888659 2.801392 -1.144285 0.409135 0.006669 -0.012069 0.912370
530 3499 -11.818521 -1.251083 -0.654820 0.999022 -0.006208 -0.002608 0.043690
626 3590 10.014374 0.112788 -0.406556 0.999992 0.003177 -0.001929 -0.001773
21 4481 11.195583 0.043508 0.383581 0.999836 0.005287 -0.000998 0.017298
84 4512 -11.805428 -0.041924 0.056815 0.999840 0.007082 -0.002925 -0.016132
441 2463 -10.788197 4.686096 0.606860 0.711335 0.030780 -0.018818 -0.701927
2359 3315 11.812393 -0.408478 0.120509 0.999940 0.004757 -0.002573 -0.009532
201 1649 9.024033 -7.781155 -0.811449 0.942347 0.007760 -0.006276 -0.334488
546 1420 9.125855 6.870132 -0.961339 0.617559 0.010738 -0.006258 0.786426
621 3587 11.188080 0.135829 -0.491140 0.999999 0.000053 -0.000457 -0.001418
393 2461 10.690674 0.055069 0.574352 0.999948 0.008177 -0.006079 -0.000198
439 2475 -9.312222 -6.054993 0.531954 0.728526 0.031268 -0.024100 -0.683879
1394 3559 3.811523 10.810776 0.820755 0.583509 -0.009053 0.007758 0.812019
217 1629 -8.413681 8.323172 -1.073186 0.780031 0.005251 0.001890 -0.625717
415 3399 -10.653885 2.955750 0.244057 0.996746 -0.015221 0.003814 -0.079060
511 566 10.910432 -0.776596 0.240370 0.997475 0.009887 -0.013245 -0.069065
1563 4526 2.500145 -11.149773 1.115079 0.513302 -0.005263 0.006732 0.858166
789 3736 10.692776 -0.322418 -0.788818 0.999986 -0.003430 -0.002798 0.002970
119 1586 11.007486 -2.398346 -0.473036 0.982077 0.008224 -0.011723 -0.187938
516 574 9.963885 -1.062424 0.219144 0.989861 0.011922 -0.007836 -0.141324
183 1612 -10.942360 0.193123 -1.036202 0.999226 -0.006251 -0.003366 0.038692
607 3549 -10.486603 -0.760693 -0.408759 0.964355 -0.014228 -0.001281 0.264224
535 1414 10.685023 3.822815 -0.982792 0.490780 0.007384 -0.014894 0.871125
2326 3278 11.642742 -0.013336 0.046842 0.750652 -0.018675 0.029529 0.659773
707 3639 -11.751831 -0.227447 -0.825175 0.999980 0.002089 0.003381 -0.004937
692 3647 10.975525 -0.252712 -0.470286 0.999986 -0.000028 -0.001139 -0.005258
380 2422 -0.299850 -10.207634 0.429200 0.737813 0.001491 0.009352 0.674939
145 1602 10.430275 0.564293 -0.675687 0.999787 -0.015521 0.000202 0.013590
1396 3533 11.231255 3.762222 1.127405 -0.037446 -0.004365 -0.004755 0.999278
600 3533 -9.499466 -4.562441 -0.329975 0.805480 -0.017303 -0.005719 0.592343
53 4489 -11.545807 0.005979 0.112649 0.999916 0.003882 -0.000165 0.012333
756 3673 -10.018002 3.772858 -1.176623 0.767512 0.015542 -0.017053 -0.640619
586 3511 -8.853668 -6.178513 -0.411573 0.900049 -0.021366 0.000980 0.435263
375 3393 10.588440 -0.650848 0.181211 0.976434 0.015111 0.008914 0.215104
2431 3355 -10.734291 -4.892792 -0.245682 0.963555 0.018395 0.007344 0.266777
547 3502 -10.696421 -1.147171 -0.456590 0.998475 -0.009796 0.008235 0.053693
503 3486 -11.214466 -0.434128 -0.558558 0.999705 0.019262 0.001268 -0.014720
125 1554 -7.290882 6.820198 -0.749549 0.838570 0.006576 0.003768 -0.544742
1569 4526 -3.893593 -11.130669 0.941266 0.630125 0.003088 0.004771 0.776473
2415 3345 -11.272888 -0.749924 -0.302011 0.999954 0.007227 -0.005444 0.003332
453 3437 -11.660290 -0.451675 0.049369 0.991147 0.005519 0.013325 -0.131982
717 3678 11.202576 0.969842 -0.588461 0.963642 -0.011169 0.019844 0.266223
387 3367 -4.617767 -10.154205 0.447084 0.721151 -0.002694 0.021836 0.692428
565 3503 -10.678877 -1.196548 -0.278981 0.997798 -0.010368 0.015338 0.063692
2357 3276 -10.611984 -4.426727 0.253126 0.850398 -0.010389 0.010862 0.525926
598 3522 -9.097748 -6.707808 -0.308452 0.758373 -0.019387 -0.005505 0.651509
490 3477 -10.716801 -0.599335 -0.318726 0.999957 -0.008075 -0.004457 0.000333
99 4519 -10.948715 -2.206437 -0.128767 0.995828 0.000684 -0.003062 0.091196
368 2425 8.242538 -8.350861 0.510526 0.762848 0.006095 0.016089 0.646349
837 3778 11.872978 0.246185 -0.752560 0.999582 -0.011479 0.002765 0.026372
600 3535 -9.320847 -4.130929 -0.344242 0.821938 -0.012478 -0.009897 0.569354
501 3509 11.163038 -0.612976 -0.043395 0.999923 -0.006777 0.003931 -0.009594
393 3372 -8.427231 -7.750610 0.432158 0.767802 -0.011088 0.024760 0.640112
2414 3379 9.848709 -2.608948 0.087583 0.966348 -0.014192 -0.013153 -0.256508
564 3555 7.737255 -6.701462 -0.652093 0.792550 0.004013 0.011309 -0.609688
1390 3539 10.878487 2.955612 1.123807 0.110760 -0.006833 0.003050 0.993819
2451 3380 -10.455338 -3.781425 0.073156 0.883782 -0.005272 0.018343 0.467509
683 3620 -11.843109 0.095452 -0.646733 0.999980 -0.004605 -0.000057 -0.004248
550 1418 9.418965 5.786667 -1.031840 0.581870 0.014468 -0.006791 0.813125
573 1400 10.877544 2.656235 -1.446187 0.091696 0.005671 -0.005036 0.995758
1399 3534 10.225113 4.430527 1.020540 -0.054446 0.004855 -0.006408 0.998484
1576 4534 -9.884484 -1.233635 1.087798 0.676316 -0.001163 0.006006 0.736586
537 1410 11.448469 2.447449 -1.019056 0.383705 0.001521 -0.014573 0.923339
202 1624 -10.016579 4.396339 -1.089068 0.973837 0.004475 -0.004369 -0.227162
2441 3409 9.577911 -3.140686 -0.090297 0.972863 0.017089 0.003550 -0.230725
894 3819 11.648117 -0.368561 -0.841604 0.999849 0.007497 0.009321 0.012606
598 1400 -7.687637 6.852394 -1.519931 0.508631 0.001239 -0.010357 -0.860921
919 3839 10.128769 -0.042572 -0.625783 0.999890 -0.002526 -0.007235 0.012694
522 3547 10.736740 -3.691452 -0.204232 0.901498 0.017891 -0.000030 -0.432413
968 3852 -11.549835 -2.560043 -0.663719 0.723269 0.012323 -0.005823 -0.690431
816 3738 -11.211739 -0.695435 -1.128996 0.999783 0.006216 0.001286 0.019839
917 3818 -11.122406 -0.471954 -1.083632 0.999985 0.002136 -0.004350 0.002751
1404 3532 8.415070 6.182068 0.902288 -0.164280 0.003370 -0.006316 0.986388
580 1396 8.304657 5.542694 -1.253189 -0.094981 -0.012179 0.000163 0.995405
433 3454 10.596193 1.901306 -0.174009 0.992330 -0.004706 -0.011060 0.123030
543 1411 10.886856 2.786575 -1.096323 0.409028 0.004758 -0.012768 0.912420
787 3714 -10.743452 -0.498138 -1.039380 0.999892 0.000004 -0.005738 0.013515
2453 3425 9.954056 1.768585 -0.286270 0.965877 -0.018223 -0.006294 0.258282
170 1600 -11.437246 0.095627 -0.987960 0.999012 0.008242 -0.003597 0.043516
888 3814 11.808594 -0.332214 -0.792510 0.999874 -0.003177 0.005067 0.014735
2476 3419 -11.662582 0.967590 -0.242567 0.993586 -0.005462 0.011920 0.112314
2434 3403 9.425644 -5.276810 0.108378 0.917455 0.017252 -0.020697 -0.396926
538 1415 10.162611 4.315201 -0.989336 0.515153 0.007619 -0.014881 0.856935
390 2458 10.401093 0.068680 0.499802 0.999965 0.005957 -0.005611 0.001668
514 574 11.031746 -1.154633 0.243675 0.989253 0.011710 -0.007984 -0.145527
512 566 10.314096 -0.739136 0.226871 0.997591 0.008724 -0.013054 -0.067574
570 1408 9.593922 2.945648 -1.279290 0.290400 0.009601 -0.010515 0.956800
473 3484 11.264580 -0.866653 -0.131027 0.999979 0.005782 -0.001795 -0.002079
2454 3385 -10.791428 -2.554703 -0.269334 0.927266 -0.015925 0.010822 0.373909
2407 3370 11.399780 -1.321747 0.128312 0.996429 -0.003406 0.000335 -0.084361
440 2466 -10.294109 2.070129 0.597577 0.717595 0.036562 -0.033298 -0.694702
1381 3555 8.649158 7.045044 1.045805 0.594832 -0.008932 0.000297 0.803801
417 2477 9.969101 -5.848938 0.549811 0.977763 0.016843 -0.002230 -0.209025
370 2439 11.165085 -1.909607 0.580725 0.948954 -0.002994 -0.009693 0.315250
539 596 8.194123 -6.981110 -0.095868 0.779375 0.014113 0.003252 -0.626390
393 3373 -8.308502 -7.319092 0.412206 0.779498 -0.011737 0.022386 0.625895
2395 3327 -11.804451 -0.707520 -0.097287 0.999952 -0.008634 0.003915 0.002654
554 1411 10.860707 2.815842 -1.150105 0.409332 0.007137 -0.011757 0.912282
965 3847 -9.916443 2.423233 -0.825229 0.742925 0.010357 -0.008317 -0.669243
391 3369 -7.303421 -9.126312 0.518048 0.737365 -0.010610 0.026911 0.674874
203 1625 -9.403519 4.576870 -1.044948 0.966222 0.002094 -0.001419 -0.257700
582 1388 8.215439 6.830414 -1.232343 -0.207206 -0.016448 -0.000450 0.978159
579 1394 9.241180 5.102707 -1.273871 -0.085332 -0.012478 0.003409 0.996269
754 3710 11.392109 0.174713 -0.702549 0.998758 -0.013679 -0.004211 0.047720
2413 3378 10.136467 -2.469315 0.085386 0.971486 -0.013104 -0.011194 -0.236469
1414 3519 2.202911 11.376228 0.806605 0.503999 -0.005890 0.023894 -0.863353
410 2444 -11.542618 0.711433 0.210663 0.994918 -0.026180 -0.001073 0.097217
592 3517 -7.779388 -6.432487 -0.347621 0.817714 -0.025912 -0.001106 0.575040
599 1404 -9.084625 5.790099 -1.443676 -0.454746 -0.001131 0.011979 0.890540
407 3435 9.089722 5.467255 -0.552713 0.840473 -0.034852 0.019567 0.540377
554 3556 8.412284 -7.453125 -0.584158 0.773318 0.008325 0.008045 -0.633913
2424 3394 9.467361 -6.341675 0.309088 0.866733 -0.002861 -0.022239 -0.498268
1395 3537 10.433640 3.659882 1.109034 0.032408 -0.000356 0.002708 0.999471
167 1597 -11.659355 0.216843 -0.944274 0.999615 0.017306 -0.003699 0.021366
408 2471 10.082733 -0.810219 0.670176 0.999408 0.007044 -0.000136 -0.033669
515 3532 10.069665 -1.115891 -0.132217 0.991791 0.009830 -0.004682 -0.127408
2373 3306 -10.204727 0.125427 0.043893 0.999976 -0.006246 0.002621 -0.001546
577 1399 9.442863 4.162918 -1.420015 0.007407 0.000386 0.002673 0.999969
131 1592 10.628223 -0.325409 -0.691197 0.999072 0.018651 -0.000327 -0.038813
122 1587 10.707483 -1.564354 -0.625705 0.989967 0.019885 -0.005235 -0.139796
2383 3338 10.599129 -0.757889 0.224268 0.999958 0.007319 -0.004961 -0.002227
471 3483 11.950191 -0.846924 -0.135904 0.999990 0.002191 -0.003053 -0.002268
514 3536 11.497255 -1.503586 -0.130259 0.982647 0.011775 -0.011428 -0.184756
408 3438 9.132416 6.711769 -0.704740 0.800511 -0.040868 0.021558 0.597534
412 3395 -11.587662 1.681107 0.095373 0.998202 -0.022253 0.003801 0.055526
95 1558 11.383118 -0.625059 -0.613755 -0.407806 -0.017783 -0.000074 0.912895
537 1411 11.187866 2.756165 -1.014336 0.409712 0.002580 -0.014045 0.912103
410 2445 -10.910202 0.801819 0.209970 0.996989 -0.025270 -0.001141 0.073296
79 4528 10.524292 -0.605721 0.593952 0.999844 0.010866 0.000815 -0.013896
103 1550 9.964836 6.017965 -0.643757 -0.347845 -0.021540 0.018886 0.937114
591 1418 -8.287949 6.300568 -1.245539 0.062315 0.002663 0.009204 0.998011
556 1419 9.201446 6.344528 -1.011237 0.601162 0.013787 -0.005413 0.798990
524 587 9.869236 -3.396225 0.162862 0.895476 0.016586 -0.001017 -0.444800
421 3446 8.429413 5.643250 -0.419672 0.899608 -0.004361 -0.003296 0.436665
2478 3429 -9.639236 3.455971 -0.919905 0.920777 -0.041859 0.015039 0.387544
2428 3396 8.707658 -5.661896 0.091066 0.888335 0.008092 -0.013322 -0.458931
2478 3437 -8.030853 6.916595 -1.321578 0.794757 -0.035515 0.021326 0.605513
2448 3418 10.449219 -0.625999 -0.113699 0.999471 0.019073 0.008971 0.024751
2328 3276 10.262131 -1.564606 0.189802 0.738218 -0.018566 0.022037 0.673947
2420 3389 9.817665 -5.236542 0.159410 0.891359 -0.015860 -0.017752 -0.452673
960 3842 -8.700531 6.129364 -0.954058 0.809881 -0.002306 -0.002701 -0.586583
520 3545 11.063503 -3.140518 -0.186170 0.925450 0.019251 0.004105 -0.378358
2359 3314 10.846878 -0.358871 0.121649 0.999948 0.003140 0.001576 -0.009583
2400 3358 11.516281 -0.779358 0.135446 0.999963 -0.006249 0.004922 -0.003163
384 2420 -3.163605 -11.276390 0.522396 0.722677 0.004541 0.019544 0.690894
1400 3557 2.002274 9.945572 0.892155 0.508589 -0.002449 0.005361 0.860989
2367 3297 -10.763046 -0.086487 0.092866 0.998178 -0.014539 0.003420 0.058458
446 3426 -11.246773 2.331329 0.222900 0.886356 0.002323 0.004834 -0.462973
1407 3527 7.465485 7.793900 0.875206 -0.280830 0.008025 -0.011850 0.959651
142 1599 9.986160 0.476013 -0.711980 0.999774 -0.006183 -0.002067 0.020242
531 3501 -10.302224 -1.118469 -0.611239 0.998931 -0.007050 -0.000396 0.045688
743 3660 -9.034042 4.797180 -1.349463 0.901280 0.012073 -0.022746 -0.432472
517 582 11.685973 -2.336655 0.205305 0.948461 0.018778 0.006265 -0.316274
153 1611 11.732817 0.126503 -0.688072 0.998862 -0.013129 0.003600 -0.045704
839 3754 -10.785027 0.337830 -1.149461 0.999631 -0.011310 0.005303 -0.024141
405 2441 -10.793579 -1.010216 0.234304 0.973435 -0.025619 -0.002588 0.227511
524 3548 10.218884 -3.965118 -0.219325 0.889174 0.015937 -0.000750 -0.457292
398 3378 -10.785446 -5.219284 0.358541 0.842470 -0.015277 0.015971 0.538290
1387 3558 6.166306 9.566269 1.003924 0.613296 -0.009700 0.000097 0.789793
534 594 8.439977 -5.949203 -0.041899 0.802588 0.014276 0.000750 -0.596363
785 3732 9.992725 -0.299866 -0.817276 0.999980 -0.005326 0.002389 0.002288
367 2431 9.946701 -5.162201 0.535607 0.848841 -0.004708 0.002497 0.528621
753 3666 -9.163673 6.621918 -1.203871 0.728850 0.004571 -0.018240 -0.684415
217 1646 -7.617287 -6.646561 -1.135553 0.687193 0.021332 0.007470 -0.726123
639 3601 10.185242 0.111076 -0.512756 0.999951 -0.004054 -0.000666 -0.008960
2466 3404 -10.854431 0.331146 -0.047561 0.999314 -0.026631 0.007684 0.024556
109 1550 4.784302 9.032616 -0.722565 0.515923 0.022870 -0.016463 -0.856171
518 3542 11.140675 -2.387085 -0.176755 0.952915 0.015910 0.003313 -0.302800
169 1626 11.695343 -0.576530 -0.655568 0.999425 0.003906 -0.000760 -0.033676
2401 3359 11.223106 -0.814743 0.140808 0.999943 -0.006570 0.005481 -0.006439
418 3401 -10.462112 4.130585 0.381133 0.982718 0.008258 -0.000005 -0.184926
168 1625 11.578835 -0.646561 -0.673693 0.999219 0.004390 -0.000061 -0.039266
110 1579 8.906742 -4.721725 -0.652856 0.911545 0.009302 -0.005467 -0.411059
550 1416 9.749434 4.781906 -1.063440 0.539075 0.011270 -0.011955 0.842098
2393 3325 -11.904152 -0.701736 -0.134768 0.999978 -0.005837 -0.003106 0.000398
556 1420 9.065169 6.906723 -0.988412 0.617865 0.012056 -0.005006 0.786176
884 3809 10.012253 -0.387970 -0.704485 0.999815 0.003956 -0.006960 0.017507
578 1394 9.807564 4.608063 -1.325630 -0.061346 -0.010431 0.005453 0.998047
454 3439 -11.440777 -0.644608 0.022033 0.996313 0.004020 0.011514 -0.084919
533 3553 8.786378 -5.844818 -0.393960 0.818874 0.014888 0.001814 -0.573777
511 3525 10.799327 -0.904922 -0.104447 0.997606 0.007057 -0.004939 -0.068613
551 3502 -10.691788 -1.124603 -0.450408 0.998484 -0.009996 0.008593 0.053449
603 3536 -11.085770 -4.163977 -0.339557 0.822175 -0.010288 -0.008853 0.569073
635 3581 -10.094055 0.434179 -0.505374 0.999960 -0.003776 -0.004535 -0.006729
436 2461 -8.809944 5.293243 0.418348 0.749262 0.033608 -0.018698 -0.661156
1403 3559 -0.569931 11.263748 0.794516 0.489047 -0.000671 0.009946 0.872200
532 1417 10.669580 5.085266 -0.815774 0.566159 0.007896 -0.015057 0.824121
784 3711 -10.737133 -0.671814 -1.023247 0.999609 -0.001399 -0.003584 0.027679
597 1385 -5.744537 9.384888 -1.490962 0.599595 0.009696 -0.001421 -0.800244
1413 3554 -6.753967 7.422592 0.867631 0.153904 0.006446 0.002057 0.988063
751 3666 -8.682098 5.793304 -1.236895 0.762954 -0.006926 -0.022428 -0.646026
200 1648 9.227173 -6.689308 -0.793154 0.951343 0.008773 -0.000800 -0.308008
415 2449 -10.258636 2.636154 0.351384 0.994141 -0.013950 -0.006763 -0.106977
666 3623 10.166748 -0.097617 -0.400357 0.999979 -0.000155 0.000957 -0.006377
75 4507 -11.264774 0.008534 0.011319 0.999913 0.009002 -0.000285 -0.009684
132 4537 -10.688525 4.580132 0.299976 0.719559 -0.001317 0.017312 0.694214
905 3827 10.046265 -0.438477 -0.686420 0.999971 -0.000499 0.001943 0.007377
2450 3376 -10.797623 -5.044662 0.219541 0.842328 -0.000157 0.027938 0.538240
522 587 10.642390 -3.520645 0.162570 0.893038 0.017278 0.000037 -0.449649
922 3843 11.900208 0.049988 -0.459541 0.999929 -0.005978 -0.008458 0.005934
600 1408 -10.779709 4.638592 -1.366256 -0.377034 0.001793 0.007725 0.926165
2454 3387 -9.976608 -1.967041 -0.293062 0.945995 -0.017627 0.005049 0.323662
1562 4527 3.060402 -9.926941 1.179479 0.488270 -0.010034 0.008949 0.872589
566 1421 7.767300 7.780945 -1.091347 0.619997 0.016145 0.000905 0.784438
369 3380 9.372406 -4.556732 0.331187 0.855780 0.001949 0.001083 0.517334
1387 3541 10.813332 2.741318 1.218751 0.177219 -0.014085 -0.003423 0.984065
1416 3554 -9.374435 6.055122 0.866846 0.065727 0.006696 0.002024 0.997813
123 1587 10.340294 -1.266762 -0.650406 0.991715 0.019489 -0.004067 -0.126908
521 3545 10.629272 -3.085007 -0.174895 0.926413 0.019747 0.003284 -0.375976
547 598 8.215630 -8.144043 -0.180649 0.760195 0.014993 0.005388 -0.649499
1574 4539 -9.218658 4.248039 1.152819 0.671840 0.009421 0.014887 0.740487
752 3707 9.956696 0.783905 -0.774959 0.994120 -0.015785 -0.004707 0.107025
438 3414 -9.223705 7.126831 0.457993 0.758469 0.034007 -0.017715 -0.650580
31 4489 10.564060 0.232274 0.444954 0.999794 0.005802 0.000362 0.019444
725 3690 10.211365 5.682994 -0.964977 0.757887 0.006290 0.022875 0.651954
1565 4527 -0.260994 -10.263893 1.096184 0.560767 -0.006852 0.008147 0.827905
1539 4537 10.111275 2.858684 1.327057 0.001122 -0.019829 0.035539 0.999171
442 3459 10.203884 -0.410477 -0.291760 0.999978 0.005785 -0.003017 0.001435
6 4429 -10.587105 4.889543 0.087911 0.888471 -0.009749 -0.022047 -0.458299
1406 3525 8.607758 7.611481 0.874074 -0.272141 0.005028 -0.010849 0.962183
77 4508 -11.661892 0.009056 -0.079043 0.999868 0.010983 -0.002420 -0.011701
125 1590 11.776680 -1.277847 -0.711040 0.995279 0.017074 -0.000449 -0.095538
497 3482 -10.949253 -0.355652 -0.452422 0.999847 0.007279 -0.003390 -0.015540
201 1648 8.338371 -7.212391 -0.807430 0.942281 0.008952 -0.000999 -0.334702
1419 3522 -3.706039 10.542515 0.699981 0.602916 -0.013104 0.010631 -0.797626
1382 3555 8.279625 7.162491 1.042160 0.590013 -0.010460 0.000156 0.807326
1 4420 -7.534431 6.787322 0.029376 0.854899 -0.002205 -0.019532 -0.518422
100 1554 10.348190 2.845890 -0.589529 -0.376838 -0.019140 0.006726 0.926057
513 574 11.595085 -1.197189 0.237977 0.988974 0.011299 -0.007296 -0.147476
875 3784 -10.001923 -0.648895 -1.086197 0.999614 -0.000156 0.005263 0.027272
476 3466 -10.510830 -0.724258 -0.089799 0.999971 0.001988 -0.003699 -0.006431
1384 3541 11.498856 2.267807 1.249198 0.196883 -0.014543 -0.002654 0.980316
166 1597 -10.854603 0.308800 -0.940992 0.999706 0.017434 -0.004148 0.016315
431 2478 -2.343780 -10.315384 0.507520 0.820821 0.034466 -0.019214 -0.569820
550 1412 10.637477 3.124481 -1.132859 0.435526 0.008620 -0.011516 0.900061
2400 3356 10.161430 -0.777191 0.126551 0.999959 -0.008277 0.003529 0.000085
628 3573 -11.571259 0.404530 -0.514775 0.999916 -0.003326 -0.011169 -0.005633
4 4423 -9.696932 6.084319 0.034825 0.861186 -0.005705 -0.018767 -0.507911
38 4495 10.431347 0.363632 0.427995 0.999875 -0.009935 0.002475 0.012065
2326 3271 11.500481 -2.898621 0.210671 0.636338 -0.025057 0.020506 0.770730
2376 3308 -11.616730 0.134247 -0.123144 0.999884 -0.002406 -0.010609 -0.010696
470 3481 10.674828 -0.831360 -0.121954 0.999989 -0.001184 -0.003922 -0.002242
2350 3265 -6.346939 -8.664490 0.174450 0.730786 -0.026570 -0.006174 0.682061
596 3522 -8.307098 -6.234520 -0.302618 0.777804 -0.017564 -0.005194 0.628239
748 3663 -8.716034 5.924805 -1.204027 0.816858 -0.001863 -0.020507 -0.576472
392 3374 -7.508881 -6.901772 0.385720 0.791649 -0.013268 0.018938 0.610538
1570 4528 -5.181028 -8.700447 0.998654 0.642344 -0.001114 0.007394 0.766380
191 1617 -11.599930 0.991669 -0.998262 0.999955 -0.002575 -0.002029 -0.008923
70 4504 -10.613663 0.039678 0.098700 0.999980 0.003212 -0.002073 -0.005124
525 592 10.404149 -5.412231 0.107914 0.819807 0.024099 0.000196 -0.572132
402 2438 -10.724503 -2.152840 0.194712 0.947530 -0.029678 -0.002448 0.318277
526 3549 9.768127 -4.265305 -0.252810 0.876337 0.014603 0.000531 -0.481476
586 1379 6.505569 9.899139 -1.377627 -0.379353 -0.008442 -0.005809 0.925195
596 1385 -4.862793 9.538166 -1.472258 0.586329 0.009344 -0.000872 -0.810019
221 1642 -9.621117 -2.601677 -1.071384 0.678274 0.009609 -0.001208 -0.734746
691 3628 -10.160645 -0.050406 -0.737467 0.999922 -0.010593 -0.000994 -0.006523
2478 3426 -10.652954 2.449303 -0.768595 0.953933 -0.036521 0.001233 0.297786
2418 3348 -10.360626 -1.131256 -0.237482 0.999678 0.004109 -0.000265 0.025027
511 3492 -10.225288 -0.661240 -0.592727 0.999891 0.014665 -0.000002 -0.001886
1394 3558 4.026566 10.150101 0.840166 0.572950 -0.010376 0.005693 0.819505
380 2449 10.555374 -0.225105 0.751826 0.997238 0.015033 -0.021831 0.069389
567 1410 9.821196 2.975998 -1.298141 0.364001 0.012813 -0.009550 0.931261
598 1408 -9.356369 4.986545 -1.327301 -0.359109 0.001419 0.005207 0.933280
142 1569 -10.889582 1.789581 -0.803172 0.995197 -0.017965 0.005211 -0.096094
2337 3261 3.273239 -10.534317 0.100316 0.681605 -0.020715 -0.000585 0.731427
216 1647 -6.940010 -7.748028 -1.155383 0.698296 0.019426 0.003790 -0.715536
152 1583 -10.330856 1.245430 -0.699239 0.998706 -0.004365 0.002202 -0.050628
162 1620 11.946079 -0.764145 -0.707982 0.997635 0.002153 -0.002260 -0.068657
373 3370 5.351578 -8.853004 0.225731 0.731636 0.015480 0.014491 0.681366
560 3557 8.313536 -8.076279 -0.647969 0.760343 0.007447 0.010205 -0.649399
68 4503 -10.014080 0.049544 0.124214 0.999993 -0.000711 -0.001190 -0.003583
2472 3415 -10.102142 0.599380 -0.430715 0.998953 -0.004128 -0.001796 0.045521
1415 3556 -9.707153 6.864372 0.888482 0.144940 0.005420 -0.000062 0.989426
733 3654 -10.721527 2.207947 -1.014482 0.987173 0.010634 -0.000023 -0.159299
94 1561 10.940361 -2.208601 -0.651863 -0.477862 -0.015931 -0.000001 0.878290
2409 3341 -10.721634 -0.458893 -0.184152 0.999916 0.001940 -0.005226 -0.011721
420 2451 -10.175751 4.625259 0.512047 0.964164 0.014080 -0.002868 -0.264919
599 1387 -7.530762 8.758854 -1.545202 0.608562 0.008216 -0.004414 -0.793452
444 3423 -10.840668 3.427551 0.379646 0.842194 0.015500 -0.004880 -0.538930
578 3562 8.229225 -8.612015 -0.470807 0.836218 0.012928 -0.004627 -0.548225
545 1409 11.416638 2.164444 -1.118352 0.357567 0.002842 -0.013637 0.933784
452 3467 11.031242 -0.719086 -0.290394 0.999966 0.006859 -0.000887 0.004518
101 1573 7.953934 -6.325317 -0.623525 0.757896 0.002886 -0.008419 -0.652315
465 3455 -10.619652 -0.792313 -0.204623 0.999936 -0.008989 -0.003865 -0.005765
783 3731 10.739719 -0.302612 -0.826991 0.999987 -0.004139 0.001384 0.002615
590 3565 9.682037 -3.404152 -0.393170 0.973855 0.009847 -0.004095 -0.226920
414 2475 10.265396 -3.569717 0.680454 0.990775 0.004535 -0.008245 -0.135193
579 3506 -11.047989 -4.490814 -0.532370 0.967971 -0.017854 -0.000290 0.250427
498 3482 -11.735023 -0.332153 -0.472860 0.999805 0.009372 -0.003329 -0.017041
559 3557 8.368724 -8.083023 -0.624938 0.760143 0.008363 0.009174 -0.649637
2478 3440 -7.797943 8.432762 -1.456832 0.752521 -0.033226 0.020457 0.657412
2363 3318 10.998077 -0.362167 0.132237 0.999987 -0.000252 -0.003524 -0.003545
601 3531 -10.231720 -5.096528 -0.335805 0.787687 -0.016608 -0.006581 0.615817
512 567 10.505940 -0.772324 0.226823 0.997187 0.008269 -0.013098 -0.073342
590 3514 -8.085602 -6.793022 -0.390795 0.842297 -0.026938 -0.000275 0.538341
368 3384 11.231857 -3.039726 0.309180 0.903429 -0.000874 0.007049 0.428679
567 1421 7.482050 7.876068 -1.080351 0.615448 0.016565 0.000668 0.788003
862 3793 11.730698 -0.819977 -0.660589 0.999415 0.002565 -0.012022 -0.031928
142 1570 -10.362799 1.691635 -0.793492 0.996558 -0.016712 0.004143 -0.081095
374 2444 11.417313 -0.647667 0.367310 0.982688 0.015388 0.002688 0.184610
2431 3399 8.825329 -5.438583 -0.005573 0.901933 0.011441 -0.009413 -0.431621
147 1575 -11.288813 1.611237 -0.820300 0.998602 -0.018442 -0.003578 -0.049403
451 3467 11.772408 -0.682785 -0.300131 0.999967 0.006548 -0.001330 0.004527
565 1411 9.988119 3.053726 -1.291639 0.399927 0.012990 -0.008302 0.916417
87 4533 11.074570 -0.774749 0.373350 0.999861 -0.000209 0.003406 -0.016345
611 3579 10.583496 0.186716 -0.423124 0.999955 0.003492 -0.008787 -0.000511
86 4514 -10.616623 -0.110911 0.186953 0.999870 0.000213 0.004560 -0.015486
1416 3555 -9.942657 6.157623 0.869378 0.092440 0.006176 0.001352 0.995698
128 4528 -9.326803 -5.295410 0.404636 0.734773 0.004352 0.014292 0.678148
2434 3357 -10.307686 -5.847031 -0.354684 0.936290 0.015102 0.005739 0.350855
200 1622 -11.158783 3.933662 -1.113878 0.985050 0.005671 -0.006716 -0.172044
723 3687 10.676758 4.395597 -0.836094 0.816607 0.001805 0.026946 0.576562
16 4476 10.391538 0.045798 0.424092 0.999878 0.003943 0.001117 0.015083
564 1419 8.505894 6.475464 -1.127505 0.595832 0.018188 -0.001264 0.802902
473 3483 10.189594 -0.858307 -0.134689 0.999982 0.004228 -0.002365 -0.003551
596 1386 -4.935974 9.356127 -1.464604 0.580895 0.009420 -0.000533 -0.813924
887 3793 -11.768127 -0.214355 -0.912857 0.999951 -0.009076 0.003737 0.001579
519 585 11.482442 -3.047958 0.175560 0.917721 0.018884 0.002145 -0.396771
761 3715 11.605110 -0.824860 -0.900664 0.999818 -0.005407 0.008320 -0.016322
450 3432 -11.748280 0.493042 0.097654 0.958772 -0.000270 0.018106 -0.283600
865 3773 -11.608856 -0.468292 -1.088800 0.999772 0.007081 -0.007679 0.018600
432 3453 10.229571 2.232437 -0.192484 0.989072 -0.005464 -0.010164 0.146980
523 590 10.820795 -4.652756 0.132368 0.847937 0.023159 0.001495 -0.529588
206 1649 3.681877 -10.012905 -0.933258 0.875050 0.000886 0.001433 -0.484030
570 3503 -11.614281 -1.943954 -0.317703 0.994985 -0.010102 0.012814 0.098685
205 1625 -9.645500 5.805462 -0.964787 0.946718 0.000126 0.003204 -0.322048
208 1627 -8.500870 6.304195 -0.923033 0.908674 -0.003869 0.006505 -0.417437
550 1411 10.887975 2.798569 -1.140048 0.409030 0.006501 -0.012078 0.912418
421 2477 6.635635 -7.920944 0.385266 0.947321 0.034940 -0.005427 -0.318329
562 1407 11.554375 1.770401 -1.317540 0.307530 0.009626 -0.008536 0.951451
533 596 8.810012 -7.081558 -0.032168 0.776724 0.017176 0.001277 -0.629606
1390 3540 10.545040 3.072189 1.116923 0.133167 -0.009549 0.001703 0.991046
587 3510 -9.182663 -7.215286 -0.409581 0.884198 -0.019636 -0.000221 0.466699
2386 3320 -10.154076 -0.474304 -0.071727 0.999932 0.001284 -0.001625 -0.011503
710 3669 11.670959 -0.563860 -0.439334 0.999814 -0.007836 -0.002733 0.017422
133 1593 10.411325 -0.130257 -0.713335 0.999610 0.014626 0.001507 -0.023732
2326 3275 11.465851 -1.236877 0.124380 0.700514 -0.019037 0.025799 0.712919
411 3396 -10.648849 1.324356 0.072328 0.998277 -0.020592 0.002175 0.054898
915 3836 10.480072 -0.191040 -0.648304 0.999900 0.004286 -0.005455 0.012359
514 3530 10.181205 -1.030792 -0.131025 0.994110 0.007421 -0.008997 -0.107750
875 3783 -11.062164 -0.691925 -1.092089 0.999549 -0.001890 0.003573 0.029752
108 1578 8.652199 -5.428856 -0.687114 0.883564 0.006503 -0.002964 -0.468255
531 3555 9.462280 -7.046768 -0.382229 0.783842 0.016438 0.001006 -0.620742
2425 3352 -10.633755 -2.701096 -0.249409 0.992169 0.004550 -0.000397 0.124822
941 3853 10.466866 -1.959351 -0.565255 0.996861 0.002035 0.001397 -0.079136
124 1587 9.956532 -0.997490 -0.663440 0.993216 0.016441 -0.003283 -0.115068
372 3372 6.143387 -7.936028 0.324149 0.752982 0.011155 0.010679 0.657860
2466 3442 2.970200 9.485390 -1.749684 0.728855 -0.037923 0.033999 0.682771
1406 3526 8.408508 7.497345 0.876576 -0.265486 0.006670 -0.010203 0.964038
1544 4534 10.345459 1.602260 1.317607 0.051867 -0.015427 0.035102 0.997918
913 3815 -10.945343 -0.413574 -0.935022 0.999996 -0.000515 -0.001688 -0.002113
378 2422 1.155685 -10.210388 0.349206 0.735241 0.007766 0.009350 0.677697
567 3557 7.662191 -7.728897 -0.709162 0.773353 0.004710 0.013371 -0.633817
399 2433 -11.005798 -4.094955 0.398280 0.889495 -0.026256 0.013128 0.456000
785 3733 11.086456 -0.294373 -0.810820 0.999969 -0.006941 0.002483 0.002697
719 3680 10.873718 1.606754 -0.572738 0.941681 -0.012041 0.020605 0.335661
1579 4534 -11.703150 -1.118698 1.055128 0.678853 -0.002746 0.006027 0.734244
647 3591 -10.696533 0.451312 -0.537862 0.999959 0.002174 0.000113 -0.008790
491 3477 -11.529751 -0.555405 -0.302251 0.999966 -0.007597 -0.002810 -0.001446
2478 3432 -8.860641 4.633316 -1.067022 0.878527 -0.044855 0.016670 0.475289
742 3702 9.578033 5.588226 -0.747149 0.902720 -0.005736 -0.009006 0.430096
507 3489 -10.815777 -0.539078 -0.641029 0.999785 0.018145 -0.003961 -0.009272
2377 3332 10.773224 -0.692719 0.223980 0.999946 0.002265 -0.009897 0.002066
948 3856 8.566826 -6.392700 -0.498521 0.967714 -0.007931 0.000458 -0.251924
20 4457 -10.354614 -0.057093 0.314885 0.999591 0.012122 -0.001664 -0.025861
380 3367 0.231232 -10.331207 0.321331 0.716242 0.002893 0.009234 0.697785
672 3629 11.394318 -0.117061 -0.498320 0.999967 0.005273 0.003130 -0.005371
923 3822 -11.684341 -0.483002 -1.071661 0.999938 -0.001510 -0.001936 0.010843
1 4415 -8.097259 7.947916 -0.028779 0.853671 -0.001695 -0.013202 -0.520643
366 2432 10.873764 -4.725342 0.530388 0.864934 -0.005187 0.003937 0.501843
693 3648 10.984283 -0.270258 -0.435873 0.999972 -0.000355 -0.002828 -0.006987
400 2436 -10.442261 -2.882080 0.302714 0.927266 -0.025479 0.011574 0.373355
414 2447 -11.248138 2.432968 0.318056 0.998550 -0.022935 0.001832 -0.048672
1397 3535 10.535233 3.963531 1.090476 -0.017969 0.003351 -0.004106 0.999825
804 3729 -10.540581 -0.119843 -1.089400 0.999895 0.003224 -0.001155 -0.014096
597 3526 -8.455063 -5.563288 -0.316561 0.782468 -0.014581 -0.008457 0.622463
175 1605 -11.032545 0.059196 -0.921338 0.998474 -0.000984 -0.001687 0.055194
552 1419 9.264744 6.328781 -1.015711 0.601135 0.013523 -0.005713 0.799013
689 3626 -10.603943 -0.020823 -0.662803 0.999910 -0.011771 0.003066 -0.005729
209 1626 -9.062607 7.566931 -0.983276 0.894432 -0.001211 0.003769 -0.447186
2389 3345 11.395325 -0.729156 0.033408 0.999934 0.007426 0.008280 0.002766
878 3804 10.172386 -0.473816 -0.837918 0.999882 0.013011 -0.001499 0.008031
25 4461 -11.735861 -0.093635 0.246069 0.999973 0.004942 -0.000193 -0.005357
620 3564 -11.977005 0.441965 -0.450835 0.999932 -0.002089 -0.004268 -0.010609
1416 3519 -0.112564 11.551323 0.798485 0.553455 -0.006992 0.023195 -0.832527
561 1407 11.658446 1.742966 -1.302722 0.308545 0.009111 -0.008843 0.951125
406 2440 -11.912018 -1.095436 0.284965 0.968424 -0.028507 -0.001282 0.247671
370 3376 7.951355 -6.180244 0.389531 0.803957 0.002758 0.007018 0.594639
1546 4532 11.460274 0.469448 1.330290 0.086604 -0.011512 0.032133 0.995658
8 4435 -11.039658 3.538550 0.181368 0.923642 -0.009673 -0.013523 -0.382897
712 3643 -11.132141 -0.293942 -0.933312 0.999993 0.000267 -0.003752 0.000042
134 1560 -10.230252 3.608147 -0.791414 0.942206 -0.000183 0.006263 -0.334977
576 1393 10.947891 3.682343 -1.419413 -0.026048 -0.005606 0.004991 0.999633
1415 3554 -8.537201 6.543243 0.882017 0.094216 0.006858 0.000658 0.995528
378 3398 10.960297 -0.087250 0.553234 0.992971 0.016863 -0.007025 0.116943
876 3784 -10.973801 -0.707397 -1.107933 0.999541 -0.000873 0.004577 0.029929
96 1557 11.262840 0.074842 -0.605805 -0.392248 -0.017467 0.000789 0.919693
762 3716 11.915304 -0.829315 -0.876371 0.999790 -0.006269 0.009442 -0.017065
2378 3333 10.732964 -0.711823 0.251716 0.999896 0.004314 -0.013704 0.001434
720 3684 11.477631 3.179993 -0.643637 0.877503 -0.014191 0.026101 0.478650
568 3503 -11.212784 -1.563919 -0.253474 0.996531 -0.009133 0.015824 0.081187
116 1549 -1.747517 10.529846 -0.716853 0.659718 0.029306 -0.014569 -0.750801
758 3673 -11.151104 4.041504 -1.166638 0.758724 0.018321 -0.014204 -0.651000
696 3632 -10.167145 -0.070630 -0.809394 0.999924 -0.009385 0.000380 -0.008003
585 1381 7.000000 9.067108 -1.356863 -0.338013 -0.011580 0.002082 0.941068
2360 3286 -10.047272 -1.516144 0.055190 0.959634 -0.014338 0.001318 0.280883
847 3783 10.992130 -0.349854 -1.070241 0.999703 -0.013616 0.011748 -0.016431
216 1648 -6.972984 -8.632881 -1.180167 0.698114 0.015915 -0.001545 -0.715809
1405 3526 9.076431 7.084656 0.886707 -0.243135 0.006181 -0.008628 0.969934
2403 3335 -11.425117 -0.476318 -0.257991 0.999955 -0.005004 -0.006429 -0.004812
370 3387 11.038300 -2.059853 0.337400 0.935009 -0.002779 -0.000288 0.354613
434 3455 10.962604 1.592407 -0.181926 0.994823 -0.005122 -0.010611 0.100941
581 1390 8.614624 6.221817 -1.212174 -0.166800 -0.014850 0.000829 0.985879
13 4475 11.946071 0.140737 0.476944 0.999861 0.002655 -0.002614 0.016276
940 3852 9.950516 -1.462585 -0.568253 0.998024 0.004068 -0.000234 -0.062699
403 3430 9.845795 3.845192 -0.141183 0.907158 -0.047613 0.006850 0.418031
757 3671 -10.741072 4.937012 -1.239657 0.729616 0.015889 -0.018833 -0.683413
674 3630 10.490692 -0.122209 -0.523095 0.999963 0.005567 0.003987 -0.005152
870 3798 10.775871 -0.784424 -0.842490 0.999637 0.014075 0.000167 -0.022972
378 3400 11.974030 0.084686 0.586236 0.996024 0.020287 -0.011137 0.086028
399 3424 10.194168 1.912170 0.073015 0.969185 -0.021275 -0.005166 0.245360
663 3621 10.729279 -0.105765 -0.408807 0.999978 -0.000290 -0.001250 -0.006568
534 1412 11.311795 3.019333 -1.010175 0.438203 0.005189 -0.013353 0.898762
2449 3375 -10.464340 -5.148315 0.199826 0.838180 0.001546 0.027428 0.544701
756 3712 11.977804 -0.355713 -0.552263 0.999802 -0.013898 -0.008571 0.011356
104 4539 8.903847 4.570942 0.446008 0.978081 0.013090 -0.001163 0.207810
503 3511 10.917656 -0.657974 -0.067005 0.999881 -0.004442 0.005478 -0.013705
1410 3522 5.874756 9.638702 0.872560 -0.385356 0.004196 -0.017278 0.922597
558 1418 9.293533 5.816971 -1.044535 0.582087 0.015447 -0.006047 0.812957
557 1419 9.174846 6.348373 -1.012397 0.601140 0.013859 -0.005351 0.799005
447 3430 -10.503983 1.030197 0.078148 0.937983 0.003298 0.019206 -0.346134
592 3516 -7.913834 -6.805893 -0.349041 0.815054 -0.026708 -0.000511 0.578769
160 1591 -11.015717 0.673897 -0.782064 0.999288 0.017747 0.002586 -0.033185
540 3502 -10.602762 -1.141907 -0.475742 0.998498 -0.010455 0.006554 0.053377
593 3514 -8.320007 -8.029419 -0.307042 0.795140 -0.027854 0.001151 0.605785
39 4477 -10.211626 -0.210126 0.297596 0.999933 -0.001742 0.003530 0.010842
649 3593 -10.295258 0.433193 -0.548434 0.999965 0.002240 -0.002036 -0.007820
824 3767 10.489120 -0.037659 -0.813478 0.999190 0.010425 -0.005559 0.038466
462 3474 10.080616 -0.727631 -0.190966 0.999955 0.001415 -0.002109 0.009099
3 4419 -9.342452 6.965634 0.007343 0.852590 -0.002846 -0.017940 -0.522265
516 3495 -10.031209 -0.789627 -0.585613 0.999940 0.006626 0.000042 0.008713
673 3612 -11.283142 0.219776 -0.430747 0.999971 0.000062 0.002605 -0.007189
583 1387 7.582428 7.397324 -1.260428 -0.242434 -0.017879 0.000329 0.970003
524 591 10.608605 -5.041611 0.125711 0.833640 0.024457 0.000886 -0.551766
402 3386 -10.790985 -2.275459 -0.046148 0.933937 -0.026764 0.006654 0.356371
2418 3385 9.592033 -4.015945 0.062259 0.926446 -0.008961 -0.006897 -0.376258
2452 3427 11.486038 2.168251 -0.487751 0.950236 -0.023119 0.003862 0.310648
1411 3527 4.085266 9.122787 0.859115 -0.381643 0.010118 -0.013031 0.924163
382 3404 11.386444 0.123619 0.537442 0.999181 0.021693 -0.008271 0.033151
2376 3331 10.826294 -0.671295 0.127091 0.999993 0.001093 -0.002669 0.002379
4 4421 -9.945134 6.499949 0.016538 0.855418 -0.002477 -0.017108 -0.517649
729 3652 -11.027954 0.959133 -0.925371 0.997056 0.005549 0.001333 -0.076465
95 4518 -10.531731 -1.086585 -0.048432 0.999550 0.004523 0.002394 0.029562
2471 3411 -11.389252 0.468216 -0.418492 0.999877 -0.011685 -0.000074 0.010442
2336 3260 4.211304 -10.954636 0.171011 0.668939 -0.021743 0.003400 0.742992
589 1384 2.316849 9.870934 -1.359149 -0.440013 -0.013027 -0.000313 0.897897
376 2445 10.683289 -0.533302 0.383911 0.987449 0.013400 0.004031 0.157318
596 1388 -5.071274 9.047571 -1.464798 0.569737 0.007744 -0.002915 -0.821785
111 1549 3.032116 10.123817 -0.700238 0.548901 0.027684 -0.018690 -0.835220
775 3724 10.307039 -0.547943 -0.945596 0.999991 -0.000794 0.002459 -0.003481
1398 3536 10.016518 4.189896 1.045677 -0.012236 0.006729 -0.002408 0.999900
2330 3285 10.892944 1.188293 0.042288 0.897286 -0.018755 0.011696 0.440897
729 3653 -10.123291 0.816021 -0.911520 0.996955 0.007395 0.002243 -0.077589
569 3557 7.458836 -7.484406 -0.714747 0.782815 0.005158 0.014023 -0.622076
782 3708 -11.517874 -0.866302 -1.062258 0.999015 0.005639 -0.008845 0.043124
574 1400 10.511677 3.005463 -1.446858 0.076497 0.005388 -0.003624 0.997049
1401 3558 1.137741 10.591171 0.864709 0.509919 -0.001685 0.007418 0.860189
537 1418 9.722809 5.746597 -0.917819 0.582491 0.011018 -0.009502 0.812707
30 4467 -11.188181 -0.260340 0.114594 0.999964 0.004081 -0.007360 -0.001422
917 3819 -9.990616 -0.477356 -1.062284 0.999981 0.003891 -0.001738 0.004496
521 3546 10.893076 -3.429214 -0.188442 0.914144 0.019163 0.001419 -0.404933
468 3480 11.344948 -0.811478 -0.083981 0.999959 -0.005990 -0.006862 -0.000269
94 1564 10.279678 -3.678525 -0.668910 0.552873 0.013855 0.002666 -0.833146
400 3384 -10.317841 -2.965355 0.077857 0.913034 -0.023838 0.013001 0.406978
517 3542 11.625890 -2.439575 -0.176497 0.952259 0.016093 0.003787 -0.304844
810 3755 11.795509 -0.717468 -0.758900 0.999835 0.004738 -0.000983 -0.017501
2393 3326 -10.894112 -0.729630 -0.122197 0.999988 -0.004658 -0.000887 0.001518
222 1640 -9.998146 -0.813736 -1.056155 0.687971 0.009935 0.004351 -0.725657
