idx1 idx2 t_1 t_2 t_3 q_1 q_2 q_3 q_4
593 1386 -2.068100 9.717384 -1.450267 0.526869 0.009244 -0.000803 -0.849896
1401 3557 1.450203 10.008911 0.875060 0.495395 -0.002397 0.005481 0.868648
543 3554 8.175451 -6.300568 -0.509077 0.804871 0.010327 0.003744 -0.593348
496 3481 -11.232346 -0.357498 -0.415454 0.999894 0.003768 -0.002529 -0.013820
64 4517 10.215775 -0.124674 0.535870 0.999966 -0.006927 -0.003720 -0.002338
537 595 8.225386 -6.437744 -0.052378 0.790817 0.015072 0.001067 -0.611866
528 3550 9.366684 -4.554230 -0.281844 0.862969 0.015614 0.000942 -0.505014
406 2442 -10.760254 -0.621864 0.266644 0.980664 -0.025272 0.000223 0.194061
511 568 11.308209 -0.846954 0.239933 0.996519 0.008780 -0.013551 -0.081792
612 3557 -10.084671 0.349109 -0.432041 0.999069 -0.010676 -0.001759 0.041758
2330 3267 8.848618 -6.013672 0.344510 0.630987 -0.028422 0.008644 0.775225
432 2457 -8.545852 7.012207 0.376421 0.803213 0.031039 -0.015918 -0.594669
1424 3531 -8.835098 7.695857 0.643840 0.605351 -0.013184 0.001288 -0.795848
2409 3374 11.499138 -1.806824 0.112605 0.987973 -0.007070 -0.004379 -0.154404
178 1633 11.078335 0.343536 -0.678003 0.999666 -0.012843 -0.005033 -0.021874
155 1585 -11.423159 1.111694 -0.717581 0.998740 0.001902 0.002608 -0.050081
2343 3299 10.964569 -0.080673 0.198075 0.999653 0.013559 -0.010926 0.019744
872 3781 -10.271286 -0.584778 -0.752665 0.999607 0.003086 0.011079 0.025551
939 3832 -10.968559 0.554779 -0.974312 0.999587 -0.006587 0.004104 -0.027671
4 4466 11.043476 0.396979 0.541232 0.999846 0.000287 -0.009299 0.014908
2380 3335 10.704292 -0.736755 0.121684 0.999977 0.006672 0.000799 -0.000643
723 3683 9.855286 2.559344 -0.752470 0.899795 -0.012530 0.026139 0.435350
497 3504 10.656473 -0.472519 -0.038876 0.999881 -0.014682 0.001736 -0.004392
737 3655 -10.989868 3.956909 -1.173465 0.965750 0.015814 -0.006284 -0.258917
533 3554 8.946380 -6.409470 -0.416180 0.802270 0.013463 0.001245 -0.596808
397 3424 11.501114 1.902122 -0.050663 0.969147 -0.017344 0.001548 0.245868
694 3649 10.985413 -0.289531 -0.417747 0.999955 -0.001579 -0.003149 -0.008846
221 1644 -9.816910 -4.360943 -1.097919 0.669128 0.016080 0.001331 -0.742972
710 3666 10.032257 -0.594584 -0.480094 0.999945 -0.007141 -0.003890 -0.006612
580 1424 -0.889503 11.230789 -1.009018 0.474807 0.002136 -0.000841 0.880087
2328 3273 10.138474 -2.783630 0.237672 0.691712 -0.019580 0.018574 0.721669
733 3653 -11.573853 2.491592 -1.033669 0.987335 0.010434 -0.001215 -0.158301
472 3462 -10.758831 -0.693573 -0.189601 0.999914 -0.004361 -0.003589 -0.011862
953 3858 5.048828 -10.223389 -0.510825 0.912687 -0.003749 0.001377 -0.408640
560 1421 8.771418 7.523010 -1.019238 0.631354 0.013451 -0.002061 0.775376
1421 3545 -9.066803 4.861523 0.727460 -0.325570 -0.001913 0.000984 0.945516
223 1633 -10.476379 5.373446 -0.948625 0.738088 -0.000754 0.010008 -0.674630
1423 3532 -8.087036 7.640383 0.654723 0.588507 -0.010662 0.002401 -0.808419
598 1411 -10.352188 4.323009 -1.308593 -0.281771 0.001915 0.006232 0.959460
582 3510 -9.111206 -4.507889 -0.555088 0.945927 -0.020892 -0.003139 0.323692
2376 3332 11.803215 -0.678345 0.142478 0.999979 0.002054 -0.005470 0.002719
550 1409 11.423182 2.175720 -1.159524 0.357646 0.004439 -0.013029 0.933756
429 2456 -8.606773 6.410873 0.261109 0.849830 0.034061 -0.015203 -0.525735
948 3836 -10.661413 3.729156 -0.942085 0.975003 -0.002747 -0.001707 -0.222170
1422 3530 -7.095596 8.231197 0.656183 0.596570 -0.014232 0.001828 -0.802433
2355 3270 -9.913589 -6.627792 0.254105 0.778604 -0.017481 0.000847 0.627271
515 3537 11.210702 -1.600632 -0.141748 0.979629 0.015622 -0.009909 -0.199963
878 3785 -11.873100 -0.722046 -1.023516 0.999526 -0.001410 0.004344 0.030449
130 1555 -9.827494 5.771011 -0.754654 0.873738 0.006111 0.006440 -0.486316
151 1607 10.000631 0.384949 -0.605875 0.999601 -0.018612 0.000068 -0.021224
388 3410 10.595490 0.277985 0.452892 0.999801 0.013040 0.001086 0.015082
14 4448 -11.132212 0.735473 0.335193 0.986558 0.005257 -0.001500 -0.163317
400 2437 -9.980896 -2.528488 0.295423 0.937648 -0.026276 0.007295 0.346514
596 1391 -5.295166 8.594254 -1.442568 0.552574 0.010104 -0.006683 -0.833376
756 3669 -10.291008 5.819305 -1.227673 0.713271 0.013084 -0.017665 -0.700544
707 3665 11.821808 -0.680593 -0.464365 0.999913 -0.002533 -0.002476 -0.012742
414 3399 -10.308304 2.488541 0.214483 0.998293 -0.017748 0.002780 -0.055581
956 3857 0.687820 -10.000916 -0.624537 0.866869 0.002500 0.001060 -0.498528
1387 3557 6.324608 8.924759 1.017440 0.599921 -0.010772 -0.001584 0.799985
518 3538 9.964973 -1.608337 -0.169145 0.976984 0.016436 -0.007878 -0.212530
428 3408 -8.725117 6.700134 0.207590 0.868215 0.035424 -0.010846 -0.494804
750 3706 10.120552 1.796753 -0.941578 0.985528 -0.021495 0.004536 0.168080
17 4477 10.560035 0.041457 0.395114 0.999850 0.004433 0.004399 0.016182
664 3622 10.968140 -0.117771 -0.399362 0.999976 0.000236 -0.001358 -0.006724
2362 3288 -10.985153 -1.130417 0.048830 0.972628 -0.017384 0.000785 0.231716
2441 3364 -9.535721 -6.312881 0.019892 0.857496 0.016872 0.024964 0.513608
2406 3339 -10.157890 -0.461670 -0.175013 0.999931 -0.001921 -0.004744 -0.010535
103 4521 -9.834923 -3.436966 -0.079633 0.982735 0.003818 -0.009722 0.184724
427 3406 -9.317123 7.139679 0.196208 0.884642 0.040195 -0.013465 -0.464339
571 3505 -10.288445 -1.845993 -0.365276 0.993793 -0.008885 0.009547 0.110473
100 4538 10.171227 2.153419 0.487381 0.994225 0.010146 -0.001706 0.106818
756 3711 11.071540 -0.378632 -0.573710 0.999753 -0.012582 -0.008256 0.016353
539 1415 10.090858 4.324448 -1.012949 0.514922 0.008238 -0.014290 0.857078
509 3524 11.801394 -0.937653 -0.061793 0.997830 0.007781 -0.004422 -0.065233
547 1417 9.574909 5.249008 -1.045066 0.561205 0.013593 -0.009120 0.827515
409 3392 -11.713516 0.294060 0.093680 0.986140 -0.020955 0.003239 0.164557
854 3763 -11.910664 0.099030 -1.190331 0.998902 0.010110 0.004070 -0.045566
419 3404 -9.222031 3.913300 0.406738 0.969653 0.015557 0.001589 -0.243985
559 1421 8.837846 7.515991 -0.994105 0.631604 0.012401 -0.002955 0.775186
1409 3523 6.615723 9.087738 0.893642 -0.355081 0.002944 -0.017080 0.934675
1578 4534 -11.092615 -1.147171 1.045848 0.678646 -0.002125 0.004868 0.734446
203 1648 6.407700 -8.181107 -0.835356 0.919431 0.005204 0.000687 -0.393216
1420 3547 -9.016235 4.757034 0.749060 -0.247203 0.003684 0.001685 0.968955
130 4530 -10.034439 -3.218529 0.346396 0.725682 -0.002144 0.010744 0.687943
821 3742 -11.164101 -0.681946 -1.214668 0.999540 0.000727 -0.002682 0.030209
2466 3405 -10.311203 0.340149 -0.047742 0.999458 -0.024924 0.010856 0.018560
383 2421 -2.424973 -10.728188 0.457245 0.730960 0.008249 0.018643 0.682116
2450 3420 10.040237 0.149849 -0.290682 0.995194 0.012015 0.012537 0.096366
920 3821 -10.335556 -0.485199 -1.009815 0.999958 0.002618 0.000650 0.008768
2479 3433 -9.588806 5.025063 -1.164465 0.862089 -0.037935 0.014075 0.505140
484 3472 -11.170765 -0.789795 -0.161860 0.999987 -0.001321 0.000132 0.004934
49 4506 11.741508 0.148475 0.427892 0.999980 0.005358 -0.000881 0.003193
174 1629 10.509342 -0.001610 -0.682132 0.999919 -0.004086 -0.000497 -0.012044
1411 3526 4.252563 9.283569 0.863769 -0.389457 0.008819 -0.013799 0.920899
146 1604 11.388649 0.575546 -0.633729 0.999796 -0.019599 -0.001317 0.004606
62 4516 10.913639 -0.067348 0.539334 0.999953 -0.007508 -0.005991 -0.001429
412 2445 -11.811279 1.560799 0.219315 0.998914 -0.025400 0.000369 0.039066
80 4511 -10.328808 -0.041796 0.119011 0.999867 0.007685 -0.003119 -0.014061
606 3576 11.194885 0.160420 -0.460706 0.999987 0.000844 0.004473 -0.002455
591 3515 -7.981094 -6.795746 -0.376384 0.828308 -0.027213 -0.000548 0.559611
11 4441 -11.764741 2.158241 0.267326 0.956639 -0.006235 -0.009716 -0.291048
156 1588 -10.075935 0.853119 -0.737431 0.998909 0.008161 0.001807 -0.045950
385 2454 10.819382 0.008461 0.623658 0.999870 0.007219 -0.002282 0.014244
544 3554 8.168762 -6.301041 -0.510381 0.804895 0.010376 0.003739 -0.593315
2432 3401 9.202351 -5.704529 0.025067 0.901890 0.014493 -0.017090 -0.431384
143 1570 -11.066841 1.733490 -0.795841 0.996469 -0.017654 0.004045 -0.081988
202 1648 7.389259 -7.720722 -0.810462 0.931644 0.006971 -0.000833 -0.363304
758 3679 -9.911938 1.347412 -1.091800 0.874317 0.020641 -0.001788 -0.484913
1572 4529 -6.794059 -7.310226 1.013394 0.659089 -0.000543 0.008222 0.752020
120 1587 11.375435 -2.264214 -0.493469 0.985351 0.011278 -0.010585 -0.169838
571 1399 11.738598 2.010651 -1.458708 0.103535 0.005008 -0.005693 0.994597
380 2450 11.248322 -0.148949 0.773655 0.998070 0.016186 -0.023156 0.055301
402 3430 10.397125 3.880806 -0.107224 0.906267 -0.044626 0.005375 0.420310
1399 3560 1.659737 11.778290 0.860873 0.552899 -0.000273 0.011418 0.833170
1380 3552 9.591497 5.270065 1.147265 0.529940 -0.008576 0.001272 0.847991
544 595 7.937004 -6.411942 -0.115886 0.791322 0.013374 0.002883 -0.611247
1388 3540 10.954021 2.753677 1.183066 0.146340 -0.010439 -0.001369 0.989178
2466 3443 2.982162 10.029892 -1.810092 0.721983 -0.038683 0.031588 0.690106
1576 4540 -10.415861 5.564911 1.048278 0.678120 0.007196 0.012961 0.734802
592 1419 -9.637665 5.915550 -1.239126 0.058345 0.001216 0.010170 0.998244
558 3554 8.048784 -6.257812 -0.552869 0.804717 0.008522 0.006268 -0.593565
760 3714 11.303677 -0.802032 -0.839290 0.999888 -0.004719 0.003352 -0.013805
93 1563 10.901466 -3.366685 -0.645145 0.521307 0.012529 0.000539 -0.853277
622 3567 -11.294250 0.442535 -0.294673 0.999910 -0.003211 0.004609 -0.012178
574 1404 9.442905 3.318436 -1.341980 0.148245 0.006146 -0.003140 0.988926
367 3378 10.221619 -5.352814 0.350795 0.830302 0.000763 0.003093 0.557305
132 1556 -10.634863 5.173218 -0.785640 0.892440 0.002129 0.007128 -0.451106
398 2466 11.444534 0.015320 0.486354 0.999679 0.023437 -0.009353 0.002333
792 3719 -10.379063 -0.302582 -1.047014 0.999983 0.003296 -0.000394 0.004772
223 1640 -10.540192 -0.786430 -1.026412 0.686882 0.010467 0.007763 -0.726652
407 2472 11.505157 -0.614204 0.661766 0.999738 0.005090 0.001859 -0.022254
370 2425 6.935425 -8.363678 0.530119 0.763246 0.004911 0.014340 0.645930
433 2479 -4.007018 -10.993332 0.471191 0.791376 0.035156 -0.016775 -0.610088
2415 3382 10.298523 -3.408936 0.112267 0.946316 -0.007927 -0.011317 -0.322947
110 1549 4.031254 9.864491 -0.699433 0.522710 0.026575 -0.018914 -0.851886
401 2437 -10.593323 -2.519714 0.240327 0.937763 -0.026329 0.005411 0.346233
584 3564 9.536118 -6.867401 -0.403610 0.913141 0.014497 -0.007437 -0.407318
396 2464 11.099762 0.042763 0.382811 0.999902 0.013318 -0.004405 0.000348
528 3553 9.922438 -6.063797 -0.326766 0.812980 0.018433 0.000579 -0.581999
530 3552 9.225912 -5.421494 -0.312987 0.832345 0.019235 0.001140 -0.553923
1389 3544 9.398518 3.588120 1.118177 0.242501 -0.014250 0.001909 0.970045
2334 3289 10.448250 0.844757 0.020308 0.961311 -0.014601 0.004550 0.275041
99 1556 10.193542 1.583822 -0.583245 -0.409690 -0.019380 0.002060 0.912017
55 4510 10.516720 0.027703 0.338107 0.999983 0.004928 -0.003209 0.000383
221 1646 -10.032959 -6.140865 -1.138697 0.664068 0.021220 0.007238 -0.747337
1421 3546 -9.444000 4.647123 0.723581 -0.295711 0.000238 0.002201 0.955275
557 3501 -11.627826 -1.189941 -0.437470 0.998488 -0.009440 0.009450 0.053325
2441 3412 11.044022 -3.871078 -0.097710 0.975769 0.023268 0.000303 -0.217562
1411 3523 4.745377 9.783630 0.858793 -0.406518 0.005232 -0.016202 0.913484
459 3447 -11.089928 -0.867737 -0.130688 0.999965 -0.008147 -0.000983 -0.001696
2459 3393 -10.814301 -0.751282 -0.102061 0.980519 -0.016241 0.007637 0.195601
429 2455 -8.925953 7.081024 0.266606 0.851431 0.032322 -0.011480 -0.523344
562 3556 8.060974 -7.400787 -0.652199 0.774704 0.005147 0.011490 -0.632199
576 3560 7.601265 -7.932922 -0.548120 0.817308 0.008737 0.001474 -0.576133
511 3526 11.025682 -0.943497 -0.101044 0.997096 0.007137 -0.006571 -0.075535
552 1411 10.883732 2.807373 -1.149957 0.409286 0.006837 -0.011982 0.912302
201 1624 -9.773590 3.821396 -1.084786 0.980300 0.006492 -0.004884 -0.197345
2415 3383 10.650208 -3.755264 0.127292 0.937788 -0.007763 -0.009560 -0.346990
766 3718 11.121244 -0.832245 -0.860739 0.999837 -0.002591 0.007217 -0.016346
1421 3530 -6.227158 8.410305 0.685234 0.584870 -0.014309 0.003184 -0.810994
129 1553 -9.828669 6.810730 -0.733942 0.842100 0.010030 0.002163 -0.539223
2407 3367 10.036476 -1.084351 0.095279 0.998789 -0.002958 0.000681 -0.049108
573 3504 -11.451023 -2.559097 -0.372803 0.990735 -0.010176 0.009339 0.135102
2326 3276 11.501404 -0.838898 0.103441 0.716363 -0.018927 0.027947 0.696911
1576 4532 -9.691226 -3.512878 1.077124 0.675882 -0.000461 0.002648 0.737005
601 3534 -10.019974 -4.463184 -0.341990 0.809528 -0.015844 -0.008137 0.586811
132 4534 -10.838645 1.162231 0.346669 0.718763 -0.003578 0.009263 0.695184
1397 3560 2.539215 11.662567 0.852632 0.570754 -0.004068 0.009586 0.821055
2449 3377 -10.020355 -4.371880 0.131971 0.861523 -0.000904 0.023762 0.507161
408 3439 9.233337 7.213722 -0.751934 0.786914 -0.039620 0.021904 0.615399
108 1580 9.319092 -6.470078 -0.685217 0.883897 0.009006 -0.005020 -0.467568
458 3446 -10.842354 -0.867889 -0.074400 0.999963 -0.006891 0.001563 -0.004848
451 3434 -11.602013 0.035736 0.068068 0.975667 0.007542 0.010803 -0.218861
137 1597 11.521859 0.161942 -0.741346 0.999936 0.006343 -0.002359 0.009023
567 3558 7.764631 -8.381454 -0.730309 0.762582 0.006300 0.012325 -0.646744
715 3674 10.737061 0.012445 -0.546437 0.991350 -0.005994 0.006606 0.130944
76 4527 11.629181 -0.514507 0.724943 0.999890 0.008383 -0.004777 -0.011240
551 1420 9.131955 6.884415 -0.987819 0.617709 0.011654 -0.005436 0.786302
559 1415 9.767724 4.378601 -1.114301 0.514896 0.012325 -0.012013 0.857080
1420 3524 -4.856308 9.904503 0.707940 0.611097 -0.011731 0.009089 -0.791417
2353 3270 -8.303619 -6.556152 0.103856 0.781045 -0.021648 -0.005590 0.624074
391 3414 10.710938 0.430794 0.492097 0.999051 0.010682 -0.004300 0.042006
444 3422 -11.070801 3.859314 0.439299 0.826823 0.022085 -0.007943 -0.561973
536 596 8.416156 -7.011124 -0.049107 0.778698 0.015949 0.001552 -0.627195
86 4533 11.656303 -0.804612 0.391964 0.999836 -0.001070 0.003149 -0.017826
930 3828 -10.070633 -0.257263 -0.948117 0.999903 -0.006378 0.004862 0.011395
595 1413 -8.956802 4.855953 -1.239424 -0.176041 0.005937 0.005439 0.984350
2465 3403 -10.555099 0.274750 -0.020517 0.999129 -0.024009 0.005690 0.033651
547 3501 -11.537040 -1.245987 -0.472136 0.998478 -0.009181 0.008408 0.053728
2327 3274 10.812492 -2.014008 0.185574 0.695852 -0.018573 0.022494 0.717592
116 1583 9.945950 -2.906982 -0.620938 0.968082 0.015020 -0.006758 -0.250092
1418 3526 -2.993881 9.790245 0.730234 0.564350 -0.017000 0.007897 -0.825323
518 3496 -10.061586 -0.832535 -0.593349 0.999905 0.003840 -0.000658 0.013208
545 1410 11.142406 2.478943 -1.106699 0.382939 0.003916 -0.013370 0.923669
368 3385 11.563690 -2.683685 0.306308 0.914370 -0.000897 0.006751 0.404823
2426 3394 8.796200 -5.605026 0.171611 0.885546 -0.000771 -0.016470 -0.464258
587 1382 4.760864 9.718414 -1.332137 -0.393323 -0.011453 -0.000933 0.919329
67 4502 -10.270966 0.070306 0.155659 0.999987 -0.004243 -0.000549 -0.002939
394 3419 11.313049 0.907158 0.395525 0.992723 0.004659 0.001186 0.120327
573 1424 4.431644 10.557571 -0.960471 0.595570 0.013349 0.000948 0.803192
959 3841 -8.874603 6.643463 -0.972966 0.828033 -0.002845 -0.003539 -0.560661
440 2473 -10.043430 -4.075943 0.560335 0.721914 0.038389 -0.017898 -0.690685
1405 3559 -2.126190 11.198074 0.762634 0.452688 -0.000732 0.009802 0.891615
597 1411 -9.618652 4.572044 -1.284116 -0.268476 0.002023 0.004827 0.963272
2346 3303 11.828522 -0.214447 0.196218 0.999870 0.013860 -0.005729 -0.005960
1380 3550 10.043268 4.331161 1.161015 0.476020 -0.008989 -0.001948 0.879386
376 3368 3.185577 -9.819565 0.248565 0.717473 0.015738 0.018919 0.696151
2413 3381 11.245720 -3.280411 0.113568 0.951932 -0.009791 -0.012061 -0.305915
802 3727 -10.920811 -0.055328 -1.103512 0.999888 0.004107 -0.001004 -0.014389
162 1593 -11.019333 0.541260 -0.836456 0.999621 0.019873 0.003208 -0.018774
407 3391 -11.206635 -0.391037 0.127494 0.977731 -0.020282 0.004500 0.208830
617 3561 -11.594498 0.427722 -0.507277 0.999982 0.000356 -0.004604 -0.003766
1409 3521 7.008377 9.427322 0.888616 -0.364982 0.002130 -0.018942 0.930819
597 3521 -8.722733 -6.754662 -0.315403 0.763883 -0.019785 -0.005381 0.645029
561 1415 9.615476 4.398819 -1.162354 0.514114 0.014344 -0.010651 0.857536
2329 3270 9.444061 -4.386993 0.310219 0.658528 -0.027696 0.010666 0.751971
1386 3544 10.025417 3.153091 1.225780 0.262104 -0.017969 -0.000912 0.964872
570 1401 11.574547 1.865753 -1.491012 0.143094 0.008607 -0.005334 0.989657
1552 4529 10.873245 -3.842918 1.335195 0.219932 -0.015197 0.019949 0.975193
806 3751 11.372433 -0.775665 -0.827367 0.999773 0.000487 0.004987 -0.020730
514 3535 11.257416 -1.397034 -0.126244 0.985496 0.009677 -0.010454 -0.169098
541 1408 11.747543 1.905289 -1.117358 0.333367 0.002184 -0.013062 0.942704
588 1382 3.680664 10.041550 -1.329478 -0.423148 -0.012467 -0.000258 0.905975
381 3402 10.962082 0.077484 0.634501 0.998170 0.021195 -0.016507 0.054168
1421 3528 -6.069122 8.839954 0.690034 0.600767 -0.014965 0.003955 -0.799274
371 3390 11.735016 -1.218796 0.431720 0.959329 0.007097 -0.006773 0.282118
695 3649 9.991028 -0.293957 -0.447937 0.999950 -0.002435 -0.002603 -0.009396
1424 3535 -9.169571 6.849118 0.655933 0.563720 -0.015805 -0.002708 -0.825810
811 3756 11.868759 -0.696198 -0.749937 0.999854 0.006017 -0.001459 -0.015918
1423 3542 -9.671814 5.148628 0.680831 -0.428350 0.001547 -0.000379 0.903611
1409 3522 6.805740 9.251602 0.892050 -0.360015 0.003014 -0.017549 0.932777
703 3637 -10.659271 -0.141161 -0.797052 0.999967 0.000155 0.000489 -0.008054
147 1577 -10.114615 1.483513 -0.800922 0.998882 -0.017971 0.000376 -0.043733
2460 3440 7.753815 8.411026 -1.096866 0.748211 -0.031632 0.017314 0.662481
2474 3442 -3.946106 9.505867 -1.581290 0.733304 -0.035620 0.021659 0.678621
2355 3272 -9.642715 -5.848602 0.242735 0.803494 -0.011209 0.004009 0.595194
367 2426 8.976593 -7.794243 0.529990 0.775978 0.004103 0.013435 0.630604
536 1414 10.561172 3.842697 -0.968751 0.490124 0.006738 -0.015403 0.871491
622 3587 10.241241 0.131130 -0.533986 0.999996 -0.000013 0.001813 -0.002063
1378 3552 10.355879 4.983795 1.258178 0.539793 -0.006866 -0.003691 0.841762
733 3696 8.737732 6.667313 -0.949590 0.772145 -0.006741 0.013038 0.635277
746 3703 9.397491 3.446533 -0.854254 0.951743 -0.011565 -0.000955 0.306678
640 3585 -10.671387 0.479075 -0.518132 0.999950 -0.002104 0.002250 -0.009514
779 3705 -11.238655 -1.061401 -1.197980 0.998495 0.012193 -0.012156 0.052075
156 1614 11.776484 -0.155533 -0.670511 0.998000 -0.008761 0.002764 -0.062535
564 3557 7.971264 -7.967682 -0.689987 0.764288 0.005070 0.012106 -0.644741
682 3637 10.458069 -0.184998 -0.531624 0.999933 0.011005 0.003244 -0.001734
1396 3559 3.140900 10.929214 0.845960 0.570397 -0.007158 0.007421 0.821304
368 3382 10.569946 -3.777832 0.313224 0.880309 0.001964 0.005443 0.474366
556 3554 8.106662 -6.262665 -0.545708 0.804690 0.008819 0.005877 -0.593601
803 3728 -10.731621 -0.080933 -1.132197 0.999887 0.002495 -0.002143 -0.014696
371 2439 10.505997 -1.916626 0.603411 0.948918 -0.002699 -0.011274 0.315309
740 3701 9.335510 6.231247 -0.727530 0.874247 -0.001927 -0.008977 0.485394
590 1381 1.703751 10.663254 -1.435057 -0.483515 -0.010528 0.004221 0.875262
1421 3524 -5.821136 9.729515 0.686522 0.625103 -0.010885 0.008104 -0.780425
424 2479 5.239479 -10.349350 0.366639 0.916205 0.046056 -0.011736 -0.397882
1577 4531 -10.204350 -4.587036 1.034483 0.677433 -0.002441 0.004951 0.735563
592 3567 10.689423 -2.840965 -0.382728 0.985223 0.007787 -0.001297 -0.171094
640 3603 11.641418 0.075615 -0.448620 0.999931 -0.005013 0.000410 -0.010609
787 3734 10.345234 -0.303345 -0.806644 0.999976 -0.006513 0.000740 0.002096
2446 3370 -10.034042 -6.095169 -0.012773 0.819246 0.007432 0.022651 0.572947
815 3758 10.226341 -0.510864 -0.836008 0.999944 0.008284 0.000042 -0.006628
429 2457 -8.280960 5.740036 0.260308 0.848689 0.034199 -0.017989 -0.527479
2423 3351 -10.478485 -2.155121 -0.288518 0.996030 0.003930 -0.001933 0.088911
795 3742 11.732193 -0.437073 -0.732784 0.999991 -0.003404 -0.001667 -0.002046
370 2436 9.804840 -2.989113 0.572694 0.918727 -0.002927 0.004420 0.394859
614 3558 -11.108078 0.410932 -0.308290 0.999681 -0.006362 0.003491 0.024181
599 1396 -8.075073 7.380062 -1.532811 0.554744 0.007220 -0.009708 -0.831933
406 3390 -11.193802 -0.783104 0.084146 0.970379 -0.023624 0.002823 0.240415
516 580 11.644489 -1.957306 0.220001 0.963716 0.016385 0.003959 -0.266396
390 2423 -7.139282 -9.347328 0.675363 0.753745 -0.010419 0.028989 0.656445
2368 3297 -11.787811 -0.092224 -0.064377 0.998214 -0.012758 -0.003144 0.058281
551 1416 9.750590 4.784988 -1.067080 0.539171 0.011434 -0.011921 0.842034
2365 3295 -10.025024 -0.180405 0.177900 0.996186 -0.021585 0.007511 0.084213
577 1397 9.825089 4.139038 -1.408403 -0.014136 -0.003933 0.003402 0.999887
532 3501 -10.526775 -1.151382 -0.600802 0.998838 -0.007879 0.000431 0.047539
1551 4530 10.538612 -2.775955 1.325931 0.194967 -0.015168 0.022251 0.980440
155 1613 11.762003 -0.053482 -0.668798 0.998297 -0.009444 0.003240 -0.057474
757 3673 -10.567297 3.939880 -1.212082 0.761947 0.017334 -0.017370 -0.647174
41 4498 10.707745 0.318984 0.414958 0.999944 -0.007816 0.001556 0.006912
517 3540 11.033499 -2.002090 -0.169818 0.966227 0.016527 -0.000654 -0.257160
784 3710 -11.629101 -0.724152 -1.041331 0.999442 0.000524 -0.005287 0.032964
826 3769 10.681091 0.139679 -0.828822 0.998649 0.005503 -0.009159 0.050858
2365 3319 10.049347 -0.373245 -0.004418 0.999984 -0.001893 0.004659 -0.002683
587 1386 4.086670 9.096420 -1.307600 -0.369220 -0.012337 -0.004636 0.929248
559 3503 -10.044226 -1.000244 -0.378285 0.998463 -0.009825 0.010458 0.053541
404 3387 -11.523087 -1.817513 -0.022674 0.945028 -0.031941 0.006188 0.325367
595 1388 -4.154694 9.194305 -1.448256 0.553937 0.007134 -0.002416 -0.832524
589 1382 2.635605 10.260254 -1.372244 -0.451363 -0.012321 0.001955 0.892253
2414 3381 10.574532 -3.199326 0.110754 0.952908 -0.009463 -0.012582 -0.302851
579 1391 9.723389 5.182785 -1.260367 -0.107605 -0.013380 0.003401 0.994098
401 3426 9.689514 2.498711 0.035749 0.952381 -0.032187 -0.008734 0.303082
389 2422 -6.522354 -9.951767 0.703068 0.743141 -0.007182 0.029257 0.668456
538 1410 11.368784 2.459030 -1.050153 0.383409 0.002597 -0.013904 0.923470
581 1384 9.646790 6.560822 -1.221814 -0.206419 -0.017924 -0.002019 0.978297
2458 3393 -10.039902 -0.753761 -0.100530 0.980564 -0.015214 0.007546 0.195464
2340 3262 0.861526 -10.152069 0.041547 0.704268 -0.024388 -0.010027 0.709444
758 3678 -10.192375 1.780212 -1.101450 0.856454 0.021016 -0.002818 -0.515788
575 1394 11.204575 3.266617 -1.425812 -0.000056 -0.003825 0.002020 0.999991
1393 3539 10.239975 3.449478 1.117941 0.088766 -0.007817 0.004860 0.996010
92 4535 10.661133 -0.461117 0.471512 0.999996 0.001243 0.001906 -0.001370
8 4436 -10.779858 3.304443 0.195945 0.929524 -0.008611 -0.012870 -0.368436
374 2443 10.801239 -0.864517 0.373746 0.977782 0.013660 0.001643 0.209174
2367 3322 11.063416 -0.429855 0.022899 0.999944 -0.000572 0.010293 0.002283
666 3607 -10.210144 0.256248 -0.534785 0.999929 0.005851 0.003416 -0.009754
1568 4526 -2.960648 -11.240730 0.962010 0.616020 0.001648 0.004898 0.787713
540 1417 9.674247 5.241699 -1.001904 0.561440 0.011850 -0.009615 0.827377
179 1609 -10.619316 0.091881 -0.945226 0.998754 -0.004240 0.000260 0.049726
394 3418 10.821075 0.803780 0.418998 0.994917 0.006339 0.002740 0.100465
128 1553 -9.255133 6.930611 -0.691211 0.838105 0.008914 0.003651 -0.545424
459 3446 -11.710449 -0.879669 -0.120630 0.999958 -0.007811 -0.000489 -0.004682
654 3597 -10.441803 0.379572 -0.703899 0.999966 0.002427 -0.002883 -0.007300
132 4535 -10.794674 2.307716 0.337640 0.719203 -0.004183 0.012994 0.694665
1381 3556 8.496883 7.662827 1.032472 0.614180 -0.009853 0.000347 0.789104
1424 3542 -10.444016 4.962562 0.682513 -0.437149 0.002167 -0.000031 0.899387
167 1624 11.471420 -0.700897 -0.687266 0.998959 0.005797 -0.000518 -0.045234
1388 3544 9.606106 3.446182 1.159061 0.248915 -0.015505 0.000614 0.968401
413 2446 -11.528671 1.997391 0.270497 0.999689 -0.024475 0.001616 -0.004537
577 3559 7.344612 -6.917328 -0.487448 0.834262 0.006943 0.000039 -0.551325
2438 3406 9.419487 -3.985260 -0.069069 0.952078 0.024800 -0.002892 -0.304836
92 1564 11.143517 -4.020761 -0.608793 0.539260 0.010587 -0.001897 -0.842071
2380 3336 11.680634 -0.741745 0.135455 0.999974 0.006748 0.002252 -0.001257
1411 3525 4.415329 9.445557 0.861678 -0.395803 0.007244 -0.014660 0.918190
599 1409 -10.361008 4.560301 -1.333905 -0.344803 0.001979 0.006229 0.938652
517 3536 9.923515 -1.357178 -0.164415 0.983823 0.011353 -0.011565 -0.178406
544 1416 9.740578 4.769669 -1.024709 0.539037 0.009639 -0.012943 0.842128
2408 3372 11.450233 -1.536163 0.099590 0.993196 -0.003756 -0.001433 -0.116382
578 1424 0.903549 11.158859 -1.086425 0.518063 0.002964 0.003584 0.855330
536 598 8.578759 -8.184204 -0.070270 0.759305 0.017883 0.001819 -0.650487
872 3780 -11.259232 -0.637451 -0.718460 0.999409 0.002938 0.017643 0.029364
597 1381 -5.450592 10.344254 -1.529521 0.619681 0.008082 -0.005040 -0.784796
2345 3300 10.306366 -0.132172 0.192878 0.999851 0.010420 -0.009995 0.009415
534 597 8.747481 -7.616364 -0.067583 0.767120 0.016057 0.002783 -0.641297
2425 3395 9.374092 -6.412460 0.283119 0.866381 -0.000117 -0.020990 -0.498943
2456 3433 10.083466 4.917305 -0.697353 0.861050 -0.033825 0.011733 0.507259
410 3395 -10.695190 0.937225 0.086345 0.995715 -0.022253 0.002394 0.089724
512 3526 10.429666 -0.906494 -0.114215 0.997216 0.005964 -0.006392 -0.074052
139 1567 -9.907259 1.984245 -0.782838 0.990546 -0.010624 0.005946 -0.136638
2440 3365 -8.994186 -5.439362 -0.010158 0.873782 0.020524 0.023123 0.485335
2408 3340 -10.873940 -0.445740 -0.174651 0.999915 0.000063 -0.005454 -0.011833
548 1413 10.388523 3.513519 -1.122093 0.462240 0.010426 -0.012416 0.886606
598 1403 -8.160660 6.191504 -1.442547 -0.462957 -0.001401 0.010713 0.886315
55 4491 -11.285980 0.029630 0.079861 0.999937 0.003817 0.000460 0.010534
790 3717 -10.569931 -0.380737 -1.061095 0.999962 0.004481 -0.000680 0.007391
2345 3301 11.025787 -0.147400 0.201983 0.999886 0.011470 -0.009284 0.003333
224 1637 -10.944832 1.839573 -0.964325 0.708675 0.005238 0.012640 -0.705402
567 1409 10.107843 2.672989 -1.314972 0.338431 0.011843 -0.010076 0.940863
700 3656 11.573273 -0.509004 -0.423433 0.999806 0.001434 0.002199 -0.019532
432 3411 -8.271829 6.959763 0.331072 0.812652 0.036688 -0.015862 -0.581377
2472 3412 -11.737900 0.491592 -0.448092 0.999837 -0.007917 -0.001363 0.016167
601 1399 -9.816467 6.655746 -1.587677 0.541821 0.001296 -0.013038 -0.840392
1403 3534 8.523468 5.720123 0.918711 -0.119706 0.006610 -0.006241 0.992768
525 3548 9.864316 -3.897827 -0.225502 0.890536 0.015004 -0.000896 -0.454665
2335 3292 11.461975 1.100922 -0.031437 0.981804 -0.009891 0.007315 0.189499
528 594 9.725143 -6.196060 0.050247 0.795625 0.019589 -0.001417 -0.605471
391 2427 -7.278458 -7.127640 0.539696 0.802568 -0.014576 0.017720 0.596120
1380 3551 9.807411 4.810333 1.156426 0.503699 -0.009016 0.000434 0.863832
1386 3545 9.697803 3.415909 1.214997 0.290736 -0.017112 -0.001115 0.956650
873 3801 11.526276 -0.675476 -1.053791 0.999817 0.007076 0.012998 -0.012088
581 1425 -2.219559 11.732010 -1.031058 0.459149 0.000193 -0.000939 0.888359
958 3858 -1.389221 -11.050934 -0.601472 0.829437 0.002787 -0.000919 -0.558592
101 1577 8.296562 -8.616679 -0.597457 0.768289 0.008002 -0.007132 -0.640013
532 3555 9.259834 -7.006287 -0.393293 0.785000 0.015259 0.001126 -0.619307
833 3751 -10.235657 -0.027557 -1.178177 0.999883 -0.014743 0.002816 0.002982
581 3509 -9.508728 -4.410492 -0.552754 0.954113 -0.018789 -0.003023 0.298841
728 3690 9.234680 4.999073 -0.946496 0.778773 0.009234 0.019492 0.626935
710 3642 -10.759460 -0.281622 -0.880967 0.999998 0.000420 -0.000868 -0.001554
108 1548 6.289940 9.620640 -0.730632 -0.448089 -0.023739 0.021429 0.893417
2477 3424 -10.426941 1.897270 -0.599006 0.970687 -0.028227 0.003636 0.238658
99 1555 10.528122 1.994028 -0.584915 -0.383343 -0.018870 0.004014 0.923404
140 1565 -11.586077 2.247322 -0.790492 0.983088 -0.007868 0.007354 -0.182816
576 1424 2.480560 10.972183 -1.077596 0.554369 0.008194 0.005365 0.832214
930 3847 10.357498 -0.061737 -0.564400 0.999948 -0.004015 -0.007098 -0.006111
1 4414 -8.224071 8.208140 -0.042202 0.854481 -0.000903 -0.012512 -0.519332
196 1620 -11.429863 2.339531 -0.956869 0.996674 0.000792 -0.001480 -0.081479
838 3753 -11.178185 0.315643 -1.188684 0.999716 -0.013055 0.005406 -0.019195
705 3639 -10.067047 -0.196092 -0.772915 0.999965 0.002521 0.004410 -0.006622
2377 3310 -10.876389 0.064529 -0.192607 0.999807 0.000250 -0.014656 -0.013098
369 3387 11.690582 -2.044075 0.310346 0.934808 -0.002367 0.001125 0.355143
771 3697 -10.098689 -1.401550 -1.096816 0.999024 0.013564 0.003466 0.041886
863 3771 -11.723457 -0.444672 -1.482999 0.999647 0.011694 -0.020159 0.012769
597 1395 -6.413849 7.833900 -1.470316 0.540909 0.009134 -0.007500 -0.840998
597 1382 -5.532043 10.073759 -1.518598 0.614983 0.009635 -0.004856 -0.788467
610 3553 -10.875626 -0.060410 -0.483865 0.989645 -0.009725 -0.003319 0.143170
409 3394 -10.712601 0.562775 0.112064 0.992076 -0.024135 0.003410 0.123252
1403 3531 9.173080 5.874939 0.913597 -0.155688 0.005293 -0.006422 0.987771
523 587 10.247483 -3.460785 0.160744 0.894191 0.016874 -0.000485 -0.447368
2465 3443 3.802902 10.029869 -1.712777 0.721561 -0.035396 0.028831 0.690844
2477 3423 -10.831604 1.651306 -0.527979 0.977329 -0.020810 0.003315 0.210675
520 584 10.791662 -2.690735 0.196769 0.930473 0.019652 0.003739 -0.365813
394 3420 11.765198 1.042320 0.366579 0.989855 0.002348 -0.000151 0.142062
590 1383 1.382965 10.219055 -1.418393 -0.472803 -0.013098 0.003620 0.881064
946 3835 -11.015453 2.988861 -0.957627 0.985899 -0.004256 -0.003098 -0.167259
2417 3387 10.740295 -5.000244 0.120967 0.901262 -0.011621 -0.010989 -0.432978
95 1566 9.585442 -4.465081 -0.671482 0.604454 0.011782 -0.001039 -0.796552
2338 3261 2.439224 -10.606979 0.093663 0.689882 -0.021789 -0.002150 0.723591
565 1409 10.535393 2.441727 -1.318085 0.348338 0.011133 -0.009634 0.937253
780 3729 11.285847 -0.366669 -0.739612 0.999982 -0.003979 -0.004410 0.000436
2443 3370 -8.858566 -4.803604 -0.020217 0.858616 0.010102 0.022019 0.512047
2431 3401 9.413216 -6.299042 0.010798 0.888836 0.013536 -0.016622 -0.457723
394 3374 -8.859863 -6.874512 0.457487 0.791633 -0.012160 0.023614 0.610419
105 1578 8.589569 -7.208626 -0.682404 0.834657 0.008327 -0.003650 -0.550696
556 1412 10.569825 3.149078 -1.138644 0.435810 0.009270 -0.011167 0.899922
557 1417 9.488225 5.287354 -1.057705 0.561558 0.014256 -0.008288 0.827273
595 3520 -8.116028 -6.486092 -0.291599 0.783340 -0.021309 -0.002341 0.621224
643 3588 -10.211792 0.470431 -0.636878 0.999938 0.001917 -0.004390 -0.010098
727 3691 9.628723 5.824015 -0.963973 0.752033 0.004339 0.022756 0.658719
579 3507 -10.421112 -4.135345 -0.515292 0.967998 -0.018603 -0.000580 0.250268
1409 3526 6.070404 8.645554 0.896510 -0.337635 0.006671 -0.014906 0.941135
486 3494 10.578726 -0.309357 -0.095802 0.999775 -0.015656 0.002817 0.014002
842 3756 -10.619274 0.402283 -1.071634 0.999299 -0.008346 0.007889 -0.035643
526 3498 -11.502697 -1.122513 -0.655280 0.999421 -0.003840 -0.002892 0.033673
520 3542 10.217313 -2.289017 -0.172695 0.954215 0.015006 0.002241 -0.298737
440 3420 -9.304043 4.425446 0.446747 0.808500 0.029988 -0.013358 -0.587580
716 3646 -10.569092 -0.306155 -0.811361 0.999993 -0.002635 0.002366 0.000797
372 3389 10.622070 -1.499016 0.352497 0.952019 0.005673 -0.006940 0.305907
765 3718 11.834572 -0.848480 -0.842904 0.999822 -0.004426 0.006863 -0.017026
124 1588 10.678259 -1.187332 -0.658697 0.993434 0.018276 -0.003534 -0.112883
741 3702 9.699127 6.197281 -0.746904 0.888866 -0.002645 -0.008305 0.458084
583 3508 -10.175766 -5.854446 -0.562507 0.935087 -0.022520 -0.005159 0.353665
457 3444 -11.198162 -0.869873 -0.042418 0.999827 -0.007531 0.004339 -0.016475
376 2420 2.547760 -11.332870 0.355724 0.713576 0.017154 0.019970 0.700083
430 2455 -8.918411 7.547333 0.318126 0.836053 0.029516 -0.010219 -0.547759
879 3805 10.357567 -0.454468 -0.829096 0.999839 0.013094 0.001994 0.012117
862 3770 -11.794601 -0.423340 -1.442215 0.999724 0.013330 -0.017674 0.007918
726 3691 9.944397 6.051652 -0.975389 0.744894 0.003169 0.024046 0.666742
386 2423 -4.375946 -9.466187 0.539225 0.752457 -0.005648 0.019788 0.658320
2344 3262 -2.029358 -10.183899 -0.056045 0.714391 -0.022476 -0.013470 0.699256
645 3607 11.430145 0.027268 -0.358558 0.999887 -0.007391 0.002529 -0.012848
215 1647 -6.167755 -7.962057 -1.137928 0.711552 0.018801 0.001952 -0.702379
139 1598 11.129423 0.314575 -0.729612 0.999863 0.001898 -0.003028 0.016134
201 1623 -10.598564 4.179680 -1.104690 0.980065 0.006139 -0.005687 -0.198501
119 1549 -4.186523 10.283104 -1.002223 0.705686 0.023024 -0.023926 -0.707746
77 4509 -10.487343 -0.021259 -0.056002 0.999864 0.010175 -0.005795 -0.011615
814 3757 10.180756 -0.539215 -0.824738 0.999936 0.007291 -0.000140 -0.008653
222 1644 -10.369957 -4.304913 -1.116857 0.666826 0.017867 0.004353 -0.744987
786 3734 11.264236 -0.296753 -0.802898 0.999969 -0.007358 0.001090 0.002700
512 3527 10.657893 -0.948471 -0.117749 0.996541 0.006094 -0.007709 -0.082524
206 1625 -9.703880 6.426861 -0.927249 0.935175 0.000537 0.004929 -0.354152
579 1396 8.919830 5.061615 -1.288202 -0.069339 -0.010896 0.002011 0.997532
222 1636 -9.854576 2.681850 -1.016905 0.717511 0.003694 0.009137 -0.696478
2327 3271 10.823746 -3.251984 0.250371 0.648176 -0.025512 0.017878 0.760853
519 582 10.729051 -2.232269 0.204633 0.949824 0.017617 0.005253 -0.312243
588 1422 -7.840576 8.416084 -1.075238 0.228215 0.000859 0.003147 0.973605
367 3379 10.402344 -4.947937 0.341825 0.843387 0.000376 0.001140 0.537305
566 1415 8.788967 4.672516 -1.218487 0.502131 0.016689 -0.008717 0.864587
852 3786 11.013817 -0.600830 -1.174040 0.999595 -0.008074 0.004902 -0.026855
463 3475 10.303146 -0.723022 -0.230596 0.999968 -0.001303 -0.000470 0.007915
600 3530 -9.708313 -5.199607 -0.330938 0.785094 -0.015628 -0.008766 0.619117
523 3548 10.593572 -4.031281 -0.222305 0.887853 0.016218 -0.000211 -0.459841
1423 3538 -8.812744 6.266890 0.663768 0.510939 -0.008397 -0.006295 -0.859553
518 3543 11.427923 -2.664261 -0.180641 0.944487 0.018089 0.004964 -0.328014
81 4530 11.422089 -0.685494 0.513333 0.999837 0.006925 0.005821 -0.015627
661 3603 -10.110870 0.256194 -0.503985 0.999901 0.010703 0.000348 -0.009110
601 3537 -9.666458 -3.748206 -0.358140 0.837086 -0.009007 -0.006594 0.546957
965 3854 -9.249664 -5.246552 -0.797408 0.737730 0.016045 -0.002770 -0.674899
408 2442 -11.801483 -0.162605 0.293033 0.984326 -0.027825 0.001916 0.174141
1384 3556 7.414001 7.991974 1.052138 0.599346 -0.011657 -0.002183 0.800403
746 3662 -8.717682 5.327148 -1.283035 0.853590 0.002442 -0.022132 -0.520470
478 3488 11.165443 -0.744583 -0.217465 0.999974 0.004181 0.003003 0.004948
543 1410 11.147917 2.478271 -1.102179 0.383014 0.003735 -0.013360 0.923638
406 3434 9.310059 5.189003 -0.476267 0.852527 -0.036256 0.016252 0.521172
566 1407 10.904446 2.074585 -1.368526 0.295270 0.011764 -0.007518 0.955312
577 1391 10.801384 4.183502 -1.377199 -0.061402 -0.008157 0.005724 0.998063
434 2479 -4.951380 -10.813797 0.486804 0.777893 0.034153 -0.017167 -0.627233
745 3659 -9.715424 6.655334 -1.418617 0.870963 0.003744 -0.026037 -0.490644
198 1647 10.094650 -5.189842 -0.770014 0.965681 0.005342 0.007802 -0.259559
557 1412 10.543380 3.153000 -1.140021 0.435785 0.009353 -0.011120 0.899933
11 4443 -10.982577 1.719244 0.285267 0.966832 -0.003925 -0.009139 -0.255219
440 2475 -9.960331 -5.890518 0.530552 0.722040 0.031654 -0.022812 -0.690750
2451 3424 11.088654 1.113457 -0.474497 0.977095 -0.010519 0.004907 0.212486
369 2437 10.903015 -2.599693 0.555788 0.929541 -0.003014 0.002190 0.368700
368 2430 9.079468 -5.666306 0.513634 0.833251 -0.003004 0.000041 0.552886
1402 3533 9.247131 5.407715 0.961121 -0.113726 0.003470 -0.006815 0.993483
373 3392 11.426117 -0.813614 0.306605 0.970962 0.019997 -0.000171 0.238396
1405 3530 8.239426 6.710800 0.870888 -0.206659 0.008122 -0.007081 0.978354
435 2477 -6.211601 -8.713791 0.492653 0.765806 0.033060 -0.023851 -0.641779
2371 3302 -11.348007 0.098038 -0.076719 0.999834 -0.007796 -0.001136 0.016444
183 1611 -11.778858 0.140999 -1.048550 0.998969 -0.006809 -0.003930 0.044723
500 3509 11.918745 -0.595490 -0.031450 0.999911 -0.008729 0.004193 -0.009202
944 3855 10.706013 -3.789886 -0.540233 0.989687 -0.004628 0.001311 -0.143163
560 3502 -10.922335 -1.101318 -0.360051 0.998426 -0.009946 0.012188 0.053841
829 3747 -11.913803 -0.352753 -1.174776 0.999714 -0.009858 -0.000580 0.021771
1398 3557 2.912354 9.799973 0.898774 0.529638 -0.004830 0.004521 0.848198
594 3518 -8.023438 -6.800022 -0.288032 0.790997 -0.023529 -0.000043 0.611367
430 3453 10.821690 3.374603 -0.180450 0.980012 -0.007155 -0.011770 0.198459
94 1568 9.741455 -5.721151 -0.684828 0.630335 0.008405 0.003175 -0.776271
424 3448 8.888626 5.013306 -0.090367 0.931444 -0.003528 -0.020055 0.363314
594 1415 -9.110748 5.008160 -1.195764 -0.094961 0.006831 0.003656 0.995451
838 3777 10.314461 0.118286 -0.808281 0.999654 -0.008316 -0.003916 0.024663
655 3615 11.276794 -0.031603 -0.274537 0.999932 -0.006157 -0.003369 -0.009306
2451 3426 11.851196 1.648384 -0.575736 0.962267 -0.019826 0.004935 0.271338
549 1413 10.390436 3.515839 -1.116861 0.462277 0.010137 -0.012400 0.886591
598 1395 -7.238693 7.671775 -1.500905 0.552500 0.008870 -0.008702 -0.833420
2437 3407 10.178215 -4.907822 0.075929 0.941916 0.021056 -0.007293 -0.335110
868 3777 -10.530739 -0.499451 -1.043374 0.999647 0.013504 -0.004221 0.022483
392 3371 -7.841919 -8.197029 0.444496 0.756891 -0.010972 0.025809 0.652939
130 4538 -9.501688 5.884079 0.315190 0.727648 0.003443 0.014932 0.685779
371 2441 11.607941 -1.313316 0.617596 0.964867 0.005502 -0.009635 0.262505
834 3751 -10.835304 0.046631 -1.165039 0.999878 -0.015052 0.004110 -0.000556
