idx1 idx2 t_1 t_2 t_3 q_1 q_2 q_3 q_4
46 2458 10.930477 -0.387105 0.190228 1.000000 0.000224 -0.000178 0.000500
595 1365 11.638062 -0.003677 0.161116 0.999990 0.000091 0.000975 -0.004311
2 2410 9.063088 5.931849 0.056696 0.856854 0.000577 -0.013001 -0.515396
4 2341 7.009673 7.985430 -0.080935 0.783079 0.001692 -0.013876 -0.621765
2375 2429 8.969854 7.416800 -0.107971 0.852935 0.004298 0.015366 0.521773
2293 2351 11.729309 0.230445 0.354485 0.997481 -0.004150 -0.008030 0.070357
583 1353 11.115738 0.090118 0.220039 0.999994 -0.002535 -0.001533 -0.001922
830 2600 11.719559 -0.119589 0.154411 0.999859 -0.003750 0.003380 0.016035
26 2320 -8.109637 8.640959 -0.295773 0.764308 0.003391 -0.018144 -0.644587
740 1474 -11.037233 -0.149185 -0.254165 0.999962 0.006441 -0.005479 -0.001906
768 1540 11.390347 -1.300934 0.234076 0.999723 0.019019 -0.008440 -0.011038
151 2525 -7.463539 7.927719 0.062478 0.728667 0.003653 0.006378 0.684828
567 1306 -11.869354 1.277496 -0.058118 0.994286 0.000474 -0.002311 0.106721
25 2341 -7.056343 7.884687 -0.272478 0.774447 0.004920 -0.018682 -0.632344
28 2409 -8.936109 6.008063 -0.113041 0.839843 -0.003807 -0.013582 -0.542645
27 2409 -8.037800 6.040030 -0.158481 0.839189 -0.003048 -0.016088 -0.543593
1 2373 8.645017 8.034608 0.013669 0.784834 0.004388 -0.014580 -0.619519
5 2398 6.511267 7.879756 -0.120646 0.785473 -0.002306 -0.015722 -0.618692
596 1342 -10.873856 0.055817 -0.188905 0.999988 0.001905 -0.002433 -0.003787
797 1571 9.582977 4.815552 0.224840 0.974631 0.003457 0.000900 0.223791
32 2416 -11.006695 3.940557 -0.015941 0.912925 -0.008536 -0.000606 -0.408038
0 2404 9.471730 7.325494 0.084684 0.807809 -0.001500 -0.017677 -0.589177
584 1329 -11.444717 0.008789 -0.164395 0.999966 0.001582 -0.003865 0.007061
740 1496 10.920846 0.226654 0.234267 0.999967 -0.005746 -0.000680 0.005708
4 2383 7.017953 8.010712 -0.080797 0.783000 0.001829 -0.013840 -0.621866
24 2361 -6.216127 7.887498 -0.315178 0.775547 0.005684 -0.020832 -0.630921
726 1481 10.035297 0.057175 0.133339 0.999947 0.000435 0.005894 0.008380
1564 2566 -3.565976 10.089783 -0.088176 0.729392 0.018080 -0.008943 -0.683798
1 2375 8.637809 8.035503 0.015354 0.785165 0.004425 -0.014493 -0.619100
2360 2428 8.626402 6.793971 -0.103542 0.861144 0.000459 0.013406 0.508185
712 1470 11.736298 -0.024902 0.209486 0.999938 0.003980 -0.002639 0.010106
681 1423 -10.405045 -0.199387 -0.226737 0.999956 0.001822 -0.001524 0.009112
583 1329 -10.585602 -0.002838 -0.162536 0.999963 0.001054 -0.004239 0.007367
919 2637 -10.930346 2.430923 0.068177 0.705462 0.006560 0.007515 0.708677
1535 2585 7.146854 -9.268860 0.154850 0.753239 0.011101 -0.011766 -0.657547
817 1528 -8.917480 -6.045380 -0.074461 0.828929 -0.002276 0.008134 0.559289
825 1568 -10.852417 4.382627 -0.040518 0.731088 -0.006070 0.008774 0.682200
139 2526 2.715683 9.667175 0.079243 0.879215 0.007503 0.006415 0.476323
824 1549 -10.855682 -3.713542 0.013046 0.745960 -0.003140 0.002885 0.665978
2300 2416 11.557365 2.489787 0.266204 0.943794 -0.018851 -0.000593 0.329995
24 2358 -6.223465 7.869046 -0.315752 0.775468 0.005506 -0.020898 -0.631017
515 1293 11.088852 1.936798 0.098212 0.229636 -0.015490 0.016918 0.973007
708 1466 11.151489 -0.043732 0.151984 0.999930 0.001375 0.001238 0.011711
745 1503 11.946567 -0.016464 0.248288 0.999463 -0.003733 -0.001497 -0.032507
866 2628 10.729492 -0.782544 0.223817 0.999722 0.007853 -0.009791 -0.019972
2 2341 8.081138 8.014577 -0.018249 0.784280 0.003561 -0.014310 -0.620232
2 2387 8.087390 8.046615 -0.015797 0.783916 0.003755 -0.014201 -0.620693
884 2637 10.255142 0.421564 0.183579 0.997894 0.005078 0.007406 0.064244
543 1280 -3.986282 -10.971146 0.017746 0.673555 -0.015683 0.006127 0.738945
643 1388 -10.376030 -0.047913 -0.168326 0.999945 -0.002251 -0.001046 -0.010192
824 1552 -10.788513 -2.912138 0.016291 0.740799 -0.002653 0.001434 0.671720
773 1549 10.196596 -1.136063 0.245119 0.999798 0.013272 -0.011906 0.009318
841 2587 -11.527267 -0.643659 -0.202690 0.999955 0.002377 -0.003687 0.008394
26 2339 -7.927943 7.863371 -0.262438 0.775534 0.002154 -0.017582 -0.631057
25 2382 -7.052757 7.907235 -0.271509 0.774582 0.005016 -0.018627 -0.632179
1521 2575 10.047625 1.601730 0.310269 0.762573 0.008688 -0.018857 -0.646568
775 1557 11.634332 -0.911942 0.328760 0.999375 0.007222 -0.019400 0.028648
0 2406 9.636211 6.935390 0.099229 0.821723 -0.000271 -0.017555 -0.569617
822 1540 -10.038467 -5.093867 -0.015948 0.768715 0.000312 0.004543 0.639576
1576 2577 -10.765573 -0.974319 0.099114 0.726426 0.004142 -0.003281 -0.687224
2362 2427 8.276528 6.167217 -0.088856 0.870621 -0.004026 0.011550 0.491802
104 2514 10.746590 -0.941666 0.350835 0.999402 0.004997 -0.014998 -0.030741
565 1303 -11.851593 1.071350 -0.097785 0.984246 -0.006064 -0.001789 0.176693
573 1317 -10.469559 0.907898 -0.054190 0.999948 0.003682 0.000225 -0.009472
546 1326 11.131592 3.438950 0.101737 0.996287 -0.014487 -0.001203 0.084862
737 1493 11.126521 0.240067 0.215588 0.999911 -0.003603 0.001418 0.012765
563 1336 11.369156 -0.198273 0.094939 0.997734 -0.018759 0.002243 -0.064581
24 2336 -6.225109 7.869575 -0.317006 0.775619 0.005105 -0.021211 -0.630824
23 2315 -5.808825 9.885147 -0.417340 0.735297 0.009514 -0.025429 -0.677201
25 2365 -7.045688 7.893133 -0.272415 0.774844 0.005054 -0.018691 -0.631856
529 1282 8.579678 -7.300095 0.318253 0.342381 -0.024063 0.009019 0.939210
737 1471 -11.659708 -0.191833 -0.280544 0.999985 0.003023 -0.004445 -0.001323
865 2604 -11.631943 -0.290776 -0.178530 0.999972 0.000631 -0.000608 -0.007432
2293 2376 11.711823 0.232831 0.355620 0.997485 -0.004039 -0.007645 0.070346
17 2309 -1.486102 11.551317 -0.298205 0.725639 0.009892 -0.019565 -0.687726
752 1510 11.005126 -0.690720 0.249301 0.997760 0.012437 -0.000180 -0.065732
27 2389 -8.785299 7.903153 -0.236853 0.775306 -0.000479 -0.016011 -0.631383
586 1331 -11.582413 0.001297 -0.162103 0.999970 0.001410 -0.003574 0.006736
789 1566 9.927784 1.436844 0.260421 0.993654 0.007938 -0.000866 0.112200
769 1543 11.330517 -1.295410 0.251272 0.999744 0.020267 -0.007880 -0.006289
27 2375 -8.790339 7.879591 -0.236050 0.775803 -0.000557 -0.015852 -0.630776
799 1513 -10.941841 -4.384537 -0.192091 0.982440 -0.007877 0.001683 0.186407
27 2331 -8.791611 7.883986 -0.232729 0.776070 -0.001432 -0.016934 -0.630418
2341 2429 8.943533 7.438251 -0.108152 0.852388 0.004404 0.015461 0.522663
1532 2584 7.672970 -8.199173 0.205242 0.754531 0.014019 -0.014518 -0.655954
792 2565 0.957748 11.433609 -0.035093 0.822666 0.012719 -0.007711 -0.568331
5 2387 6.466038 8.007125 -0.121033 0.782237 0.000258 -0.013870 -0.622826
624 1368 -11.408699 -0.154022 -0.214127 0.999978 -0.001730 -0.001616 0.006179
793 2566 0.707466 10.548538 -0.037583 0.830209 0.014106 -0.007841 -0.557219
916 2627 -9.751375 -6.318649 -0.212362 0.747814 0.014877 0.005313 0.663721
535 1280 3.896801 -10.629669 0.264115 0.491836 -0.023304 0.008522 0.870335
788 1566 10.306492 1.221161 0.274257 0.994722 0.009093 -0.001125 0.102199
542 1323 9.654900 4.966904 0.122981 0.984359 -0.020061 -0.006076 0.174923
4 2393 7.024949 7.983903 -0.082566 0.783163 0.001034 -0.014588 -0.621644
520 1313 5.419235 9.168793 -0.239789 0.682928 -0.029831 0.005207 0.729858
856 2620 10.806427 -0.519423 0.244571 0.999957 0.000383 -0.000983 -0.009172
2293 2375 11.711937 0.229747 0.356528 0.997449 -0.004064 -0.007646 0.070861
849 2614 10.895340 -0.298530 0.195876 0.999995 -0.002023 0.001353 -0.001723
27 2343 -8.786531 7.860877 -0.237790 0.776155 -0.000675 -0.016007 -0.630338
3 2354 7.554467 7.997764 -0.044498 0.783217 0.002783 -0.014050 -0.621584
28 2442 10.806805 -0.234948 0.158871 0.999948 -0.005326 -0.004980 -0.007099
1519 2578 11.573771 -1.426529 0.391718 0.767784 0.019406 -0.013696 -0.640268
774 1500 -11.199889 -0.280792 -0.270004 0.999916 -0.008537 -0.003422 0.009102
0 2405 9.550570 7.137044 0.091463 0.813967 -0.001303 -0.017856 -0.580635
2 2347 8.081305 8.012082 -0.017875 0.784995 0.003476 -0.014327 -0.619327
1 2372 8.646503 8.040872 0.013842 0.783533 0.004374 -0.014541 -0.621165
1523 2579 9.811710 -2.653305 0.330651 0.764325 0.020979 -0.012451 -0.644369
55 2466 10.338249 -0.408020 0.169723 0.999978 0.005943 -0.002768 -0.001045
822 2574 -11.399139 -0.131359 -0.002537 0.999489 0.002183 -0.000928 -0.031883
854 2597 -11.059753 -0.302061 -0.251321 0.999972 0.000994 -0.005938 -0.004367
1518 2576 11.743086 0.720108 0.367766 0.767200 0.013030 -0.017180 -0.641045
31 2415 -10.367246 4.249244 -0.045254 0.902613 -0.009083 -0.002168 -0.430352
509 1304 9.986481 6.151321 0.052693 0.468842 -0.024653 0.004537 0.882926
618 1386 11.131752 -0.043396 0.172556 0.999991 0.003118 -0.001736 0.002169
763 1491 -11.858789 -0.244598 -0.227366 0.999869 0.002155 0.000842 0.016022
2359 2427 8.270658 6.169628 -0.090069 0.870547 -0.003904 0.011545 0.491934
747 1479 -11.674879 -0.071350 -0.216808 0.999970 0.005624 -0.000575 -0.005305
513 1306 7.832260 6.789032 -0.069703 0.521905 -0.026056 0.006844 0.852578
787 2566 4.239388 10.105789 0.171239 0.789340 0.021174 -0.007226 -0.613548
802 2567 -4.686142 9.256332 -0.155248 0.902960 0.011788 -0.006884 -0.429507
2365 2427 8.268595 6.157865 -0.089191 0.870913 -0.003853 0.011645 0.491285
751 1483 -10.768305 -0.052505 -0.225322 0.999972 0.005991 -0.000803 -0.004462
4 2417 9.808694 3.886163 0.062547 0.926902 -0.007884 -0.005748 -0.375178
4 2403 7.228039 7.431623 -0.059897 0.800662 -0.004899 -0.017147 -0.598852
2295 2384 10.422667 0.221784 0.286009 0.997460 -0.003337 -0.005864 0.070912
12 2311 1.837947 10.993557 -0.314991 0.729888 0.001431 -0.015264 -0.683395
66 2458 -10.527168 -0.447706 -0.165335 0.999999 -0.000791 0.000701 0.000898
2342 2427 8.254039 6.180340 -0.090857 0.870517 -0.003607 0.011752 0.491986
766 1536 11.887306 -1.321838 0.209885 0.999653 0.020290 -0.004927 -0.016013
612 1357 -10.911697 -0.108810 -0.201186 0.999998 -0.000019 -0.000752 0.001658
581 1351 11.023819 0.018845 0.223261 0.999984 0.000777 -0.002473 -0.004976
607 1353 -10.272873 -0.067780 -0.151426 0.999996 0.000186 -0.001678 0.002156
823 1539 -10.565918 -5.532227 -0.005407 0.760847 -0.000601 0.005326 0.648909
612 1381 11.542023 -0.089020 0.225565 0.999966 0.003532 -0.001892 -0.007192
825 1551 -11.390259 -3.346302 0.020871 0.737877 -0.003842 0.002448 0.674920
766 1532 11.032560 -1.295700 0.183327 0.999650 0.020150 -0.002262 -0.016976
2349 2429 8.942160 7.432790 -0.109785 0.852501 0.004538 0.015564 0.522474
640 1384 -11.357658 0.034164 -0.092346 0.999834 -0.000200 0.001759 -0.018113
786 1566 11.106804 0.836884 0.276006 0.996311 0.009705 -0.000688 0.085267
909 2625 -8.013969 -6.116089 -0.209367 0.822612 0.014619 0.004481 0.568397
2351 2429 8.945000 7.427622 -0.110649 0.852665 0.004585 0.015628 0.522204
5 2388 6.465465 8.001900 -0.121139 0.783378 0.000263 -0.013810 -0.621393
570 1311 -11.546021 1.183151 -0.066008 0.999481 0.004873 0.003928 0.031611
599 1344 -11.700439 0.045074 -0.216230 0.999986 0.002765 -0.003153 -0.003346
806 1573 5.424225 8.506561 -0.065639 0.920923 0.000032 0.006832 0.389685
561 1300 -10.590332 0.411484 -0.081445 0.965546 -0.006202 -0.000669 0.260157
2 2396 8.118103 7.967354 -0.014732 0.786582 0.002508 -0.014731 -0.617306
2 2327 8.089403 8.000821 -0.023006 0.784493 0.005156 -0.010334 -0.620031
513 1303 8.505569 5.513504 -0.020033 0.456857 -0.025650 0.008055 0.889134
814 2571 -9.497208 3.592632 -0.065929 0.981882 0.000189 -0.004602 -0.189438
121 2500 -11.727982 -2.223220 -0.160073 0.997042 0.009092 0.003160 0.076257
26 2373 -7.921647 7.866251 -0.263484 0.775674 0.002366 -0.017509 -0.630886
3 2402 7.709633 7.579838 -0.029636 0.796511 -0.003115 -0.017795 -0.604354
780 2567 8.255804 8.474243 0.356006 0.758711 0.027716 -0.007604 -0.650794
545 1284 -5.710693 -8.325699 -0.069692 0.724160 -0.011689 0.003778 0.689522
581 1326 -11.133804 0.032288 -0.180820 0.999968 0.005357 -0.004624 0.003697
1554 2565 0.783361 11.105896 -0.093025 0.731771 0.007168 -0.003644 -0.681504
528 1283 8.903099 -6.419556 0.291072 0.322569 -0.022959 0.009451 0.946221
2 2353 8.088489 8.022738 -0.017265 0.785431 0.003339 -0.014483 -0.618771
600 1346 -10.687576 0.039703 -0.191236 0.999987 0.002677 -0.002763 -0.003195
7 2312 4.799250 10.766925 -0.284218 0.734077 0.002805 -0.020511 -0.678750
2294 2391 11.036266 0.227439 0.324398 0.997555 -0.003605 -0.007978 0.069328
1523 2580 9.982641 -3.692581 0.337581 0.763645 0.021695 -0.014082 -0.645119
27 2324 -8.818076 7.998548 -0.243176 0.774051 0.002875 -0.011755 -0.633008
2299 2409 9.960617 0.965184 0.264575 0.983387 -0.007442 -0.005458 0.181283
588 1333 -11.709976 0.023590 -0.158436 0.999971 0.001460 -0.002967 0.006940
616 1385 11.898285 -0.083969 0.177026 0.999994 0.002302 -0.001615 -0.002164
577 1320 -11.931046 0.413971 -0.146774 0.999967 0.005530 -0.001668 -0.005776
527 1317 5.907364 9.516357 -0.079447 0.809724 -0.027071 -0.006356 0.586152
746 1503 11.069974 -0.034882 0.231566 0.999446 -0.003155 -0.001470 -0.033085
563 1301 -11.406769 0.710464 -0.100856 0.973312 -0.006132 -0.001556 0.229398
610 1378 10.443359 -0.068710 0.197346 0.999966 0.002478 -0.001373 -0.007827
2373 2427 8.269287 6.162411 -0.089225 0.870856 -0.003798 0.011664 0.491385
24 2392 -6.213023 7.883606 -0.318885 0.775504 0.004584 -0.021651 -0.630955
569 1340 10.713272 -0.525436 0.086949 0.998075 -0.005370 0.002513 -0.061729
558 1333 11.825729 0.649628 0.050239 0.998909 -0.023817 0.002930 -0.040070
25 2381 -7.048537 7.909333 -0.271676 0.774155 0.005063 -0.018647 -0.632701
820 1575 -6.277649 10.113684 0.051951 0.766801 0.008344 -0.002595 0.641826
2 2401 8.208307 7.716983 -0.010564 0.793260 -0.002197 -0.018478 -0.608598
24 2345 -6.224586 7.883455 -0.316613 0.775335 0.005306 -0.020866 -0.631183
1 2388 8.643376 8.051180 0.016324 0.785289 0.004506 -0.014403 -0.618945
27 2381 -8.783027 7.893116 -0.236741 0.774850 -0.000533 -0.015894 -0.631945
769 1542 11.131739 -1.293427 0.244535 0.999745 0.019688 -0.008150 -0.007447
2293 2379 11.714331 0.236715 0.354337 0.997509 -0.004005 -0.007806 0.070001
695 1435 -11.152565 -0.253983 -0.163548 0.999968 -0.002166 -0.001267 -0.007546
59 2451 -11.011425 -0.460392 -0.185742 0.999977 0.004846 -0.001510 -0.004476
2297 2407 10.621754 0.701475 0.270294 0.989191 -0.006280 -0.008604 0.146246
81 2472 -11.085350 -0.483137 -0.223787 0.999960 0.006111 -0.003279 0.005740
518 1289 11.627319 0.117874 0.138098 0.182633 -0.018184 0.016977 0.982866
2322 2426 8.176399 5.768491 0.001515 0.874749 -0.007470 0.007682 0.484457
597 1343 -10.850601 0.045578 -0.210278 0.999985 0.002393 -0.003522 -0.003465
27 2369 -8.782516 7.877633 -0.236084 0.775393 -0.000571 -0.015842 -0.631279
26 2403 -7.724689 7.297315 -0.238875 0.793192 -0.004448 -0.020703 -0.608604
551 1287 -8.993256 -5.599167 -0.099482 0.803322 -0.011107 0.004264 0.595426
2294 2347 11.063213 0.214550 0.326813 0.997466 -0.003709 -0.007234 0.070672
7 2313 4.823164 10.482859 -0.270776 0.736591 0.002398 -0.019466 -0.676054
119 2500 -11.074448 -1.592034 -0.191626 0.998827 0.011598 0.001289 0.046987
30 2443 10.033983 -0.261468 0.159103 0.999926 -0.005385 -0.004957 -0.009686
883 2614 -10.787354 -1.391130 -0.175037 0.999485 0.001570 0.000797 0.032046
2 2342 8.083649 8.016742 -0.018299 0.784169 0.003442 -0.014381 -0.620371
639 1383 -11.374466 0.049652 -0.092044 0.999814 0.002336 0.001584 -0.019057
2302 2417 10.833375 2.847276 0.221198 0.934743 -0.018469 -0.000659 0.354844
25 2390 -7.048203 7.916741 -0.272594 0.775052 0.004737 -0.019042 -0.631593
550 1283 -8.972244 -7.848755 -0.023739 0.770152 -0.013188 0.007022 0.637685
601 1370 10.906937 -0.082550 0.205587 0.999987 0.000359 -0.000681 -0.005079
27 2394 -8.770719 7.855306 -0.235143 0.776397 -0.001372 -0.016399 -0.630029
910 2643 -3.326370 10.254929 0.193181 0.796169 0.015149 0.004209 0.604870
623 1368 -10.494904 -0.141388 -0.196867 0.999979 -0.002649 -0.001692 0.005682
805 2587 8.464386 -5.738579 0.071732 0.929241 0.010149 -0.004155 -0.369311
127 2502 -11.202156 -4.283123 -0.134210 0.981185 0.003530 0.006398 0.192933
552 1327 9.835419 1.804611 0.140876 0.999812 -0.016311 -0.002524 0.010195
737 1492 10.243437 0.211075 0.199329 0.999913 -0.002933 0.001296 0.012817
27 2372 -8.781495 7.884681 -0.237644 0.774139 -0.000606 -0.015912 -0.632815
27 2377 -8.786727 7.876255 -0.236253 0.774824 -0.000575 -0.015920 -0.631976
886 2638 10.356155 1.271507 0.112380 0.995069 0.003355 0.007675 0.098835
613 1358 -10.861252 -0.118256 -0.198253 0.999997 0.000064 -0.000556 0.002235
575 1320 -10.206970 0.612915 -0.080016 0.999876 0.004680 0.000502 -0.014991
545 1324 9.878647 3.587967 0.098353 0.994662 -0.015177 -0.002691 0.102026
26 2321 -8.060986 8.418276 -0.291602 0.768113 0.003042 -0.016342 -0.640098
2293 2346 11.719050 0.230066 0.355646 0.997525 -0.004181 -0.007891 0.069743
1519 2577 11.376873 -0.361404 0.380284 0.767495 0.014477 -0.015974 -0.640693
1540 2584 5.948725 -8.282410 0.109475 0.751602 0.010938 -0.010908 -0.659436
917 2641 -9.417967 6.934692 0.066938 0.721848 0.007191 0.002554 0.692010
840 2587 -10.718552 -0.647455 -0.182479 0.999954 0.001400 -0.003682 0.008759
70 2482 11.690132 -0.353152 0.247648 0.999998 0.000192 0.000966 0.001659
552 1286 -9.684631 -5.982132 -0.145111 0.799935 -0.010357 0.002732 0.599992
78 2469 -11.088619 -0.499066 -0.187624 0.999958 0.006100 0.003370 0.005942
510 1304 9.523911 6.118393 0.039459 0.470280 -0.024502 0.004431 0.882166
814 1576 -0.166611 11.521576 -0.055408 0.840310 0.003058 0.001530 0.542094
106 2494 -10.932198 -0.173434 -0.191089 0.999834 0.006877 -0.002039 -0.016782
579 1325 -10.124771 0.182495 -0.154782 0.999963 0.005580 -0.004268 -0.004896
2294 2365 11.052950 0.225761 0.326074 0.997505 -0.003554 -0.007083 0.070145
2305 2421 10.751005 4.451215 0.060740 0.894177 -0.016397 0.009687 0.447310
1569 2586 -5.084037 -10.702133 0.014608 0.731780 0.012117 -0.014431 -0.681281
549 1326 10.215820 2.407379 0.058922 0.999043 -0.021241 -0.000236 0.038234
855 2620 11.618576 -0.508348 0.287605 0.999959 0.000720 -0.002216 -0.008724
784 1506 -11.426683 -1.187057 -0.191117 0.999796 -0.006691 0.000457 0.019042
4 2325 7.002535 8.032017 -0.084770 0.783386 0.004170 -0.010015 -0.621440
517 1312 5.814514 9.246506 -0.244188 0.637867 -0.029955 0.008610 0.769516
3 2408 8.221681 6.428743 0.004822 0.836953 -0.000547 -0.015271 -0.547062
784 1564 10.812702 0.364136 0.284154 0.997543 0.003787 -0.002548 0.069912
732 1467 -11.480980 -0.165787 -0.241662 0.999992 0.000816 0.001912 -0.003489
65 2456 -11.724068 -0.470534 -0.115653 0.999999 0.000629 0.001492 0.000181
819 1574 -5.495621 9.593021 -0.004216 0.778044 0.005160 -0.000740 0.628188
77 2468 -11.131786 -0.526107 -0.163250 0.999969 0.004658 0.002286 0.005865
2363 2428 8.634290 6.781909 -0.101715 0.861460 0.000448 0.013390 0.507650
24 2359 -6.219291 7.889711 -0.314397 0.774729 0.005552 -0.020838 -0.631926
787 2583 8.670231 -6.892502 0.071824 0.793155 0.023508 -0.006961 -0.608526
605 1374 11.080429 -0.062302 0.215502 0.999977 -0.000163 -0.002410 -0.006410
4 2404 7.287748 7.276787 -0.056293 0.805881 -0.005278 -0.017179 -0.591804
840 2607 11.432678 -0.151273 0.193312 0.999958 -0.004340 0.005211 0.006146
25 2387 -7.049117 7.916521 -0.270060 0.774077 0.005118 -0.018576 -0.632798
699 1458 10.778641 -0.073334 0.164565 0.999880 0.006259 -0.000648 0.014155
1527 2583 8.950289 -6.977951 0.273337 0.759289 0.013922 -0.016509 -0.650395
1523 2571 8.525658 5.583847 0.115147 0.758137 0.003424 -0.018246 -0.651831
4 2350 7.009067 7.981575 -0.081607 0.782921 0.001586 -0.013977 -0.621962
732 1468 -10.326473 -0.168320 -0.223994 0.999996 0.000301 0.001410 -0.002619
898 2643 7.869934 8.531219 -0.214450 0.940800 -0.004640 0.012561 0.338698
823 1544 -10.404129 -4.553252 -0.000270 0.757432 0.000324 0.007938 0.652866
91 2503 11.214867 -0.238799 0.236464 0.999995 0.001806 0.000930 -0.002269
1 2326 8.645810 8.028543 0.010704 0.784841 0.005904 -0.010654 -0.619577
809 1576 4.434921 10.916466 -0.084578 0.894193 -0.001148 -0.000454 0.447679
25 2439 10.440521 -0.229962 0.281313 0.999773 -0.000398 -0.015088 -0.015037
556 1289 -11.335693 -3.879456 0.023727 0.845422 -0.012308 0.009058 0.533880
836 2603 10.390778 -0.163111 0.092519 0.999908 -0.005146 0.005978 0.011056
5 2383 6.467918 8.000379 -0.123238 0.782523 0.000201 -0.013940 -0.622466
12 2429 11.592009 0.782898 -0.095252 0.992021 0.006552 0.002875 -0.125869
555 1329 10.058441 1.325851 0.024304 0.999632 -0.022262 0.003023 -0.015231
2295 2367 10.431513 0.220989 0.287697 0.997519 -0.003418 -0.005788 0.070081
529 1283 8.145817 -6.921982 0.298753 0.348574 -0.024219 0.008715 0.936928
552 1288 -9.333603 -4.996216 -0.146458 0.816823 -0.010581 0.001200 0.576790
26 2332 -7.927312 7.865325 -0.263180 0.774817 0.001719 -0.017931 -0.631929
781 2567 7.697987 8.561630 0.321307 0.762311 0.026858 -0.006814 -0.646617
727 1464 -10.123875 -0.191223 -0.121347 0.999985 -0.000290 0.005188 -0.001994
918 2638 -10.254816 3.631516 0.050619 0.711357 0.005676 0.002839 0.702802
5 2356 6.460340 7.990555 -0.123126 0.782203 -0.000047 -0.014018 -0.622866
1570 2584 -5.969615 -8.472656 0.030909 0.731256 0.010877 -0.018167 -0.681775
1552 2586 3.208095 -10.675400 -0.015733 0.737255 0.010742 -0.006355 -0.675499
811 1576 2.602936 11.296410 -0.124484 0.872873 -0.001823 0.000339 0.487944
514 1307 7.277985 7.146042 -0.117642 0.545619 -0.027542 0.006936 0.837552
560 1299 -10.374527 0.128006 -0.078590 0.956595 -0.007253 -0.000802 0.291329
730 1466 -10.718422 -0.151581 -0.223237 0.999992 -0.000975 0.001778 -0.003315
26 2387 -7.922115 7.888092 -0.260831 0.774982 0.002484 -0.017388 -0.631739
629 1373 -11.352249 -0.134659 -0.137634 0.999994 -0.001798 -0.000177 0.002873
1 2364 8.644359 8.043039 0.014374 0.784825 0.004591 -0.014506 -0.619530
2 2352 8.084778 8.002642 -0.018692 0.783909 0.003404 -0.014457 -0.620698
747 1505 11.683319 -0.199036 0.251183 0.998999 -0.000798 0.000010 -0.044721
828 2578 -11.077271 -1.082059 -0.019142 0.999848 0.001692 0.008998 0.014803
123 2502 -10.328293 -2.557186 -0.120130 0.993969 0.005645 0.005659 0.109371
759 1520 11.708134 -1.199692 0.171325 0.998735 0.025467 0.005390 -0.043028
596 1365 10.753693 -0.013672 0.185530 0.999989 0.000252 -0.000614 -0.004679
821 1572 -7.521301 7.789687 0.023579 0.757815 0.002821 0.010615 0.652377
88 2500 11.258804 -0.223546 0.254224 0.999991 0.003985 -0.000849 0.001331
622 1366 -11.411217 -0.164047 -0.188551 0.999982 -0.002266 -0.000848 0.005434
888 2617 -9.737640 -2.590569 -0.077655 0.993495 0.000088 0.003544 0.113817
2 2358 8.085844 8.013692 -0.017101 0.784933 0.003730 -0.014282 -0.619404
750 1508 11.263576 -0.503021 0.263086 0.998111 0.007121 -0.000858 -0.061013
2294 2394 11.075140 0.233846 0.327954 0.997399 -0.003835 -0.007975 0.071527
816 1529 -8.546921 -5.453171 -0.046666 0.840077 -0.002075 0.008311 0.542399
658 1423 11.970245 0.073074 0.159878 0.999978 -0.006458 0.001530 -0.000862
746 1478 -11.924768 -0.069977 -0.221685 0.999961 0.007350 -0.001815 -0.004526
541 1322 9.114296 5.258896 0.124835 0.979017 -0.021879 -0.006955 0.202483
809 2569 -8.062332 6.269104 -0.174852 0.955824 0.004914 -0.006025 -0.293837
27 2347 -8.790701 7.865956 -0.236931 0.775870 -0.000762 -0.015938 -0.630691
27 2323 -8.850061 8.084028 -0.249282 0.772546 0.002837 -0.011634 -0.634846
886 2615 -10.932373 -2.258915 -0.096381 0.996960 0.004841 0.004013 0.077666
750 1482 -10.977169 -0.046646 -0.228280 0.999968 0.005803 -0.001120 -0.005429
6 2423 11.382475 2.203566 0.038475 0.971776 -0.010796 -0.000955 -0.235658
804 1515 -10.527893 -5.691315 0.028776 0.959333 -0.002383 0.012734 0.281981
717 1474 11.214689 0.046722 0.238583 0.999904 0.006442 -0.004235 0.011518
820 1537 -9.267670 -5.101608 -0.036452 0.790044 0.002282 0.004564 0.613029
531 1281 7.320953 -8.678406 0.283281 0.390639 -0.023345 0.007483 0.920218
535 1281 3.599224 -10.137634 0.246772 0.495056 -0.023288 0.007936 0.868513
26 2331 -7.930125 7.871753 -0.258497 0.776277 0.001528 -0.018505 -0.630118
16 2312 -0.741403 10.684838 -0.298965 0.730212 0.009891 -0.022663 -0.682773
547 1284 -7.069794 -7.892471 -0.055946 0.749583 -0.009546 0.005233 0.661821
30 2415 -9.421785 4.263213 -0.048356 0.902443 -0.009292 -0.002773 -0.430702
811 1575 2.202103 10.641197 -0.130613 0.873250 -0.001650 -0.001824 0.487266
24 2371 -6.222341 7.883472 -0.316787 0.775660 0.005455 -0.020856 -0.630783
863 2627 11.880569 -0.715491 0.268767 0.999821 0.006885 -0.005599 -0.016723
729 1465 -10.910683 -0.151917 -0.213974 0.999988 -0.001555 0.002270 -0.004042
1551 2586 3.550892 -10.645325 -0.013526 0.739211 0.010885 -0.006411 -0.673355
867 2630 11.909760 -0.869446 0.298473 0.999670 0.009397 -0.015640 -0.018099
5 2360 6.464927 7.990433 -0.121293 0.782623 0.000368 -0.013897 -0.622341
519 1311 5.627029 8.281982 -0.213113 0.651944 -0.030691 0.009951 0.757581
767 1531 10.145141 -1.279007 0.177048 0.999640 0.019512 -0.002530 -0.018258
551 1284 -9.440552 -7.146240 -0.094694 0.781532 -0.011896 0.004423 0.623736
27 2349 -8.788377 7.864207 -0.237499 0.775279 -0.000821 -0.016012 -0.631416
876 2634 10.803085 -1.145575 0.306983 0.999946 0.004695 -0.001875 -0.009070
540 1322 9.149757 5.814240 0.110128 0.972863 -0.025463 -0.008123 0.229835
814 1574 -0.785965 10.155228 -0.055406 0.840165 0.003171 0.002174 0.542317
526 1283 10.317284 -5.317001 0.256071 0.271789 -0.020622 0.009434 0.962090
843 2608 10.049500 -0.204257 0.125708 0.999964 0.000650 0.007813 0.003211
798 2565 -3.074532 11.366226 -0.187862 0.869950 0.013048 -0.013992 -0.492769
2350 2428 8.605222 6.808990 -0.104668 0.860996 0.000841 0.013642 0.508428
624 1392 11.718399 0.170181 0.238716 0.999807 0.000057 -0.003371 0.019364
562 1301 -10.764145 0.650894 -0.085435 0.972695 -0.006724 -0.001026 0.231989
525 1316 5.559959 9.588776 -0.110409 0.773122 -0.025107 -0.005468 0.633736
578 1323 -10.691330 0.315399 -0.148666 0.999914 0.007360 -0.003387 -0.010270
2318 2427 9.075969 6.898949 -0.166250 0.851993 -0.007337 0.015615 0.523269
5 2343 6.464039 7.967640 -0.123794 0.783601 0.000067 -0.014057 -0.621106
4 2419 10.570773 3.310942 0.076623 0.944815 -0.007697 -0.004091 -0.327489
105 2515 11.040306 -1.030874 0.331116 0.999336 0.005420 -0.013975 -0.033216
27 2359 -8.781933 7.888109 -0.234955 0.775069 -0.000467 -0.015844 -0.631678
1 2328 8.642668 8.016000 0.008994 0.783690 0.005780 -0.011559 -0.621018
846 2591 -11.236435 -0.493628 -0.197551 0.999987 0.002312 -0.002407 0.003967
26 2366 -7.919416 7.859287 -0.263382 0.775639 0.002520 -0.017536 -0.630928
25 2403 -6.853398 7.325156 -0.248633 0.792318 -0.001855 -0.021959 -0.609710
915 2642 -7.778055 8.379730 0.090935 0.740390 0.009210 0.006868 0.672080
1 2394 8.658148 8.011812 0.016121 0.785751 0.003621 -0.015057 -0.618349
146 2527 -3.462269 10.752357 0.120902 0.776932 0.012484 0.003341 0.629452
778 1557 10.122738 -0.724533 0.305122 0.999082 0.006772 -0.019837 0.037375
7 2319 5.082129 8.980062 -0.201253 0.764781 0.001586 -0.017511 -0.644051
795 2565 -1.015289 11.491348 -0.102265 0.845800 0.013031 -0.011198 -0.533223
642 1386 -11.377670 0.001587 -0.139057 0.999888 -0.002126 0.000630 -0.014761
663 1407 -10.010597 -0.068771 -0.184333 0.999998 0.001452 -0.001150 0.001058
23 2317 -5.740735 9.374878 -0.392986 0.745166 0.009575 -0.026658 -0.666277
114 2498 -11.121971 -0.712251 -0.298369 0.999901 0.013008 -0.005011 0.002011
1520 2572 9.989733 4.696472 0.217457 0.762617 0.004550 -0.018064 -0.646582
788 2584 8.698208 -7.802780 0.077386 0.797839 0.022627 -0.007935 -0.602393
2295 2365 10.445884 0.222551 0.286148 0.997497 -0.003347 -0.005935 0.070380
871 2632 11.375626 -1.057225 0.312279 0.999797 0.006253 -0.011265 -0.015484
648 1392 -11.236122 -0.067368 -0.250740 0.999990 -0.002289 -0.003392 -0.001858
26 2330 -7.932967 7.856075 -0.257958 0.775594 0.001736 -0.018700 -0.630953
107 2494 -11.572556 -0.192523 -0.175299 0.999826 0.008017 -0.000699 -0.016822
2344 2428 8.621107 6.774137 -0.104476 0.861918 0.000896 0.013644 0.506863
568 1310 -10.542679 1.390091 -0.042053 0.999352 0.003594 0.004070 0.035586
785 2581 8.727781 -5.129456 0.111364 0.783700 0.028226 -0.003664 -0.620488
3 2323 7.482479 8.210349 -0.055332 0.781055 0.006343 -0.009564 -0.624357
2 2386 8.087754 8.044335 -0.019209 0.784702 0.003804 -0.014327 -0.619696
27 2404 -8.530765 7.153153 -0.208319 0.798300 -0.007760 -0.019057 -0.601909
714 1471 10.860443 -0.009323 0.192071 0.999923 0.005103 -0.004241 0.010509
3 2327 7.555783 7.982595 -0.049733 0.783828 0.004498 -0.009945 -0.620882
2327 2427 8.242977 6.171532 -0.001517 0.870773 -0.004677 0.007487 0.491605
629 1396 11.227562 0.330078 0.179141 0.999727 0.002270 -0.004167 0.022868
4 2345 7.012870 7.998906 -0.080601 0.783604 0.001659 -0.013819 -0.621104
1 2380 8.646021 8.028518 0.013243 0.784757 0.004324 -0.014651 -0.619616
872 2633 11.790665 -1.127910 0.322206 0.999894 0.005164 -0.006369 -0.012001
810 1576 3.541382 11.130646 -0.109596 0.883564 -0.001820 -0.000204 0.468306
822 1545 -9.856201 -4.118059 -0.008578 0.764864 0.000966 0.007144 0.644152
1576 2575 -10.870574 1.123581 0.065466 0.724520 -0.001281 -0.005300 -0.689232
1546 2586 4.924893 -10.521133 0.164412 0.746297 0.010539 -0.014139 -0.665380
824 1546 -10.903976 -4.339899 0.016331 0.749772 -0.002344 0.009326 0.661627
4 2395 7.036656 7.955149 -0.078237 0.784583 0.000878 -0.014291 -0.619858
2371 2427 8.283403 6.149537 -0.087966 0.871272 -0.003825 0.011572 0.490649
800 1573 9.253502 6.542374 0.134447 0.961015 0.000278 -0.003137 0.276480
0 2413 10.828652 5.111417 0.167455 0.887792 -0.001350 -0.007837 -0.460176
866 2606 -10.159714 -0.297481 -0.171700 0.999956 0.000033 0.001567 -0.009270
589 1335 -10.904541 0.042999 -0.152509 0.999985 0.001071 -0.002220 0.004851
26 2325 -7.935235 7.902966 -0.267159 0.775679 0.004811 -0.013663 -0.630961
510 1300 10.650711 4.599655 0.098206 0.376584 -0.020055 0.009438 0.926117
781 1561 10.521353 -0.242859 0.307973 0.998778 0.002519 -0.012060 0.047868
825 2596 10.720047 -0.659602 0.102247 0.999965 0.008154 0.001318 0.000849
761 1491 -10.445724 -0.204956 -0.176852 0.999888 0.003207 0.001579 0.014527
3 2392 7.562247 8.010335 -0.047042 0.784315 0.002157 -0.014656 -0.620186
796 1513 -10.363136 -3.431854 -0.178018 0.990344 -0.004077 0.001826 0.138562
2294 2345 11.047580 0.219007 0.326668 0.997489 -0.003721 -0.007149 0.070361
5 2372 6.468511 7.991558 -0.123580 0.781614 0.000129 -0.013959 -0.623606
1534 2566 4.800972 10.279953 -0.071935 0.749183 0.011654 -0.012665 -0.662140
610 1379 11.404877 -0.085312 0.212271 0.999964 0.003593 0.000125 -0.007676
563 1304 -10.074722 1.183624 -0.079358 0.988086 -0.009435 -0.000963 0.153609
915 2626 -9.458437 -6.969070 -0.175877 0.755917 0.013071 0.009948 0.654461
611 1355 -11.922165 -0.110733 -0.208767 0.999996 0.000026 0.000186 0.002920
1574 2570 -9.632273 6.233368 -0.073695 0.721654 -0.001805 -0.007798 -0.692208
2293 2372 11.707412 0.238848 0.354694 0.997631 -0.004070 -0.007760 0.068237
627 1372 -10.409058 -0.147263 -0.107585 0.999982 -0.003188 0.000840 0.004965
808 1574 4.373276 9.513901 -0.074073 0.903783 -0.000708 0.000232 0.427991
1551 2565 1.546163 11.135345 -0.079205 0.736095 0.008589 -0.004804 -0.676807
1544 2586 5.377571 -10.488754 0.183825 0.748009 0.009555 -0.014301 -0.663466
811 2568 -10.299988 6.007576 -0.220851 0.968270 0.006451 -0.004165 -0.249789
513 1309 7.285126 8.229263 -0.143636 0.570541 -0.030072 0.008407 0.820675
850 2595 -10.028366 -0.394314 -0.213194 0.999966 0.002544 -0.007797 0.000203
525 1283 10.949028 -4.744019 0.236573 0.247649 -0.019454 0.010326 0.968600
11 2316 2.603300 9.663556 -0.274178 0.745302 0.000115 -0.014526 -0.666569
1519 2573 10.673704 3.730347 0.271542 0.765317 0.004908 -0.016577 -0.643422
2 2389 8.085615 8.049420 -0.017476 0.784440 0.003759 -0.014392 -0.620026
546 1281 -6.505920 -9.803833 -0.078734 0.724108 -0.009071 0.004614 0.689612
780 1504 -11.167131 -0.688431 -0.257711 0.999947 -0.007578 -0.003645 0.005941
635 1379 -11.351990 0.081787 -0.176277 0.999881 0.000840 0.001107 -0.015366
763 1493 -10.093946 -0.176987 -0.196590 0.999864 0.000320 0.001219 0.016480
50 2461 10.059963 -0.389351 0.194238 0.999998 0.000610 -0.000895 0.001960
774 1551 10.180655 -1.073349 0.259915 0.999709 0.011942 -0.013500 0.016022
905 2643 1.617958 10.378098 -0.078402 0.866280 0.005811 0.013280 0.499347
820 1574 -6.408020 9.393242 0.053168 0.766123 0.007802 0.000142 0.642646
104 2492 -11.663177 -0.171829 -0.293424 0.999886 0.004041 -0.006366 -0.013054
24 2395 -6.201987 7.839103 -0.313762 0.776325 0.004508 -0.021335 -0.629955
672 1415 -10.204819 -0.086716 -0.119488 0.999976 0.006907 0.000822 -0.000050
67 2459 -10.447525 -0.463513 -0.224516 0.999999 -0.000759 -0.001079 -0.000115
2299 2412 10.841513 1.480993 0.274138 0.970735 -0.013582 -0.002217 0.239760
558 1292 -11.687820 -2.315201 -0.046704 0.883683 -0.009946 0.003531 0.467967
574 1317 -11.313522 0.798340 -0.067583 0.999976 0.005105 -0.000055 -0.004675
568 1308 -11.591354 1.320953 -0.056809 0.997683 0.001974 0.000052 0.068004
144 2507 -7.794357 -8.650574 -0.281875 0.803224 0.010957 -0.002708 0.595570
129 2525 9.511574 5.320869 0.123326 0.972415 0.004265 0.007516 0.233099
4 2365 7.020095 7.994163 -0.080991 0.783469 0.001830 -0.013881 -0.621272
515 1313 6.118698 10.113464 -0.279653 0.626822 -0.030364 0.006581 0.778543
2294 2393 11.063601 0.229630 0.324368 0.997529 -0.003665 -0.008149 0.069679
741 1497 10.834119 0.212509 0.240829 0.999982 -0.005521 -0.001408 0.002097
609 1377 10.384689 -0.059921 0.195002 0.999972 0.000761 -0.001351 -0.007291
841 2608 11.674759 -0.153219 0.190179 0.999971 -0.002025 0.005858 0.004525
770 1547 11.510380 -1.258072 0.259529 0.999814 0.017803 -0.007388 0.000431
1527 2582 8.780668 -5.928070 0.265032 0.759175 0.015991 -0.015511 -0.650505
526 1315 5.501656 8.685791 -0.071172 0.784269 -0.025219 -0.006314 0.619876
818 1526 -9.402908 -7.025887 -0.098286 0.819039 -0.002467 0.008484 0.573670
827 2598 11.623566 -0.354985 0.130166 0.999947 0.002671 0.004363 0.008906
1 2352 8.641342 8.012433 0.013529 0.784147 0.004151 -0.014711 -0.620387
1557 2565 -0.211680 11.087845 0.009483 0.728769 0.008113 0.001575 -0.684710
824 1569 -10.102814 5.178776 -0.035617 0.735352 -0.004027 0.009453 0.677607
1524 2582 9.908058 -5.806458 0.319908 0.763086 0.016791 -0.017095 -0.645853
39 2430 -10.416061 0.366411 -0.108360 0.993470 0.011578 -0.000891 -0.113498
528 1316 5.813850 8.577896 -0.061442 0.820225 -0.027580 -0.007982 0.571320
721 1458 -11.244797 -0.282852 -0.207312 0.999986 0.004008 -0.001324 -0.003216
592 1362 11.556030 0.037643 0.186440 0.999992 0.000035 0.001072 -0.003697
3 2368 7.550588 8.008152 -0.043337 0.783843 0.003080 -0.013817 -0.620798
2348 2428 8.589437 6.826276 -0.102751 0.860403 0.000849 0.013548 0.509434
1546 2565 2.461972 11.210007 -0.169063 0.743213 0.008263 -0.012558 -0.668886
573 1344 11.221939 -0.478241 0.079646 0.999119 -0.000634 0.002970 -0.041852
743 1500 11.425623 0.147339 0.247633 0.999894 -0.006397 -0.001574 -0.012948
590 1335 -11.794250 0.031738 -0.167767 0.999985 0.001096 -0.002250 0.004862
858 2599 -11.971741 -0.290215 -0.177402 0.999973 -0.001244 -0.001748 -0.007024
644 1410 11.723389 0.148499 0.186479 0.999980 -0.005981 -0.001009 0.001934
874 2609 -11.675095 -0.172370 -0.235749 0.999736 0.000484 0.000901 -0.022942
2347 2429 8.958218 7.417982 -0.108770 0.852990 0.004489 0.015478 0.521678
698 1457 10.603336 -0.100479 0.135694 0.999881 0.006556 -0.000737 0.013948
2 2403 8.301626 7.461586 0.002146 0.801820 -0.003037 -0.017646 -0.597298
2295 2354 10.452897 0.218419 0.286752 0.997583 -0.003452 -0.006218 0.069116
544 1283 -4.964523 -9.077103 -0.034261 0.702755 -0.014197 0.004537 0.711277
811 1522 -8.712646 -5.907059 0.000681 0.898583 -0.007173 0.015124 0.438485
132 2526 8.462234 7.312546 0.043935 0.952522 0.004271 0.006063 0.304381
539 1282 -0.459541 -10.146469 0.199467 0.596470 -0.025706 0.007654 0.802188
1557 2566 -0.149929 10.091156 0.006013 0.729028 0.009634 0.001166 -0.684415
511 1306 8.637268 6.949280 -0.016399 0.514303 -0.024479 0.004418 0.857248
816 1524 -9.229691 -6.953411 -0.045629 0.844841 -0.001586 0.011404 0.534893
1564 2565 -3.628958 11.086395 -0.087871 0.729138 0.016562 -0.008531 -0.684113
5 2357 6.464453 7.977673 -0.121828 0.782266 0.000124 -0.013948 -0.622789
766 1535 11.687476 -1.317108 0.204428 0.999673 0.019873 -0.004779 -0.015343
2297 2409 11.120060 0.910556 0.283039 0.983765 -0.005141 -0.005152 0.179310
1571 2585 -6.576836 -9.508148 0.032565 0.730334 0.009615 -0.018441 -0.682773
22 2436 10.129156 -0.122020 0.264520 0.999270 0.004330 -0.017600 -0.033639
762 1492 -10.285103 -0.191818 -0.194429 0.999873 0.000747 0.001335 0.015829
587 1333 -10.822739 0.041870 -0.144479 0.999974 0.001208 -0.002959 0.006410
763 1523 10.233221 -1.218628 0.166675 0.999159 0.024182 0.001712 -0.033067
783 1564 11.230608 0.199051 0.298560 0.997986 0.004876 -0.002985 0.063178
822 1536 -10.165756 -5.879457 -0.016803 0.770955 -0.000810 0.006366 0.636857
514 1293 11.496231 2.156067 0.123140 0.220613 -0.016349 0.016719 0.975081
2365 2429 8.959000 7.414886 -0.108127 0.852717 0.004268 0.015444 0.522128
26 2336 -7.926250 7.855745 -0.263199 0.776170 0.002053 -0.017778 -0.630269
552 1287 -9.509888 -5.481232 -0.140246 0.807678 -0.010233 0.002458 0.589530
830 2599 10.612473 -0.162786 0.138061 0.999872 -0.003149 0.003136 0.015344
5 2380 6.467947 7.979204 -0.124103 0.782843 0.000079 -0.014060 -0.622060
863 2603 -11.346603 -0.311415 -0.211450 0.999977 -0.000744 -0.003416 -0.005731
555 1291 -10.277283 -3.205429 -0.022046 0.862261 -0.010621 0.004691 0.506331
135 2506 -8.511238 -5.778564 -0.095156 0.924595 0.009744 0.003480 0.380811
592 1337 -11.837265 0.054184 -0.171360 0.999991 0.001159 -0.002156 0.003328
536 1319 7.473057 6.769531 0.042300 0.936837 -0.029248 -0.007810 0.348454
1551 2566 1.629263 10.140228 -0.073840 0.736355 0.010112 -0.005197 -0.676500
915 2628 -9.225636 -5.173676 -0.139279 0.757521 0.017922 0.003575 0.652555
80 2472 -9.992313 -0.437935 -0.205957 0.999964 0.006354 -0.003614 0.004280
901 2643 5.286469 9.559509 0.013292 0.912594 0.008196 0.009092 0.408683
567 1308 -10.851669 1.399017 -0.053472 0.997911 -0.000274 0.000419 0.064596
753 1512 11.555140 -0.857208 0.247694 0.997629 0.017963 0.001177 -0.066423
806 2568 -6.776031 7.744705 -0.150907 0.935143 0.007431 -0.003192 -0.354178
511 1307 8.431076 7.412308 -0.041732 0.532303 -0.025806 0.003788 0.846151
875 2611 -10.185791 -0.285544 -0.212825 0.999751 -0.001225 -0.003414 -0.022020
1526 2568 6.946350 8.443771 -0.007273 0.755513 0.013172 -0.015951 -0.654807
824 1553 -10.753387 -2.612461 0.017230 0.740315 -0.002122 0.001034 0.672256
790 2584 8.347244 -7.385468 0.092611 0.811350 0.019580 -0.008612 -0.584169
130 2503 -10.614944 -5.331608 -0.170435 0.964799 0.001458 0.005508 0.262925
772 1549 10.783754 -1.168518 0.253710 0.999795 0.014501 -0.011801 0.007749
125 2523 9.678665 2.620859 0.123042 0.989967 0.000528 0.011174 0.140856
2378 2428 8.620300 6.795376 -0.103180 0.861104 0.000667 0.013515 0.508250
777 2572 10.605476 3.280060 0.381044 0.750037 0.018628 -0.005161 -0.661113
2293 2352 11.735241 0.231041 0.354709 0.997560 -0.004121 -0.008019 0.069230
89 2480 -10.877296 -0.396269 -0.204991 0.999986 0.004669 -0.002427 0.000263
4 2364 7.016428 8.004071 -0.080626 0.783389 0.001975 -0.013817 -0.621375
149 2527 -5.807918 10.386238 0.025878 0.745977 0.009133 0.005925 0.665883
131 2504 -9.841606 -5.253571 -0.151234 0.958221 0.001114 0.004997 0.285981
510 1302 10.057831 5.321091 0.067098 0.423675 -0.022760 0.005843 0.905509
2333 2427 8.272493 6.162275 -0.092229 0.871112 -0.003299 0.011815 0.490931
796 1514 -9.751556 -3.256500 -0.168707 0.990182 -0.002764 0.002292 0.139739
544 1280 -4.919312 -10.789322 -0.017844 0.691841 -0.013704 0.005883 0.721896
789 2583 8.181686 -6.548309 0.084359 0.804651 0.022719 -0.007782 -0.593262
2328 2428 8.584326 6.824689 -0.032196 0.860448 -0.000302 0.010359 0.509433
10 2315 3.155033 9.921062 -0.287338 0.741733 0.000524 -0.015561 -0.670514
2 2346 8.082273 8.018666 -0.017762 0.784231 0.003440 -0.014328 -0.620294
1521 2574 9.897135 2.634995 0.270417 0.762335 0.005419 -0.017317 -0.646929
2298 2413 11.722212 1.658729 0.279578 0.965802 -0.013918 -0.001251 0.258904
741 1498 11.646147 0.222595 0.258799 0.999975 -0.006632 -0.001779 -0.001554
2 2388 8.086847 8.041389 -0.015932 0.785053 0.003760 -0.014148 -0.619256
2359 2429 8.959190 7.427677 -0.108834 0.852328 0.004210 0.015352 0.522765
26 2365 -7.918634 7.864707 -0.263143 0.775748 0.002423 -0.017499 -0.630795
2378 2429 8.951500 7.430470 -0.108232 0.852365 0.004321 0.015452 0.522700
767 1538 11.629961 -1.315979 0.221163 0.999684 0.019565 -0.007239 -0.014060
2345 2427 8.277519 6.160225 -0.088633 0.871020 -0.003675 0.011610 0.491097
1526 2569 7.096527 7.453964 0.022362 0.755378 0.010397 -0.016244 -0.655005
776 2577 11.789194 -1.930145 0.342038 0.751348 0.028620 -0.003319 -0.659277
782 2579 9.380733 -3.470718 0.190327 0.770676 0.033150 0.000225 -0.636364
24 2381 -6.220354 7.894723 -0.316185 0.774509 0.005488 -0.020886 -0.632194
36 2424 -11.386096 1.666230 -0.020481 0.974599 -0.003797 0.004413 -0.223881
27 2340 -8.789166 7.869977 -0.236942 0.774828 -0.000806 -0.016046 -0.631968
572 1342 10.193405 -0.435913 0.078123 0.998834 -0.002266 0.002634 -0.048142
1520 2575 10.502899 1.654572 0.320683 0.764220 0.008822 -0.018727 -0.644624
12 2427 10.214731 1.183165 -0.097635 0.986879 -0.001923 0.004762 -0.161379
810 2569 -8.726791 5.908371 -0.194077 0.962387 0.004368 -0.006181 -0.271575
2294 2379 11.052031 0.222785 0.325576 0.997536 -0.003561 -0.007193 0.069700
815 2570 -11.069183 3.514320 -0.071391 0.985477 0.005469 -0.003779 -0.169678
93 2483 -11.731606 -0.374767 -0.268536 0.999972 0.004559 -0.005858 -0.001124
689 1450 11.356007 -0.249634 0.138249 0.999942 0.008466 0.000113 0.006681
2308 2422 9.879627 4.934887 -0.018700 0.882575 -0.015879 0.010656 0.469783
2295 2357 10.451536 0.216496 0.287836 0.997578 -0.003430 -0.005980 0.069215
2294 2386 11.031706 0.223939 0.325171 0.997502 -0.003469 -0.007020 0.070198
772 1548 10.568449 -1.179230 0.244923 0.999819 0.015519 -0.009585 0.005304
2293 2388 11.696850 0.236788 0.357224 0.997436 -0.004065 -0.007521 0.071058
2 2332 8.082834 8.023723 -0.018255 0.783757 0.002997 -0.014755 -0.620885
2293 2393 11.725896 0.243567 0.353139 0.997502 -0.004108 -0.008762 0.069980
2 2343 8.085624 8.007134 -0.018764 0.785275 0.003565 -0.014397 -0.618970
69 2460 -11.484680 -0.467756 -0.226151 0.999996 -0.002077 -0.000147 0.002073
626 1370 -11.365067 -0.150833 -0.133492 0.999975 -0.001995 0.001611 0.006619
523 1286 10.690643 -2.875641 0.197673 0.231773 -0.019393 0.013852 0.972478
741 1496 10.008014 0.202423 0.222627 0.999974 -0.005342 -0.001092 0.004765
823 1545 -10.382782 -4.351532 -0.000337 0.756585 0.000099 0.008072 0.653846
715 1472 10.975859 0.018112 0.196297 0.999915 0.005073 -0.005544 0.010614
774 1554 11.083274 -1.024551 0.291861 0.999558 0.012087 -0.015408 0.022380
880 2635 10.010681 -0.671253 0.273688 0.999832 0.005624 0.002298 0.017302
564 1303 -11.186676 1.050659 -0.095233 0.984011 -0.008388 -0.001430 0.177902
41 2453 10.480959 -0.337229 0.086777 0.999975 0.003482 0.006126 -0.001001
1521 2580 10.909628 -3.605301 0.400333 0.766037 0.023253 -0.015571 -0.642186
821 1535 -9.784607 -5.796907 -0.024243 0.779593 0.000071 0.005676 0.626261
103 2491 -11.953613 -0.163958 -0.314992 0.999900 0.002930 -0.006298 -0.012302
1522 2572 9.103167 4.619873 0.178176 0.759990 0.003606 -0.017782 -0.649681
139 2507 -7.986137 -6.601967 -0.151946 0.877873 0.007156 0.000380 0.478840
64 2476 11.676861 -0.386040 0.133229 0.999992 0.002963 0.002030 -0.001573
3 2352 7.551167 7.984427 -0.045413 0.783247 0.002741 -0.014066 -0.621546
118 2522 11.578064 -0.164631 0.286880 0.999647 0.008910 0.004038 0.024694
871 2608 -11.118561 -0.212920 -0.215826 0.999835 0.000507 0.001803 -0.018092
61 2453 -10.847984 -0.471324 -0.137605 0.999981 0.005342 0.002457 -0.001681
821 1540 -9.593277 -4.819715 -0.019595 0.777810 0.001583 0.003973 0.628485
836 2583 -11.897263 -0.806268 -0.056100 0.999891 -0.000039 0.004406 0.014112
16 2310 -0.795399 11.260044 -0.322237 0.727340 0.010799 -0.023620 -0.685786
2293 2363 11.708608 0.236635 0.355520 0.997478 -0.003929 -0.007505 0.070469
4 2340 7.011262 7.986995 -0.080544 0.782771 0.001561 -0.013997 -0.622151
2 2322 7.987564 8.371554 -0.037275 0.778584 0.005348 -0.010941 -0.627423
27 2374 -8.787505 7.886432 -0.235661 0.775260 -0.000538 -0.015783 -0.631445
873 2610 -10.184067 -0.219946 -0.201401 0.999724 0.000520 -0.001227 -0.023443
748 1481 -10.378105 -0.041321 -0.196734 0.999973 0.005581 -0.000379 -0.004706
25 2396 -7.020901 7.836346 -0.268508 0.776791 0.003843 -0.019093 -0.629457
700 1440 -10.647865 -0.327621 -0.202840 0.999959 0.001481 -0.002926 -0.008452
545 1283 -5.738480 -8.875122 -0.067745 0.718643 -0.011594 0.003994 0.695271
820 1532 -9.522156 -6.130039 -0.051454 0.791096 -0.000105 0.006855 0.611654
565 1338 11.793289 -0.509872 0.095851 0.997387 -0.014762 0.002458 -0.070672
610 1355 -11.025650 -0.088104 -0.184019 0.999997 0.000024 0.000539 0.002318
564 1304 -10.728760 1.188736 -0.083453 0.988287 -0.008142 -0.001337 0.152386
788 1509 -10.827625 -1.764786 -0.173436 0.999266 -0.003459 0.000850 0.038144
25 2362 -7.048296 7.908206 -0.271617 0.774469 0.005245 -0.018625 -0.632316
91 2481 -11.875946 -0.382689 -0.229991 0.999988 0.004584 -0.001728 0.000296
790 2565 2.197281 11.310623 0.067846 0.808227 0.016683 -0.008138 -0.588579
523 1316 5.449051 10.178925 -0.198578 0.742427 -0.026968 -0.002776 0.669378
904 2621 -9.251022 -7.296951 -0.022949 0.887264 0.003691 0.011435 0.461105
661 1424 10.095291 0.053375 0.138486 0.999965 -0.007825 -0.000996 -0.002748
796 2566 -1.238441 10.573196 -0.091037 0.854109 0.015792 -0.012518 -0.519704
514 1308 7.106018 7.633804 -0.141361 0.563178 -0.029098 0.007472 0.825789
724 1461 -10.704899 -0.234787 -0.167594 0.999994 0.002146 0.002292 -0.001422
42 2432 -11.934719 0.076166 -0.138027 0.996564 0.014251 -0.001079 -0.081586
20 2312 -3.568721 10.682297 -0.334315 0.727880 0.008389 -0.022125 -0.685296
551 1288 -8.824066 -5.111664 -0.107795 0.812561 -0.011474 0.002990 0.582755
25 2349 -7.053930 7.880440 -0.272646 0.774585 0.004772 -0.018768 -0.632174
770 1546 11.313579 -1.266785 0.254940 0.999780 0.019644 -0.007287 -0.001062
154 2523 -9.547942 5.325142 -0.069382 0.707599 -0.006685 0.011663 0.706486
664 1407 -10.984879 -0.056824 -0.218141 0.999997 0.001365 -0.002131 0.000610
2294 2356 11.045395 0.216708 0.326615 0.997591 -0.003715 -0.007296 0.068883
6 2320 5.714592 8.750978 -0.180157 0.771200 0.000214 -0.014874 -0.636419
817 1529 -8.811081 -5.789692 -0.073513 0.828240 -0.003029 0.007379 0.560317
535 1320 7.896057 7.699585 0.038985 0.927485 -0.028503 -0.008157 0.372684
708 1446 -11.963135 -0.268265 -0.218625 0.999929 0.002785 -0.005132 -0.010346
63 2454 -11.859356 -0.484557 -0.097153 0.999976 0.003774 0.005417 -0.002190
3 2412 8.936793 5.353869 0.051614 0.876856 -0.002545 -0.008512 -0.480672
2297 2405 10.173521 0.546350 0.264259 0.992760 -0.006824 -0.011369 0.119380
663 1426 10.295822 0.043823 0.141612 0.999939 -0.008480 -0.003733 -0.006014
2313 2424 9.050223 5.770369 -0.089372 0.864980 -0.012641 0.012015 0.501504
766 1534 11.460636 -1.307907 0.196260 0.999698 0.019868 -0.004159 -0.013846
2307 2423 10.536718 5.465862 -0.033336 0.870411 -0.016183 0.009603 0.491966
656 1421 11.795967 0.042038 0.173207 0.999993 -0.003501 0.001514 -0.000373
686 1427 -11.013557 -0.215652 -0.155905 0.999982 -0.001734 -0.001731 0.005414
150 2525 -6.759099 8.105492 0.052490 0.736986 0.003324 0.009434 0.675834
768 1533 9.958055 -1.283707 0.192728 0.999697 0.019289 -0.004394 -0.014669
76 2488 11.638992 -0.264622 0.196398 0.999971 0.003463 0.004261 0.005264
28 2405 -9.358551 6.929499 -0.150872 0.805317 -0.008487 -0.016727 -0.592547
758 1517 10.839420 -1.082657 0.180949 0.998413 0.022897 0.004157 -0.051282
640 1405 10.308487 0.096573 0.085790 0.999982 -0.000684 0.004107 0.004400
778 1502 -11.739376 -0.508270 -0.300718 0.999924 -0.007497 -0.005247 0.008302
73 2465 -10.141525 -0.471095 -0.073063 0.999996 0.000970 -0.000188 0.002749
54 2465 10.273590 -0.406719 0.165041 0.999984 0.004717 -0.003148 -0.000596
834 2582 -11.362869 -0.909317 -0.087156 0.999854 0.001194 0.003982 0.016601
563 1335 10.509247 -0.094650 0.087116 0.997743 -0.017832 0.002246 -0.064706
12 2314 1.926600 10.161942 -0.277929 0.736804 0.000521 -0.012965 -0.675982
4 2421 11.482491 2.742437 0.088007 0.959689 -0.005476 -0.001065 -0.281011
2 2383 8.089319 8.039891 -0.018027 0.784200 0.003699 -0.014273 -0.620333
1566 2585 -3.320305 -9.562576 -0.023495 0.732056 0.012353 -0.013993 -0.680989
137 2527 5.169739 10.013474 0.054022 0.903948 0.011781 0.004359 0.427457
825 1559 -11.224747 -0.494498 0.011691 0.730471 -0.005562 -0.004731 0.682905
1520 2574 10.347139 2.687073 0.281119 0.763982 0.005549 -0.017196 -0.644985
97 2487 -11.215080 -0.289207 -0.239324 0.999984 0.001240 -0.003009 -0.004648
142 2507 -7.905560 -7.847565 -0.261714 0.834502 0.005703 -0.003676 0.550963
29 2413 -9.035658 4.884737 -0.045984 0.880523 -0.007902 -0.004740 -0.473914
899 2621 -8.790039 -5.063843 0.114902 0.938494 -0.007615 0.014750 0.344896
777 2575 11.003292 0.219238 0.365317 0.751593 0.022919 -0.005942 -0.659202
5 2399 6.526596 7.838355 -0.120421 0.786737 -0.003644 -0.016816 -0.617049
845 2610 10.381134 -0.218879 0.142830 0.999993 0.000994 0.003483 -0.000204
548 1327 11.339417 2.762375 0.055560 0.998471 -0.020165 0.000600 0.051457
772 1553 11.888155 -1.129517 0.294275 0.999675 0.013908 -0.013988 0.016151
523 1285 11.160034 -3.113724 0.214127 0.220516 -0.019601 0.013495 0.975093
2367 2427 8.279362 6.162353 -0.087613 0.870768 -0.003877 0.011480 0.491544
2293 2343 11.730844 0.232297 0.354589 0.997407 -0.004041 -0.007831 0.071424
777 2573 10.748631 2.255722 0.381223 0.751304 0.018632 -0.004122 -0.659680
632 1377 -10.384415 -0.016891 -0.133907 0.999974 -0.002464 0.000346 -0.006768
844 2609 10.248001 -0.213715 0.126394 0.999977 0.000888 0.006534 0.001507
778 2575 10.510862 0.296341 0.352491 0.753875 0.022603 -0.006052 -0.656601
24 2337 -6.227942 7.864232 -0.316955 0.774810 0.005108 -0.021073 -0.631823
657 1400 -11.657288 -0.108170 -0.169641 0.999984 0.005516 -0.000019 0.000900
784 1565 11.371479 0.416412 0.304881 0.997605 0.008396 -0.001813 0.068633
3 2356 7.548244 8.011818 -0.044732 0.783220 0.002788 -0.013959 -0.621582
546 1324 9.659012 3.178726 0.089269 0.996481 -0.013424 -0.001403 0.082724
4 2387 7.016057 8.017449 -0.078578 0.782715 0.001886 -0.013769 -0.622226
791 1570 11.602940 2.634918 0.179795 0.990292 0.008370 0.003252 0.138715
513 1296 10.682617 3.100372 0.092359 0.286787 -0.017946 0.015137 0.957707
518 1314 5.526382 10.180099 -0.291483 0.663238 -0.028708 0.004510 0.747843
2324 2427 8.365343 6.211764 0.003346 0.869746 -0.006502 0.006948 0.493407
0 2408 9.870655 6.467903 0.109027 0.838255 0.001994 -0.015802 -0.545046
1519 2576 11.201447 0.657196 0.362582 0.765583 0.012539 -0.018066 -0.642961
3 2364 7.554277 8.015026 -0.044618 0.783927 0.003182 -0.013860 -0.620691
1571 2584 -6.661121 -8.455643 0.014416 0.730564 0.011023 -0.019236 -0.682483
27 2355 -8.780905 7.876216 -0.237503 0.776492 -0.000695 -0.015876 -0.629926
5 2317 6.084339 9.460548 -0.186866 0.753653 0.003254 -0.019065 -0.656988
118 2521 10.523949 -0.220800 0.278950 0.999666 0.008453 0.001177 0.024391
5 2351 6.462064 7.969009 -0.123952 0.782933 -0.000136 -0.014122 -0.621945
608 1353 -11.172150 -0.081345 -0.172716 0.999994 0.000578 -0.001868 0.002743
731 1487 11.321556 0.100403 0.186309 0.999952 -0.003024 0.003761 0.008555
0 2411 10.367790 5.685088 0.135592 0.867512 0.001452 -0.011213 -0.497289
520 1315 5.367188 10.351791 -0.295439 0.693773 -0.029718 0.001541 0.719578
2 2325 8.073831 8.061144 -0.021996 0.784589 0.006032 -0.010444 -0.619899
823 1553 -10.169998 -2.433311 0.009915 0.746397 -0.000555 -0.000551 0.665500
24 2347 -6.228041 7.867569 -0.316576 0.775530 0.005251 -0.020940 -0.630942
874 2634 11.740829 -1.183891 0.324938 0.999931 0.003869 -0.001650 -0.010989
782 2569 7.529306 6.695618 0.278670 0.765461 0.023282 -0.005931 -0.643034
668 1410 -11.685715 -0.042770 -0.233119 0.999994 0.002556 -0.002576 0.000162
788 2583 8.400127 -6.726791 0.079268 0.798615 0.023615 -0.007350 -0.601333
571 1341 10.089813 -0.431122 0.082023 0.998651 -0.002956 0.002263 -0.051789
814 1525 -8.618820 -5.884735 0.000932 0.865941 -0.002699 0.013049 0.499968
604 1349 -11.388199 -0.039810 -0.203259 0.999994 0.001812 -0.002432 0.001811
787 2565 3.994301 11.073837 0.174444 0.789119 0.019626 -0.006955 -0.613887
862 2626 11.694412 -0.688285 0.279216 0.999856 0.006473 -0.003286 -0.015373
11 2311 2.452146 11.006722 -0.331161 0.730100 0.000903 -0.016006 -0.683153
87 2478 -10.956581 -0.374095 -0.250114 0.999984 0.003134 -0.004758 0.000265
559 1332 10.435623 0.524109 0.070086 0.998691 -0.021001 0.001721 -0.046603
522 1287 10.738693 -2.110031 0.203517 0.222844 -0.020146 0.015637 0.974521
88 2479 -10.918663 -0.389677 -0.216752 0.999986 0.003977 -0.003422 0.000178
694 1435 -10.174141 -0.251190 -0.222875 0.999959 -0.001194 -0.004540 -0.007677
807 2589 9.915390 -6.306847 0.182579 0.944239 0.007361 -0.006962 -0.329106
576 1319 -11.749084 0.530853 -0.110313 0.999962 0.005851 -0.000358 -0.006525
822 1547 -9.796616 -3.729489 -0.007066 0.763077 -0.001157 0.005609 0.646282
872 2609 -10.655182 -0.219836 -0.209177 0.999784 0.000282 0.001012 -0.020761
820 2593 10.317551 -1.854696 0.069560 0.998049 0.015318 0.003631 -0.060429
903 2644 4.121490 10.893814 0.054993 0.891631 0.010621 0.005945 0.452599
106 2516 11.384453 -1.141753 0.307147 0.999325 0.005149 -0.011085 -0.034638
904 2622 -8.725296 -6.546432 -0.024040 0.887469 0.005136 0.012312 0.460674
25 2395 -7.030229 7.853685 -0.269449 0.775974 0.004089 -0.019094 -0.630462
1536 2584 6.801945 -8.216827 0.149196 0.753903 0.012130 -0.012661 -0.656752
25 2386 -7.048795 7.914222 -0.273462 0.774878 0.005159 -0.018704 -0.631813
1 2369 8.645689 8.033782 0.015334 0.784764 0.004411 -0.014480 -0.619610
792 1570 11.200756 2.933563 0.141665 0.988526 0.007173 0.004563 0.150811
891 2617 -10.546173 -3.681221 -0.080859 0.985000 -0.010292 0.002456 0.172231
138 2527 4.274368 10.303017 0.069070 0.892318 0.011043 0.003515 0.451259
25 2360 -7.050652 7.899864 -0.270372 0.774469 0.005225 -0.018608 -0.632317
604 1374 11.973251 -0.074371 0.248313 0.999972 -0.000275 -0.002977 -0.006878
532 1320 7.528759 9.183655 0.040067 0.891123 -0.026806 -0.009387 0.452873
1545 2586 5.147652 -10.510834 0.182362 0.747145 0.009774 -0.014444 -0.664432
582 1351 10.104553 0.077621 0.205717 0.999994 -0.000357 -0.002447 -0.002561
916 2628 -9.665358 -5.425140 -0.195635 0.748566 0.017928 0.001456 0.662817
684 1445 10.602589 -0.303467 0.096025 0.999930 0.011714 0.001090 -0.001347
652 1396 -11.022408 -0.069138 -0.178154 0.999981 0.002770 -0.005404 0.000582
37 2427 -10.525394 0.970022 -0.052639 0.985873 0.002163 0.003442 -0.167444
3 2317 7.167524 9.480817 -0.103190 0.754711 0.006092 -0.018876 -0.655758
2293 2365 11.715247 0.239694 0.354834 0.997478 -0.003998 -0.007696 0.070445
770 1541 10.315499 -1.250397 0.223116 0.999753 0.019213 -0.008529 -0.007167
100 2511 10.900505 -0.659368 0.328319 0.999732 0.000169 -0.001782 -0.023087
2 2359 8.089416 8.034466 -0.015693 0.784208 0.003767 -0.014223 -0.620324
591 1361 11.505096 0.054550 0.193004 0.999992 -0.000223 0.001502 -0.003704
514 1306 7.469299 6.676865 -0.089227 0.527802 -0.026147 0.007583 0.848931
831 2580 -11.151840 -1.077724 -0.043669 0.999755 0.002289 0.010830 0.019160
711 1449 -11.591103 -0.270477 -0.239521 0.999948 0.004474 -0.003218 -0.008601
24 2355 -6.218231 7.877825 -0.316966 0.776153 0.005313 -0.020884 -0.630176
149 2509 -7.986775 -8.006119 -0.120080 0.746588 0.002208 0.006741 0.665249
524 1317 5.603081 10.511368 -0.155485 0.763567 -0.025842 -0.003458 0.645202
141 2528 1.840466 11.855057 0.112249 0.851164 0.009719 -0.003837 0.524796
26 2347 -7.929173 7.853736 -0.262741 0.776079 0.002198 -0.017508 -0.630388
39 2452 11.376484 -0.332111 0.129256 0.999984 0.002361 0.004463 -0.002534
631 1375 -11.350349 -0.046997 -0.147206 0.999991 -0.002867 0.000205 -0.003052
742 1475 -11.727377 -0.132858 -0.266401 0.999962 0.007080 -0.004110 -0.003025
660 1404 -10.275864 -0.094879 -0.186215 0.999995 0.002898 -0.000087 0.001390
772 1552 11.586628 -1.132904 0.283623 0.999697 0.013785 -0.013327 0.015436
2 2337 8.081497 8.008751 -0.018273 0.784289 0.003329 -0.014465 -0.620218
632 1398 10.531441 0.269211 0.174045 0.999840 0.003107 -0.002270 0.017457
611 1357 -10.039398 -0.104996 -0.176127 0.999998 0.000388 -0.000326 0.001583
2356 2429 8.948890 7.445484 -0.109499 0.852052 0.004508 0.015521 0.523207
106 2493 -11.976097 -0.143441 -0.214208 0.999846 0.006549 -0.002642 -0.016106
2319 2428 9.285182 7.335857 -0.151993 0.847256 -0.002018 0.016124 0.530937
27 2384 -8.782397 7.900035 -0.237823 0.775876 -0.000490 -0.015890 -0.630685
514 1298 9.575745 3.563629 0.050441 0.343242 -0.020193 0.012976 0.938940
24 2346 -6.226877 7.874123 -0.316482 0.774751 0.005223 -0.020938 -0.631898
4 2357 7.014521 7.987997 -0.079453 0.782743 0.001752 -0.013848 -0.622188
2298 2412 11.416878 1.447380 0.275025 0.971005 -0.012134 -0.001804 0.238746
1534 2585 7.346149 -9.292679 0.170476 0.752254 0.011516 -0.012266 -0.658658
2350 2427 8.247969 6.185985 -0.090830 0.870479 -0.003626 0.011778 0.492051
51 2443 -11.349936 -0.299161 -0.234171 0.999874 0.001731 -0.011145 -0.011154
1 2359 8.645951 8.044260 0.016560 0.784445 0.004514 -0.014478 -0.620013
17 2433 11.336167 0.159383 0.081922 0.997816 0.011803 -0.007835 -0.064521
772 1545 9.960478 -1.198486 0.229125 0.999765 0.020248 -0.007659 0.000851
644 1409 10.622131 0.143677 0.164096 0.999980 -0.005846 -0.000985 0.001934
2326 2427 8.262634 6.164562 -0.004401 0.870860 -0.004691 0.007551 0.491450
870 2607 -11.608063 -0.216389 -0.231766 0.999882 -0.000311 0.001148 -0.015338
820 1533 -9.467499 -5.918756 -0.047973 0.790591 0.000420 0.006282 0.612312
2362 2429 8.965439 7.425058 -0.107817 0.852408 0.004090 0.015360 0.522636
24 2319 -6.465918 8.893259 -0.363029 0.757639 0.007891 -0.023687 -0.652196
3 2410 8.525092 5.911558 0.029675 0.856303 -0.000029 -0.012528 -0.516322
765 1529 10.939529 -1.298080 0.172217 0.999566 0.020608 -0.001485 -0.020998
2294 2377 11.053197 0.219197 0.327436 0.997584 -0.003594 -0.007116 0.069017
686 1447 10.880306 -0.287567 0.110086 0.999921 0.012068 -0.002105 0.002806
510 1308 8.687347 7.922516 -0.035562 0.548530 -0.027235 0.003531 0.835679
26 2350 -7.929963 7.852392 -0.263792 0.775190 0.002181 -0.017592 -0.631479
798 1571 9.108955 5.126892 0.202383 0.970983 0.001784 0.000980 0.239140
24 2342 -6.225553 7.872155 -0.316992 0.774687 0.005224 -0.020991 -0.631974
2368 2427 8.269919 6.168718 -0.088865 0.870783 -0.003879 0.011533 0.491517
823 1572 -9.154419 7.371528 -0.024088 0.739862 0.000576 0.012192 0.672648
1528 2568 6.380653 8.379852 -0.020204 0.752816 0.013080 -0.014892 -0.657933
525 1285 9.998177 -4.183701 0.207468 0.266135 -0.019628 0.010032 0.963684
517 1311 5.919632 8.692856 -0.223925 0.627475 -0.030076 0.010381 0.777987
588 1357 10.459671 0.086456 0.184429 0.999995 -0.000994 0.001558 -0.002576
784 2566 5.874512 9.858383 0.248598 0.775315 0.023165 -0.006926 -0.631112
1521 2570 9.205593 6.643341 0.145424 0.760027 0.008313 -0.020691 -0.649509
66 2457 -11.645828 -0.467317 -0.185545 0.999999 -0.000312 -0.001115 0.000215
2 2323 8.015615 8.228419 -0.028590 0.781723 0.007003 -0.009949 -0.623507
773 1553 11.300858 -1.093491 0.285885 0.999663 0.012682 -0.014084 0.017723
2 2394 8.101585 8.002009 -0.016121 0.785515 0.002875 -0.014800 -0.618659
3 2404 7.826850 7.288179 -0.021183 0.806397 -0.004071 -0.017273 -0.591109
873 2609 -11.168243 -0.181499 -0.222940 0.999754 0.000059 0.000930 -0.022169
881 2614 -9.979187 -0.954253 -0.192917 0.999946 0.002550 -0.000975 0.009983
5 2352 6.463168 7.963151 -0.123695 0.782230 -0.000094 -0.014124 -0.622829
541 1282 -2.303528 -10.091232 0.065192 0.640174 -0.019820 0.004935 0.767959
2374 2429 8.963182 7.428085 -0.106810 0.852486 0.004288 0.015300 0.522508
773 1550 10.446318 -1.128403 0.254352 0.999763 0.012927 -0.013173 0.011517
2363 2429 8.966373 7.416543 -0.106789 0.852732 0.004101 0.015329 0.522107
26 2343 -7.924994 7.848662 -0.263586 0.776364 0.002284 -0.017578 -0.630035
807 1519 -9.115143 -5.485115 0.031692 0.936191 -0.006282 0.015718 0.351083
736 1492 11.174633 0.212158 0.226503 0.999914 -0.003033 0.000926 0.012737
1523 2569 8.177107 7.546982 0.061706 0.758859 0.011149 -0.018608 -0.650893
918 2636 -10.286180 1.685989 0.028697 0.712776 0.006531 0.006942 0.701327
766 1533 11.250600 -1.303055 0.190047 0.999661 0.020196 -0.003051 -0.016158
805 2588 9.272537 -6.465019 0.079051 0.929231 0.009750 -0.004389 -0.369344
43 2456 11.852005 -0.382183 0.125478 0.999999 0.000650 0.001039 0.001181
913 2643 -6.032887 9.789139 0.168389 0.759721 0.014814 0.009171 0.650015
7 2315 4.891879 9.957280 -0.248212 0.742940 0.002212 -0.018615 -0.669095
618 1363 -10.597076 -0.144974 -0.143545 0.999995 0.000031 0.000949 0.002943
72 2463 -11.325928 -0.452567 -0.099409 0.999993 -0.002015 0.002641 0.001841
785 2566 5.320986 9.943832 0.209026 0.779737 0.021853 -0.007147 -0.625684
819 1531 -9.257370 -6.023777 -0.079309 0.803443 -0.002719 0.006331 0.595342
1540 2565 3.487587 11.243240 -0.130383 0.748048 0.008103 -0.010200 -0.663517
24 2340 -6.226503 7.871591 -0.316550 0.774487 0.005214 -0.021038 -0.632219
2 2360 8.086372 8.029919 -0.016146 0.784300 0.003866 -0.014230 -0.620206
826 1563 -11.794983 1.372974 -0.006511 0.727473 -0.014043 0.002159 0.685990
534 1280 4.903650 -10.327484 0.237432 0.466015 -0.021942 0.007334 0.884474
4 2397 7.051047 7.919265 -0.078022 0.785260 0.000277 -0.014702 -0.618992
588 1335 -10.008896 0.047943 -0.135288 0.999986 0.000730 -0.002151 0.004733
23 2318 -5.700852 9.147195 -0.380908 0.750891 0.009353 -0.026159 -0.659841
6 2420 9.909868 2.986516 0.028738 0.952038 -0.009208 -0.001262 -0.305838
22 2317 -4.951922 9.371373 -0.365910 0.745537 0.010592 -0.026165 -0.665866
3 2415 9.725017 4.473201 0.078938 0.907986 -0.005181 -0.004905 -0.418940
5 2373 6.466983 7.985302 -0.123707 0.782920 0.000144 -0.013990 -0.621965
2295 2383 10.429211 0.221899 0.286430 0.997550 -0.003377 -0.005916 0.069625
589 1334 -11.756119 0.039505 -0.164073 0.999977 0.001575 -0.002657 0.006011
747 1504 10.956310 -0.132370 0.232092 0.999232 -0.002442 -0.000966 -0.039085
829 2598 10.214691 -0.230077 0.140071 0.999896 -0.000215 0.003431 0.014008
3 2336 7.550585 7.995965 -0.045059 0.784424 0.002673 -0.014208 -0.620057
587 1332 -11.662064 0.012299 -0.156516 0.999971 0.001158 -0.003323 0.006776
906 2623 -8.381615 -6.580734 0.014892 0.862093 0.007762 0.014940 0.506470
24 2356 -6.227012 7.885489 -0.316781 0.774396 0.005237 -0.020959 -0.632333
14 2431 11.776028 0.442903 0.089436 0.995577 0.009399 -0.006013 -0.093283
2295 2381 10.429543 0.220743 0.287052 0.997573 -0.003375 -0.005920 0.069291
778 1561 11.927229 -0.575577 0.383579 0.999328 0.004058 -0.014212 0.033553
789 1510 -10.467976 -1.923325 -0.164349 0.998948 -0.002219 0.001474 0.045793
751 1510 11.794786 -0.698639 0.271212 0.997714 0.011664 -0.000380 -0.066570
777 1559 11.464901 -0.725510 0.354878 0.999226 0.004961 -0.019104 0.034031
684 1426 -10.128777 -0.216309 -0.125247 0.999975 -0.001619 -0.001879 0.006608
819 2572 -11.616669 1.176620 -0.074845 0.996461 0.003113 -0.004379 -0.083884
726 1463 -10.308807 -0.201172 -0.110121 0.999984 0.000888 0.005149 -0.001965
532 1318 6.754520 8.109299 0.040319 0.885931 -0.025779 -0.008820 0.463017
2373 2429 8.959400 7.419592 -0.108124 0.852656 0.004323 0.015462 0.522226
518 1312 5.666077 9.053055 -0.236563 0.649334 -0.029998 0.008411 0.759864
900 2620 -9.544678 -6.130753 0.086609 0.929107 -0.002629 0.013678 0.369548
559 1333 11.273407 0.464264 0.074473 0.998674 -0.020934 0.002073 -0.046978
864 2626 10.265854 -0.705927 0.198967 0.999842 0.008147 -0.001168 -0.015743
2294 2378 11.050985 0.221893 0.326279 0.997552 -0.003598 -0.007126 0.069475
910 2624 -8.495529 -7.386871 -0.233129 0.808226 0.013853 0.005809 0.588682
914 2627 -8.944809 -5.812424 -0.115085 0.765694 0.017586 0.008518 0.642908
120 2501 -10.403023 -1.757285 -0.152969 0.998124 0.010044 0.003327 0.060307
565 1336 10.043411 -0.280396 0.083881 0.997634 -0.015061 0.002397 -0.067029
739 1496 11.832533 0.256683 0.235782 0.999961 -0.005962 0.000019 0.006583
32 2417 -10.691493 3.651052 -0.006370 0.922523 -0.009359 -0.001528 -0.385824
23 2438 11.146521 -0.194760 0.324665 0.999622 -0.000384 -0.018272 -0.020541
2344 2429 8.954348 7.408163 -0.109530 0.853202 0.004556 0.015572 0.521328
822 1548 -9.771133 -3.515554 -0.008557 0.761947 -0.001415 0.002714 0.647632
811 1521 -8.998672 -6.269020 0.006832 0.899236 -0.007853 0.015703 0.437111
1561 2565 -2.108533 11.057739 0.037455 0.731347 0.013889 -0.000783 -0.681864
5 2359 6.467997 7.994965 -0.120878 0.782530 0.000270 -0.013890 -0.622458
632 1399 11.590141 0.306046 0.193486 0.999838 0.003599 -0.000375 0.017641
825 1562 -11.123993 0.973628 0.009861 0.732114 -0.011339 -0.000575 0.681088
511 1304 9.073608 6.087418 0.014653 0.471889 -0.024510 0.005239 0.881301
718 1455 -11.765602 -0.311905 -0.234862 0.999972 0.005681 -0.002456 -0.004235
3 2353 7.554924 8.004518 -0.044003 0.784770 0.002676 -0.014090 -0.619621
512 1300 9.753281 4.490524 0.051606 0.381664 -0.020468 0.011588 0.924002
5 2324 6.429223 8.104541 -0.128645 0.781518 0.003560 -0.009761 -0.623797
812 1520 -9.402618 -6.994530 0.029521 0.890967 -0.006695 0.016684 0.453712
772 1546 10.156607 -1.200729 0.236037 0.999781 0.019442 -0.007402 0.002108
821 1570 -7.724289 6.433143 0.029158 0.758372 0.001709 0.010862 0.651730
1 2390 8.644804 8.056665 0.013923 0.785111 0.004135 -0.014926 -0.619161
671 1433 10.074600 -0.194077 0.159271 0.999821 0.000359 0.000703 -0.018895
2361 2428 8.642856 6.767565 -0.102528 0.861725 0.000420 0.013376 0.507199
1520 2578 11.048124 -1.481735 0.383341 0.766340 0.019012 -0.014148 -0.641998
709 1447 -11.850250 -0.260315 -0.216720 0.999933 0.003629 -0.004681 -0.009946
2293 2362 11.700041 0.238058 0.355731 0.997522 -0.003906 -0.007530 0.069850
851 2616 11.129364 -0.381835 0.245575 0.999986 -0.002280 -0.002725 -0.004030
804 2587 8.540627 -6.139572 0.049905 0.921061 0.011788 -0.003879 -0.389221
764 1493 -10.762351 -0.193939 -0.210176 0.999853 0.000553 0.001206 0.017112
22 2316 -4.990626 9.629316 -0.379021 0.739798 0.010649 -0.025756 -0.672252
155 2518 -10.130709 -0.073845 -0.009522 0.707306 0.002522 0.003310 0.706895
821 1542 -9.497864 -4.440847 -0.014290 0.776339 0.002214 0.005589 0.630286
808 2589 9.799835 -5.864540 0.187289 0.950983 0.007960 -0.007163 -0.309056
27 2329 -8.795016 7.869966 -0.234989 0.776071 0.000167 -0.015274 -0.630461
5 2389 6.464269 8.009932 -0.122718 0.782764 0.000261 -0.014058 -0.622160
593 1340 -10.042648 0.075867 -0.136246 0.999996 0.000933 -0.001281 -0.002405
2367 2428 8.637347 6.784944 -0.101269 0.861295 0.000585 0.013346 0.507929
1522 2578 10.111403 -1.566605 0.348230 0.763736 0.018086 -0.013920 -0.645126
858 2622 11.049622 -0.577877 0.193770 0.999941 0.003125 0.001083 -0.010377
799 1514 -10.350136 -4.150711 -0.183739 0.982226 -0.006588 0.002217 0.187574
798 1513 -10.783203 -4.044601 -0.201115 0.985456 -0.006623 0.001123 0.169796
917 2639 -9.525114 4.883682 0.032790 0.719538 0.004237 0.001220 0.694439
111 2497 -10.718285 -0.356966 -0.215524 0.999826 0.012894 -0.001193 -0.013449
846 2612 11.466537 -0.237080 0.176457 0.999996 -0.002297 0.001474 -0.000166
893 2642 10.486191 5.725708 0.029088 0.972825 -0.008628 0.003159 0.231359
1569 2584 -5.276145 -8.519104 -0.012219 0.732294 0.012677 -0.013594 -0.680735
113 2497 -11.716972 -0.553518 -0.296943 0.999893 0.013314 -0.003581 -0.004834
140 2506 -8.482204 -7.920975 -0.198684 0.864534 0.006494 -0.000319 0.502531
779 1562 11.962595 -0.429184 0.383927 0.999155 0.002539 -0.011868 0.039262
24 2369 -6.219862 7.879240 -0.315567 0.775054 0.005445 -0.020839 -0.631528
1521 2578 10.576841 -1.537323 0.373806 0.764702 0.018888 -0.014304 -0.643948
892 2640 9.228119 4.389069 0.049036 0.977043 -0.012496 0.003928 0.212638
2294 2358 11.062037 0.219242 0.327436 0.997476 -0.003553 -0.007031 0.070569
694 1434 -11.256226 -0.239105 -0.246624 0.999973 -0.001622 -0.002722 -0.006612
2306 2422 10.610697 4.948484 -0.000384 0.882252 -0.016108 0.010208 0.470391
2370 2429 8.959358 7.419698 -0.107897 0.852666 0.004295 0.015403 0.522212
2309 2424 10.098486 5.975843 -0.090900 0.860016 -0.014656 0.013020 0.509891
2293 2369 11.714390 0.237426 0.356251 0.997494 -0.004084 -0.007656 0.070214
27 2336 -8.787778 7.867961 -0.237413 0.775961 -0.000907 -0.016208 -0.630572
3 2360 7.552826 8.011703 -0.042884 0.783638 0.003203 -0.013840 -0.621056
523 1288 9.786118 -2.350220 0.165842 0.259593 -0.019110 0.012246 0.965451
26 2327 -7.921381 7.842220 -0.267779 0.775579 0.003937 -0.013540 -0.631094
563 1302 -10.989471 0.892929 -0.096279 0.978740 -0.008473 -0.001567 0.204924
1523 2581 10.170994 -4.729050 0.338944 0.764520 0.019022 -0.016170 -0.644116
69 2461 -10.360439 -0.446519 -0.208097 0.999990 -0.002985 -0.001289 0.003193
2340 2429 8.937323 7.445149 -0.111277 0.852127 0.004519 0.015601 0.523082
1575 2576 -10.045550 0.044098 0.135902 0.724959 0.001338 -0.003224 -0.688783
3 2318 7.214033 9.254308 -0.092834 0.760340 0.005929 -0.018347 -0.649239
1539 2584 6.159847 -8.269791 0.108371 0.751960 0.011013 -0.010770 -0.659029
550 1326 9.870621 2.150040 0.084433 0.999448 -0.019238 -0.000752 0.027063
2296 2402 10.263556 0.360639 0.272716 0.995607 -0.005097 -0.012007 0.092714
2311 2424 9.537017 5.909025 -0.101286 0.861448 -0.013755 0.013106 0.507490
892 2618 -9.902573 -3.736443 -0.088602 0.981049 -0.011111 0.002756 0.193420
782 1505 -11.318486 -0.929077 -0.211212 0.999914 -0.006421 -0.000699 0.011383
762 1524 11.348274 -1.249542 0.185187 0.999219 0.023206 0.000877 -0.031963
2311 2425 9.831381 6.501219 -0.119244 0.850303 -0.012633 0.015432 0.525916
635 1380 -10.396378 0.063370 -0.163653 0.999882 -0.000146 0.001227 -0.015312
798 1514 -10.183945 -3.830902 -0.191628 0.985261 -0.005326 0.001634 0.170968
24 2438 10.328541 -0.195701 0.291380 0.999649 -0.000429 -0.017096 -0.020252
119 2501 -10.068611 -1.491543 -0.175718 0.998859 0.011253 0.001991 0.046380
514 1294 11.056351 2.406113 0.104234 0.243075 -0.015885 0.017468 0.969720
8 2425 11.374495 1.685311 0.038176 0.980738 -0.007156 0.000564 -0.195196
46 2438 -10.956692 -0.249023 -0.221508 0.999737 0.005785 -0.010486 -0.019528
513 1300 9.346802 4.377319 0.035237 0.386509 -0.021146 0.012839 0.921954
710 1468 11.471615 -0.039215 0.170340 0.999939 0.002182 0.000075 0.010822
856 2599 -10.407562 -0.287082 -0.194377 0.999968 -0.002014 -0.003905 -0.006686
114 2499 -10.110413 -0.707533 -0.274086 0.999898 0.013387 -0.004777 0.001452
756 1487 -10.567317 -0.193100 -0.184150 0.999972 0.005090 0.002115 0.005116
2294 2392 11.048151 0.230440 0.323885 0.997459 -0.003709 -0.008209 0.070666
814 2590 9.466431 -3.682907 0.087744 0.983134 0.008484 -0.001163 -0.182686
590 1337 -10.050980 0.063812 -0.142276 0.999991 0.000465 -0.002232 0.003488
2308 2423 10.177002 5.457143 -0.047421 0.870655 -0.016610 0.009982 0.491513
770 1497 -11.293187 -0.209900 -0.267073 0.999861 -0.004812 -0.002022 0.015839
665 1429 11.590935 -0.009979 0.215082 0.999906 -0.006716 -0.001921 -0.011793
908 2644 -1.011208 11.421936 0.234185 0.824976 0.018080 0.004909 0.564857
101 2491 -10.426407 -0.201782 -0.261040 0.999933 0.001082 -0.005758 -0.009968
820 2573 -11.182632 0.632416 0.003723 0.997985 0.003903 -0.001085 -0.063314
571 1313 -11.213348 1.140945 -0.064665 0.999923 0.004472 0.000922 0.011572
46 2439 -10.008532 -0.273872 -0.200926 0.999839 0.004796 -0.010529 -0.013676
700 1439 -11.736507 -0.310913 -0.225622 0.999956 0.000609 -0.002754 -0.008906
4 2401 7.135689 7.687355 -0.072930 0.792082 -0.004068 -0.018006 -0.610135
5 2365 6.470033 7.983827 -0.123392 0.782993 0.000201 -0.013979 -0.621873
841 2607 10.624313 -0.164233 0.173862 0.999964 -0.003360 0.005211 0.005789
909 2644 -2.030296 11.373489 0.260918 0.810913 0.018305 0.002033 0.584877
839 2605 10.130798 -0.172299 0.157197 0.999947 -0.005383 0.005027 0.007260
2294 2348 11.063993 0.216399 0.325981 0.997645 -0.003735 -0.007271 0.068104
10 2312 3.065223 10.731110 -0.321402 0.732858 0.001074 -0.017481 -0.680156
8 2315 4.323370 9.941983 -0.263708 0.742454 0.001923 -0.018671 -0.669634
145 2509 -7.273802 -7.048470 -0.198889 0.791117 0.007752 0.002314 0.611611
778 1560 11.446482 -0.608795 0.366099 0.999162 0.004833 -0.016905 0.036953
789 2566 3.105534 10.268799 0.128711 0.800929 0.020398 -0.008096 -0.598356
3 2414 9.429837 4.788672 0.072351 0.897606 -0.005233 -0.005790 -0.440730
89 2500 10.212166 -0.216558 0.224628 0.999990 0.004010 -0.000456 0.001701
3 2332 7.549272 8.005513 -0.044986 0.783094 0.002333 -0.014364 -0.621733
5 2367 6.467179 7.998012 -0.121981 0.782809 0.000252 -0.013821 -0.622108
725 1481 11.017094 0.099411 0.176579 0.999941 -0.000091 0.004596 0.009887
780 2569 8.572699 6.515778 0.337674 0.758270 0.024867 -0.007401 -0.651425
122 2502 -10.021019 -2.214762 -0.126158 0.995780 0.006786 0.005104 0.091376
695 1455 11.227425 -0.174957 0.120671 0.999899 0.008783 0.001304 0.011064
512 1301 9.455902 4.865509 0.035431 0.405924 -0.021492 0.010333 0.913596
823 1550 -10.262695 -3.284084 0.002921 0.750523 -0.000974 0.000180 0.660844
638 1403 10.096024 0.096237 0.131754 0.999974 0.003036 0.003429 0.005574
2295 2401 10.761797 0.310525 0.290393 0.996329 -0.004869 -0.012762 0.084512
683 1445 11.583447 -0.315109 0.142424 0.999931 0.011476 -0.000299 -0.002344
762 1522 10.484140 -1.207565 0.169802 0.999055 0.024165 0.003318 -0.035986
28 2443 11.857727 -0.240590 0.177304 0.999928 -0.005770 -0.005436 -0.009061
117 2522 11.970802 -0.422986 0.338824 0.999857 0.009300 0.002028 0.013938
820 1536 -9.310455 -5.301205 -0.037674 0.790490 0.001666 0.004879 0.612453
3 2382 7.550495 8.019012 -0.043982 0.783750 0.002995 -0.013862 -0.620915
519 1314 5.455872 9.972366 -0.288125 0.675753 -0.029369 0.004228 0.736531
902 2644 5.076920 10.632889 0.112267 0.902777 0.012878 0.004937 0.429887
909 2643 -2.355591 10.363205 0.236765 0.810060 0.017020 0.003750 0.586088
598 1367 10.815109 -0.037659 0.208595 0.999985 0.000527 -0.001622 -0.005287
761 1522 11.204372 -1.225006 0.175754 0.998992 0.025435 0.003868 -0.036786
2329 2429 8.967522 7.416068 -0.095629 0.853160 0.003657 0.014694 0.521430
512 1304 8.643341 6.021423 -0.012685 0.475107 -0.025151 0.006547 0.879544
614 1382 10.754524 -0.096588 0.192786 0.999979 0.002141 -0.002618 -0.005475
564 1337 11.582397 -0.354767 0.100329 0.997583 -0.017117 0.002212 -0.067307
2359 2428 8.628084 6.792536 -0.103824 0.861067 0.000558 0.013413 0.508314
864 2604 -10.953568 -0.305501 -0.169325 0.999978 0.000084 -0.000770 -0.006560
2314 2426 9.393924 6.873466 -0.118468 0.845683 -0.009869 0.014347 0.533401
149 2525 -6.064282 8.265770 0.023067 0.745524 0.002380 0.012807 0.666351
1558 2565 -0.612694 11.079086 0.039852 0.728155 0.009017 0.002792 -0.685347
2298 2408 10.284447 0.826012 0.254332 0.986597 -0.006523 -0.006691 0.162910
594 1364 11.636673 0.008438 0.153583 0.999990 0.000305 0.001528 -0.004314
766 1531 10.801658 -1.285751 0.176495 0.999619 0.020254 -0.001901 -0.018664
26 2345 -7.925742 7.869627 -0.262817 0.775885 0.002252 -0.017435 -0.630630
520 1290 10.324921 -0.468781 0.148508 0.235877 -0.018784 0.014920 0.971487
843 2609 11.069717 -0.192076 0.128882 0.999974 0.000201 0.006847 0.002156
817 1530 -8.718414 -5.530415 -0.072711 0.827759 -0.003451 0.006892 0.561032
79 2490 10.481895 -0.230168 0.211759 0.999988 0.000616 0.000491 0.004945
2314 2425 9.124822 6.283365 -0.090100 0.855638 -0.011280 0.013441 0.517277
660 1403 -11.364021 -0.100952 -0.199769 0.999991 0.003980 0.000239 0.001692
121 2522 10.375381 0.812222 0.191312 0.997733 0.005502 0.007842 0.066615
1529 2566 5.850054 10.360977 -0.045443 0.753320 0.012420 -0.015263 -0.657360
4 2372 7.018560 8.001893 -0.081161 0.782092 0.001757 -0.013857 -0.623006
11 2315 2.569119 9.915345 -0.283602 0.741202 -0.000085 -0.013757 -0.671141
