idx1 idx2 t_1 t_2 t_3 q_1 q_2 q_3 q_4
61 1827 4.604588 5.685199 -0.055225 0.561831 0.015451 -0.016912 -0.826935
715 1516 -4.595848 -7.923828 0.115902 -0.402192 -0.003514 -0.004991 0.915535
2528 3862 -4.506744 -4.507416 -0.153577 0.820009 -0.003024 -0.014044 0.572169
802 1396 2.728851 -9.338331 0.009535 0.440209 -0.009864 -0.003557 0.897834
719 1512 -5.988798 -5.325684 0.073198 -0.316408 0.001666 0.007361 0.948593
45 1842 7.632380 4.892603 -0.196149 0.936461 -0.018519 0.002578 -0.350274
2471 3869 9.858490 0.275002 0.138248 0.619825 0.000110 -0.013791 0.784619
2524 3873 0.589157 6.600372 0.026784 0.827014 -0.029941 -0.014684 0.561191
49 1846 8.879972 3.030634 -0.199881 0.948640 -0.021046 0.003026 -0.315642
769 1428 9.526382 1.151947 0.176688 -0.026914 -0.010562 0.003980 0.999574
219 1678 -7.948883 -0.831242 -0.125964 -0.051832 -0.009194 -0.008521 0.998577
3988 4046 7.334549 -2.843719 0.214277 0.935456 -0.005291 -0.009178 -0.353285
238 1656 -9.944260 0.481280 -0.122646 -0.014686 -0.012237 -0.004890 0.999805
809 1420 -9.027786 1.730980 -0.032554 0.562346 -0.011134 -0.004918 0.826813
802 1397 2.455872 -8.983377 0.016804 0.440905 -0.008886 -0.004624 0.897498
72 1853 -0.996821 -7.530819 0.201720 0.731501 0.004646 -0.017584 -0.681598
2518 3874 1.278732 7.912781 -0.062810 0.786345 -0.034950 -0.009899 0.616719
37 1836 6.613146 6.910088 -0.154687 0.889467 -0.008634 -0.005341 -0.456887
811 1407 -8.302826 -3.988777 -0.055761 0.613390 0.005286 -0.011013 0.789685
50 1840 6.580394 4.636415 -0.211522 0.896340 -0.017155 0.001590 -0.443033
256 1619 -5.609619 -3.532386 -0.168439 0.351908 0.000575 -0.020984 0.935799
82 1842 -7.172152 -0.097868 -0.047280 -0.397141 -0.005056 0.010147 0.917688
213 1667 9.225540 0.060757 0.222274 -0.025703 -0.015982 -0.013421 0.999452
2486 3875 1.099915 8.721615 -0.060586 0.474253 -0.026006 -0.010083 0.879947
2500 3861 6.363861 -2.963284 0.153252 0.443160 -0.011667 0.006731 0.896341
789 1411 7.353424 -1.835388 0.134228 0.135889 -0.011137 0.002586 0.990658
209 1688 -5.967499 -1.663034 -0.140937 -0.027600 -0.015310 -0.022139 0.999257
248 1613 3.723022 -4.992835 -0.144917 0.446946 0.003264 -0.024198 0.894228
45 1835 5.760835 6.767380 -0.242475 0.864655 -0.012681 -0.001943 -0.502203
244 1611 7.601730 -5.571883 -0.049520 0.483897 -0.003418 -0.023955 0.874790
37 1842 8.374195 5.388189 -0.112995 0.946324 -0.015974 -0.001816 -0.322818
712 1483 6.920456 4.362350 0.038256 -0.429912 -0.010040 -0.008855 0.902772
47 1828 4.777595 8.438435 -0.316112 0.776199 -0.005732 -0.004406 -0.630447
217 1660 9.897339 0.361323 0.115789 -0.019929 -0.011958 -0.003676 0.999723
2473 3873 8.008453 4.837608 0.221087 0.613511 -0.005935 -0.016235 0.789497
60 1851 7.765358 -3.261244 0.161024 0.901360 0.003376 -0.008836 -0.432966
232 1636 7.749863 0.339513 0.223398 0.091678 -0.023726 0.006289 0.995486
736 1464 6.976753 1.824295 -0.007147 -0.015016 -0.013785 0.021062 0.999570
250 1596 3.804276 -9.122534 -0.358970 0.650014 0.015213 -0.016507 0.759590
248 1607 4.705750 -6.341325 -0.199931 0.528468 0.001400 -0.019898 0.848718
809 1406 -6.448318 -4.922562 -0.077455 0.582765 0.000837 -0.012208 0.812548
2484 3868 6.139709 2.248857 0.097174 0.475575 -0.010207 -0.003037 0.879611
2504 3859 5.959381 -5.937156 0.174701 0.517479 -0.017678 0.010280 0.855452
108 1775 9.260529 1.240988 0.143334 0.029669 -0.016807 0.008233 0.999385
65 1851 4.641142 -5.157718 0.139635 0.835094 0.008984 -0.009984 -0.549943
67 1821 4.871940 5.411864 -0.042843 -0.335343 -0.016981 0.023395 0.941653
2476 3870 7.858795 2.461376 0.073035 0.576276 -0.005730 -0.002243 0.817232
42 1839 6.922924 5.912515 -0.166868 0.914782 -0.013814 -0.001851 -0.403707
712 1487 5.858643 3.028809 0.045921 -0.431595 -0.003502 -0.004126 0.902051
736 1484 -6.880470 1.316620 -0.036083 -0.010340 -0.013451 0.011961 0.999785
697 1503 8.216187 1.436005 0.096911 0.715917 -0.003181 -0.017664 -0.697954
55 1825 4.804871 7.838682 -0.227061 0.648735 0.006497 -0.016450 -0.760809
135 1765 -9.209164 0.109816 -0.093038 -0.001471 -0.010990 -0.004983 0.999926
2512 3859 1.762695 -7.739029 0.052395 0.671065 -0.013752 0.003661 0.741262
2536 3863 -6.352890 -4.354263 0.003563 0.768172 0.023263 -0.000658 0.639821
76 1852 -4.780195 -6.281403 0.147209 0.640145 0.006607 -0.019553 -0.767977
60 1830 4.529459 5.135729 -0.049889 0.624489 0.010031 -0.012470 -0.780870
791 1434 -7.710449 2.807411 -0.133245 0.229279 -0.012655 -0.014381 0.973172
719 1481 5.592978 2.559036 -0.001475 -0.268781 -0.012598 -0.002042 0.963117
711 1489 5.633247 2.651993 0.069015 -0.454459 -0.005519 -0.005733 0.890732
88 1834 -9.740137 1.835033 -0.046653 -0.218044 -0.004556 0.021788 0.975685
722 1507 -5.941786 -3.098801 -0.003201 -0.250260 -0.009719 0.011585 0.968061
82 1846 -8.296677 -1.732595 -0.032136 -0.466936 -0.000440 0.010365 0.884230
106 1794 -8.077261 2.326181 -0.125443 0.031368 -0.014277 0.012185 0.999332
246 1611 5.874435 -5.519191 -0.122638 0.479842 -0.000870 -0.025753 0.876977
246 1605 6.772858 -6.881721 -0.176204 0.555669 -0.000072 -0.020575 0.831149
804 1404 -1.415695 -6.505295 0.027808 0.485373 -0.000535 -0.006867 0.874280
2487 3876 -0.033722 9.651493 -0.115127 0.465712 -0.028499 -0.011802 0.884399
703 1495 6.671799 2.899918 0.120634 0.608349 0.009700 -0.008680 -0.793563
120 1779 -8.457062 1.275503 -0.107641 0.030186 -0.015058 -0.002592 0.999427
798 1428 -6.583649 2.207390 -0.130777 0.336185 -0.017673 -0.018255 0.941453
811 1417 -9.717392 0.767128 0.023872 0.594790 -0.006006 -0.003507 0.803851
703 1518 4.355652 -8.813843 0.264316 0.630311 0.002227 0.004691 -0.776326
738 1482 -7.736221 1.423370 -0.069292 -0.002743 -0.019265 0.007794 0.999780
51 1826 4.650560 8.419963 -0.303871 0.717285 -0.000528 -0.009575 -0.696714
748 1467 -7.061180 1.434113 -0.121591 -0.027327 -0.015773 0.016376 0.999368
106 1795 -8.949263 2.371973 -0.141687 0.034759 -0.016123 0.012382 0.999189
191 1696 7.728302 -1.338583 0.129583 0.017841 -0.015514 -0.023133 0.999453
75 1853 -3.960563 -7.208885 0.164554 0.671543 0.006750 -0.020379 -0.740654
811 1408 -8.418869 -3.568085 -0.045790 0.609646 0.004479 -0.009466 0.792604
245 1642 -7.819321 0.481718 -0.106074 0.030992 -0.013805 0.000422 0.999424
68 1824 4.018700 4.498648 -0.045119 -0.343862 -0.017644 0.027121 0.938463
2510 3859 2.870789 -7.446983 0.070788 0.635596 -0.013196 0.006254 0.771884
775 1443 -7.602829 1.592728 -0.198632 0.037274 -0.014710 0.008285 0.999162
42 1831 5.298635 8.015419 -0.227487 0.829022 -0.006669 -0.003521 -0.559166
142 1745 7.227173 0.253963 0.108186 -0.004472 -0.015328 -0.002782 0.999868
177 1712 7.345581 -0.540628 0.115764 0.007299 -0.012345 -0.003124 0.999892
65 1816 6.388374 7.240234 -0.019587 -0.366635 -0.021169 0.025786 0.929766
45 1831 5.125649 7.830499 -0.268851 0.820105 -0.009085 -0.002441 -0.572136
2534 3873 -3.221527 6.307770 0.466925 0.799237 0.012433 0.004789 0.600868
766 1449 -6.503525 1.904495 -0.173281 0.023567 -0.019043 0.014411 0.999437
101 1800 -7.740591 2.379827 -0.084823 0.021837 -0.019882 0.018942 0.999385
4001 4052 6.002792 -2.903046 0.148911 0.944168 -0.010913 -0.010389 -0.329120
179 1710 7.229546 -0.601225 0.081071 0.007261 -0.011156 -0.001638 0.999910
2524 3858 -4.681610 -8.692429 -0.271401 0.816021 -0.016727 -0.009029 0.577709
244 1613 7.228806 -5.051335 -0.029051 0.454101 -0.001484 -0.023369 0.890642
105 1780 6.805923 1.663170 0.040805 0.026663 -0.012407 0.012871 0.999485
765 1434 8.231598 1.237000 0.211448 0.011144 -0.014273 0.004235 0.999827
792 1435 -8.811005 3.540993 -0.155751 0.253732 -0.014399 -0.014937 0.967052
803 1423 -6.577347 1.269449 0.006030 0.437258 -0.011138 -0.002762 0.899263
231 1661 -6.995651 0.217272 -0.169768 -0.029572 -0.017121 -0.005256 0.999402
3991 4051 7.833290 -4.156036 0.204755 0.909535 -0.007882 -0.010403 -0.415422
718 1476 8.285908 4.458725 -0.001713 -0.295539 -0.009500 0.001049 0.955283
3984 4041 7.768795 -2.103516 0.179489 0.950236 0.004187 -0.009394 -0.311361
58 1847 7.124146 -0.447066 0.051257 0.888078 -0.010111 -0.009340 -0.459487
64 1818 5.867512 7.078084 -0.026327 -0.401037 -0.019839 0.022366 0.915574
58 1821 5.194675 8.244194 -0.185591 0.549318 0.011233 -0.020849 -0.835278
177 1724 -7.323875 -0.134537 -0.068061 0.015058 -0.011817 -0.000905 0.999816
762 1437 8.382103 1.476013 0.173851 0.012379 -0.014733 0.005517 0.999800
72 1811 7.520782 5.457201 -0.099952 -0.167910 -0.016407 0.035844 0.985014
809 1405 -6.317291 -5.346947 -0.082869 0.586525 -0.000625 -0.013130 0.809825
811 1402 -7.779480 -6.119743 -0.116596 0.621180 -0.001713 -0.009552 0.783608
256 1616 -4.704895 -4.283055 -0.187601 0.398955 0.002954 -0.019055 0.916768
3993 4050 6.891579 -3.488525 0.138144 0.924392 -0.006961 -0.007806 -0.381302
157 1731 7.292610 0.106991 0.136356 0.001185 -0.015965 -0.001249 0.999871
797 1402 5.499527 -6.201347 0.015100 0.323572 -0.010469 -0.014046 0.946041
163 1724 9.209869 -0.031942 0.133930 0.000890 -0.014333 -0.001703 0.999896
2495 3872 -0.421326 6.429504 -0.124413 0.409722 -0.032617 -0.002063 0.911625
806 1398 -2.160477 -8.783577 -0.043790 0.534540 -0.005733 -0.004940 0.845110
757 1457 -6.207993 1.747879 -0.069773 -0.012716 -0.014324 0.017483 0.999664
44 1832 5.309529 7.690431 -0.241848 0.834292 -0.009804 -0.002740 -0.551228
253 1596 0.907379 -9.154747 -0.348921 0.653523 0.015182 -0.012228 0.756655
753 1461 -6.297409 1.641098 -0.074051 -0.020303 -0.012889 0.019875 0.999513
199 1700 -6.495575 -1.336340 -0.109067 0.016150 -0.014440 -0.019721 0.999571
223 1654 6.741104 0.544272 0.171055 -0.018294 -0.015462 -0.001693 0.999712
709 1486 6.777924 4.370178 0.113280 -0.491110 -0.009578 -0.001126 0.871044
47 1843 7.852986 4.298621 -0.215064 0.939548 -0.019444 0.005549 -0.341819
701 1491 7.462448 5.128998 0.037074 0.637316 0.003061 -0.008579 -0.770548
804 1424 -7.451889 2.143402 0.028354 0.464701 -0.010237 -0.001452 0.885407
140 1747 7.044746 0.252419 0.113826 -0.005842 -0.015236 -0.004860 0.999855
231 1638 7.488480 0.486964 0.215757 0.067348 -0.024298 0.006919 0.997410
797 1401 5.850693 -6.482697 0.015678 0.326494 -0.011625 -0.013455 0.945032
187 1714 -7.571777 -0.550900 -0.096456 0.017262 -0.011454 -0.017384 0.999634
2474 3869 8.862030 0.990051 0.090718 0.591986 -0.002257 -0.008115 0.805904
2487 3874 1.230133 7.887608 -0.059539 0.458414 -0.026282 -0.007893 0.888315
2520 3875 1.646942 8.805466 -0.025764 0.808500 -0.036497 -0.014489 0.587184
2529 3861 -5.168808 -5.580078 -0.186834 0.818405 0.005472 -0.012510 0.574479
731 1493 -6.586739 0.562622 -0.018497 -0.061528 -0.008477 0.019030 0.997888
810 1400 -6.641998 -7.242851 -0.139643 0.609697 -0.005305 -0.008321 0.792573
54 1828 4.802286 7.256087 -0.238385 0.703892 -0.000120 -0.009215 -0.710247
799 1397 5.449799 -8.283319 0.054232 0.373274 -0.014561 -0.010420 0.927548
57 1833 4.860027 5.027788 -0.108234 0.723449 -0.001483 -0.007846 -0.690332
2507 3873 -0.586121 7.394146 -0.162470 0.594997 -0.029597 -0.000049 0.803183
776 1442 -7.358948 1.565109 -0.193428 0.034392 -0.018446 0.007660 0.999209
54 1842 6.617571 2.929059 -0.119187 0.885224 -0.014492 -0.000736 -0.464938
86 1839 -9.464393 0.875792 -0.052219 -0.326745 -0.001365 0.020218 0.944895
255 1625 -7.071701 -1.968087 -0.114391 0.250524 -0.004696 -0.015506 0.967975
212 1685 -6.535324 -1.513110 -0.152030 -0.043439 -0.019334 -0.026778 0.998510
52 1841 6.606857 3.842806 -0.177493 0.893285 -0.016344 0.001099 -0.449191
786 1436 -7.233139 2.071808 -0.120352 0.131709 -0.012460 0.000005 0.991210
52 1835 5.385675 5.690480 -0.218279 0.818156 -0.010717 -0.002206 -0.574891
700 1494 7.507111 4.280052 0.030622 0.654954 -0.000395 -0.009993 -0.755603
747 1471 -9.388763 1.319122 -0.059875 -0.022629 -0.013367 0.019385 0.999467
88 1828 -8.146745 2.567904 -0.063372 -0.105459 -0.010869 0.028402 0.993959
195 1693 5.999512 -1.588654 0.064062 0.011486 -0.014499 -0.028602 0.999420
695 1511 9.455582 -2.111740 0.328722 0.744688 -0.007950 -0.020183 -0.667060
102 1797 -6.419022 2.332520 -0.037938 0.018802 -0.013828 0.019203 0.999543
219 1660 7.454193 0.346994 0.145731 -0.019876 -0.015963 -0.001710 0.999674
53 1835 5.324648 5.456826 -0.198614 0.807287 -0.009722 -0.003459 -0.590069
40 1839 7.078806 6.018829 -0.151751 0.917619 -0.013244 -0.002657 -0.397232
740 1481 -9.082268 1.503159 -0.147622 0.002832 -0.023612 0.008304 0.999683
2533 3860 -6.326324 -7.129791 -0.082909 0.793206 0.026152 0.001594 0.608390
109 1774 9.339699 1.143143 0.169297 0.034003 -0.017286 0.005736 0.999256
4001 4057 8.066132 -4.909454 0.234493 0.919081 -0.005149 -0.007579 -0.393963
59 1829 4.642981 5.692823 -0.080419 0.632271 0.009460 -0.013470 -0.774573
202 1699 -9.075638 -1.478319 -0.134777 0.014402 -0.012783 -0.017449 0.999662
746 1472 -9.207497 1.375717 -0.051268 -0.020411 -0.012812 0.019543 0.999518
86 1831 -7.246126 2.339403 -0.088755 -0.154523 -0.009955 0.023986 0.987648
83 1799 9.686979 2.169397 0.159376 0.025085 -0.022568 0.030017 0.998980
89 1797 6.305639 2.340605 -0.024280 0.011189 -0.012311 0.039929 0.999064
233 1631 9.901825 -0.410479 0.273708 0.152326 -0.014675 -0.005694 0.988205
124 1773 -6.084869 0.780727 -0.058352 0.025891 -0.015765 -0.009511 0.999495
57 1846 7.153639 0.363035 0.005623 0.890071 -0.012429 -0.005222 -0.455624
69 1856 2.526437 -9.562792 0.231479 0.812895 0.013436 -0.023215 -0.581792
801 1428 -7.858551 3.185158 -0.104979 0.405328 -0.015601 -0.013041 0.913945
779 1442 -9.128601 1.773422 -0.241178 0.048999 -0.018410 0.007383 0.998602
724 1476 5.752037 2.483643 0.061179 -0.171620 -0.016795 0.012222 0.984944
76 1811 6.240292 3.830862 -0.040370 -0.059308 -0.017937 0.038743 0.997326
109 1791 -8.598501 2.158848 -0.154190 0.032298 -0.018849 0.004438 0.999291
742 1476 -8.104683 1.459137 -0.046885 -0.004458 -0.014019 0.012668 0.999812
800 1402 2.900909 -6.907799 0.021549 0.391456 -0.011975 -0.010041 0.920064
255 1612 -2.893967 -5.292987 -0.209284 0.474517 0.000897 -0.021890 0.879973
169 1731 -6.606453 0.016815 -0.086913 0.003311 -0.015875 -0.009525 0.999823
66 1819 5.519219 6.163430 -0.025873 -0.349429 -0.018318 0.022601 0.936511
33 1837 7.330887 6.651387 -0.069821 0.900124 -0.006200 -0.008179 -0.435512
700 1508 6.934418 -1.983856 0.190660 0.682499 0.002408 -0.015269 -0.730723
258 1605 -4.683701 -6.968258 -0.308651 0.562453 -0.002848 -0.017260 0.826645
695 1497 8.782135 4.578224 0.038817 0.722509 -0.000024 -0.017153 -0.691149
702 1515 5.389862 -6.613266 0.278191 0.652107 -0.000136 -0.006301 -0.758100
724 1507 -7.390043 -2.623444 -0.034895 -0.213280 -0.011732 0.019120 0.976734
244 1609 7.920410 -5.994761 -0.057474 0.512135 -0.003201 -0.021380 0.858632
113 1772 7.309772 0.897711 0.124087 0.037716 -0.015014 0.002886 0.999172
54 1831 4.920919 6.397953 -0.210632 0.741948 -0.004477 -0.005838 -0.670417
89 1818 -6.043458 2.837072 -0.088414 0.008272 -0.008662 0.039993 0.999128
187 1699 9.444176 -1.399778 0.086468 0.037426 -0.011403 -0.019446 0.999045
238 1624 9.128448 -2.198543 0.101366 0.253460 -0.006777 -0.018088 0.967153
176 1713 7.359154 -0.383596 0.153956 0.005283 -0.014741 -0.004611 0.999867
696 1499 8.511002 3.498161 0.056757 0.717470 -0.000997 -0.014633 -0.696435
51 1844 7.756201 3.138347 -0.172203 0.927575 -0.018958 0.004245 -0.373133
694 1510 9.842758 -1.341721 0.331881 0.751454 -0.003643 -0.020874 -0.659446
2537 3861 -7.033157 -6.668259 -0.225764 0.761356 0.023401 -0.009779 0.647838
797 1428 -6.162628 1.916164 -0.110704 0.313222 -0.016087 -0.019220 0.949349
51 1830 4.896584 7.311614 -0.261850 0.764987 -0.006600 -0.002487 -0.644007
701 1516 6.007370 -6.978607 0.315103 0.665911 -0.000711 -0.002338 -0.746027
801 1398 3.184662 -8.466156 0.010931 0.418531 -0.010881 -0.007310 0.908108
714 1481 7.140358 4.324280 -0.024333 -0.385547 -0.009782 -0.004149 0.922627
252 1603 1.321823 -7.390829 -0.240429 0.584073 0.002537 -0.015002 0.811559
229 1665 -8.041092 -0.003269 -0.187454 -0.036163 -0.012035 -0.008561 0.999237
132 1753 8.892941 0.140802 0.128541 0.005531 -0.016191 -0.005076 0.999841
116 1769 7.552769 0.596889 0.080058 0.037707 -0.011487 -0.001972 0.999221
192 1695 7.592194 -1.389490 0.109939 0.015729 -0.014689 -0.025352 0.999447
710 1512 0.632492 -6.185211 0.056818 0.514423 0.003237 -0.003912 -0.857522
2472 3871 8.951721 2.548927 0.202076 0.615813 -0.002183 -0.012992 0.787782
806 1397 -1.958664 -9.184166 -0.048443 0.534875 -0.005772 -0.004816 0.844898
64 1817 6.118471 7.361853 -0.020916 -0.397047 -0.020642 0.023873 0.917256
802 1399 1.883118 -8.259816 0.018445 0.439846 -0.009235 -0.004516 0.898014
173 1717 6.183640 -0.335131 0.074081 0.010869 -0.012849 -0.008855 0.999819
66 1820 5.280805 5.944090 -0.024412 -0.354146 -0.017734 0.021876 0.934766
227 1642 9.300049 0.693069 0.236969 0.019298 -0.018062 0.002901 0.999646
96 1806 -6.773695 2.548681 -0.157817 0.022856 -0.017309 0.029889 0.999142
207 1678 6.638931 -0.774155 0.080623 -0.043696 -0.010826 -0.008396 0.998951
2532 3860 -6.146881 -6.955292 -0.090032 0.801542 0.020143 0.000751 0.597598
2491 3873 -0.036346 7.197060 -0.092250 0.410323 -0.029782 -0.007282 0.911425
78 1848 -5.759365 -3.383608 0.062051 0.548262 -0.003628 -0.017593 -0.836114
807 1397 -3.071213 -9.090530 -0.079509 0.555837 -0.006722 -0.005989 0.831243
86 1798 8.078588 2.188911 0.044038 0.023045 -0.017258 0.038231 0.998854
69 1815 6.324933 5.950668 -0.054931 -0.261369 -0.018903 0.031100 0.964552
170 1718 8.556908 -0.242723 0.147417 0.007173 -0.014596 -0.011539 0.999801
696 1501 8.530457 2.618385 0.096763 0.723298 0.001783 -0.017973 -0.690299
699 1493 7.776749 5.031265 -0.017836 0.668860 -0.002422 -0.010680 -0.743307
743 1476 -9.089447 1.404739 -0.031433 -0.007791 -0.012886 0.011635 0.999819
48 1836 5.817730 6.146405 -0.246534 0.861464 -0.012534 0.000040 -0.507665
56 1829 4.787287 6.473042 -0.154568 0.686089 0.003004 -0.008664 -0.727460
2515 3859 0.011292 -7.953049 0.051938 0.723730 -0.017302 0.001287 0.689865
730 1470 6.309189 2.253220 -0.046823 -0.072498 -0.010622 0.027042 0.996945
756 1445 6.709541 1.713303 0.142697 0.007791 -0.012096 0.004827 0.999885
212 1671 7.025055 -0.208301 0.190325 -0.031343 -0.018944 -0.009214 0.999287
256 1607 -3.042084 -6.418027 -0.248426 0.539643 -0.000846 -0.016581 0.841730
3980 4030 8.251595 -1.303345 0.163725 0.977662 0.009858 -0.010070 -0.209712
55 1830 4.844843 6.427392 -0.175099 0.712764 -0.000654 -0.006825 -0.701370
2477 3866 9.133179 -1.316818 -0.051832 0.555584 0.005677 -0.006501 0.831415
3996 4053 7.143623 -4.092255 0.159733 0.918062 -0.006952 -0.008075 -0.396294
2513 3873 0.393066 7.221886 -0.112764 0.703627 -0.030589 -0.002181 0.709908
729 1502 -8.778343 -0.498947 0.073635 -0.115807 -0.003880 0.024679 0.992958
61 1826 4.665655 5.971403 -0.061906 0.545522 0.016590 -0.019109 -0.837714
752 1463 -7.300865 1.561035 -0.104656 -0.022308 -0.018162 0.020229 0.999381
228 1640 9.381485 0.625284 0.248234 0.041098 -0.021407 0.004626 0.998915
752 1449 6.583855 1.823868 0.078901 0.003246 -0.016554 0.015640 0.999735
699 1515 7.384125 -5.721207 0.314322 0.697233 -0.008242 -0.007544 -0.716757
723 1510 -8.104979 -3.619247 -0.020986 -0.233816 -0.008164 0.011219 0.972182
48 1845 8.559906 3.584426 -0.209854 0.946989 -0.021255 0.004304 -0.320533
2525 3876 1.638199 9.570206 0.122617 0.837335 -0.029527 -0.017963 0.545597
254 1627 -7.078644 -1.574271 -0.084359 0.220318 -0.003872 -0.014627 0.975311
737 1487 -8.995621 1.355087 -0.044730 -0.007777 -0.007526 0.010166 0.999890
775 1422 9.126236 1.182343 0.221370 -0.035624 -0.015122 0.009013 0.999210
66 1852 4.153150 -6.054688 0.145786 0.827238 0.009814 -0.010220 -0.561673
255 1605 -1.835602 -6.919721 -0.266903 0.565925 0.000298 -0.016721 0.824287
782 1416 8.619553 0.501236 0.151098 0.008324 -0.012464 0.010743 0.999830
793 1402 8.548798 -4.854759 0.075197 0.240593 -0.009738 -0.011039 0.970514
225 1672 -9.525589 -0.506491 -0.134530 -0.048700 -0.013972 -0.005419 0.998701
806 1399 -2.363434 -8.354904 -0.040072 0.533879 -0.006109 -0.004676 0.845526
703 1513 4.958206 -5.644592 0.225204 0.637137 0.000419 -0.011210 -0.770669
791 1411 6.162033 -2.510933 0.118945 0.178887 -0.012572 -0.003835 0.983782
110 1773 9.417694 1.036007 0.171990 0.037168 -0.016851 0.004565 0.999157
66 1855 5.085313 -8.072298 0.169947 0.850454 0.012623 -0.018626 -0.525567
215 1682 -7.077103 -1.246069 -0.076297 -0.047581 -0.008976 -0.022925 0.998564
735 1493 -9.762405 1.104752 -0.053844 -0.023951 -0.009111 0.018550 0.999500
89 1821 -7.016705 2.826622 -0.080863 -0.003737 -0.008163 0.037070 0.999272
743 1457 7.424850 1.690018 0.050880 0.009762 -0.012064 0.023707 0.999599
731 1468 7.254784 2.269104 -0.014667 -0.062706 -0.012198 0.023708 0.997676
702 1498 6.664963 2.005035 0.118540 0.631864 0.007600 -0.009554 -0.774983
155 1732 8.229271 0.122826 0.125627 0.000527 -0.013217 -0.003113 0.999908
88 1830 -8.691113 2.375269 -0.054814 -0.139281 -0.009579 0.025017 0.989891
102 1801 -9.515305 2.458504 -0.079907 0.024779 -0.017746 0.020503 0.999325
77 1811 5.762655 3.509506 -0.047748 -0.034881 -0.017342 0.039233 0.998470
2495 3875 -2.555237 8.845665 -0.267212 0.421035 -0.035537 -0.008109 0.906312
97 1787 7.735699 2.146225 0.131595 0.004966 -0.020726 0.017646 0.999617
797 1432 -8.558746 3.820236 -0.147837 0.340940 -0.015524 -0.020609 0.939731
69 1817 5.614728 5.542830 -0.052076 -0.266941 -0.018178 0.029964 0.963076
768 1432 7.285660 1.117813 0.129852 0.000915 -0.009881 0.002562 0.999947
42 1843 8.291372 4.882535 -0.142175 0.950569 -0.016867 0.002005 -0.310049
162 1727 6.566917 0.014244 0.105656 0.001973 -0.011213 -0.005309 0.999921
142 1743 9.651268 0.279680 0.141503 -0.004697 -0.013132 -0.003339 0.999897
808 1412 -6.643372 -2.577477 -0.001285 0.552492 -0.007783 -0.000849 0.833482
804 1402 -0.938385 -7.245972 0.007010 0.486899 -0.004092 -0.004194 0.873439
38 1832 5.752319 7.946454 -0.203534 0.845819 -0.007908 -0.005616 -0.533382
705 1495 6.113708 2.268570 0.108409 0.573637 0.010570 -0.005124 -0.819025
128 1759 6.123611 0.167454 0.121680 0.012656 -0.018074 -0.007135 0.999731
2489 3862 8.735260 -1.682549 0.128300 0.408267 -0.007542 -0.002058 0.912829
810 1408 -7.604675 -3.826660 -0.059804 0.595049 0.002372 -0.009477 0.803630
810 1418 -9.250443 0.985046 -0.003385 0.579709 -0.008999 -0.003398 0.814767
722 1506 -5.513477 -2.852386 -0.003448 -0.248281 -0.009308 0.010109 0.968590
51 1847 9.002527 2.163673 -0.169101 0.945776 -0.018701 0.001027 -0.324280
87 1835 -9.138220 1.755501 -0.080074 -0.236262 -0.004906 0.023597 0.971390
699 1506 7.440521 -0.650719 0.144773 0.696125 -0.001643 -0.013841 -0.717785
79 1847 -6.287376 -2.659561 0.053868 0.514002 -0.005094 -0.012633 -0.857681
2481 3869 6.592407 2.525674 0.056368 0.516996 -0.006399 -0.004006 0.855955
805 1425 -8.335541 3.110477 0.023925 0.490247 -0.010698 -0.002545 0.871514
222 1674 -7.768707 -0.562871 -0.127844 -0.051754 -0.013648 -0.003889 0.998559
2542 3863 -8.571411 -5.134979 -0.287981 0.730973 0.012755 -0.012721 0.682168
3995 4051 6.654427 -3.513641 0.123086 0.926061 -0.008581 -0.007165 -0.377208
55 1839 5.747095 3.628127 -0.103583 0.837234 -0.009639 -0.004225 -0.546743
703 1497 6.461945 2.104248 0.126419 0.612926 0.011223 -0.009308 -0.790006
149 1739 6.464592 0.200777 0.103772 0.003694 -0.014851 -0.004274 0.999874
800 1430 -8.508362 3.888721 -0.181727 0.395585 -0.018167 -0.015545 0.918118
102 1800 -8.760519 2.413397 -0.058330 0.024135 -0.017382 0.019962 0.999358
2496 3874 -1.956757 8.039276 -0.226872 0.424814 -0.034489 -0.005568 0.904606
254 1602 -0.480118 -7.639566 -0.300168 0.596181 0.006935 -0.015514 0.802670
116 1767 9.918320 0.402994 0.094882 0.039327 -0.012378 -0.002469 0.999147
729 1504 -9.665585 -0.756760 0.073385 -0.121153 -0.000850 0.020658 0.992419
96 1786 9.726971 2.142254 0.100494 0.005053 -0.016706 0.016667 0.999709
259 1608 -6.092056 -6.240321 -0.305264 0.526624 -0.005670 -0.018098 0.849887
2497 3874 -2.033417 8.045967 -0.213629 0.432705 -0.033597 -0.005698 0.900891
753 1445 9.609848 1.741684 0.110276 0.008662 -0.009605 0.012448 0.999839
697 1497 8.179291 4.043198 0.002745 0.702534 -0.000626 -0.013883 -0.711514
71 1812 7.222036 5.737206 -0.076766 -0.195557 -0.017513 0.032918 0.979983
701 1497 7.051987 2.751846 0.084566 0.645733 0.006035 -0.010813 -0.763463
189 1713 -8.918510 -0.619305 -0.164808 0.010532 -0.014406 -0.016566 0.999703
721 1510 -6.616191 -4.162735 0.001016 -0.272404 -0.006846 0.009981 0.962107
256 1598 -2.149841 -8.625398 -0.370329 0.641055 0.013404 -0.014232 0.767246
250 1604 3.136322 -7.113260 -0.236337 0.571723 0.001769 -0.018275 0.820241
122 1778 -9.574547 1.127941 -0.131126 0.027290 -0.016168 -0.006935 0.999473
254 1605 -0.778488 -6.949373 -0.258809 0.561663 0.001527 -0.016090 0.827208
726 1501 -6.237659 -1.061249 0.000351 -0.161548 -0.012196 0.025376 0.986463
59 1852 8.750465 -3.309421 0.164268 0.917526 0.002638 -0.007270 -0.397601
69 1853 1.851356 -7.359198 0.180587 0.788171 0.008005 -0.016442 -0.615184
2494 3861 8.066956 -2.019913 0.199504 0.388221 -0.013112 0.003182 0.921467
2540 3872 -6.769196 4.697754 0.113830 0.755585 -0.002491 -0.014011 0.654896
2487 3871 3.157379 5.319599 0.028455 0.446642 -0.023378 -0.000775 0.894407
38 1842 8.272289 5.365465 -0.122665 0.945837 -0.016369 -0.001452 -0.324226
57 1845 6.832790 0.798711 -0.001354 0.882129 -0.011989 -0.004139 -0.470837
82 1802 8.221504 2.359968 0.090582 0.029622 -0.022008 0.030948 0.998840
792 1410 5.969513 -2.981224 0.104841 0.203072 -0.010375 -0.007200 0.979082
2489 3872 1.576080 6.325485 -0.006401 0.425814 -0.025812 -0.006067 0.904422
728 1498 -6.393700 -0.296204 0.036661 -0.116541 -0.006818 0.020979 0.992941
806 1403 -3.166916 -6.715630 -0.016289 0.531499 -0.003206 -0.007864 0.847017
60 1825 4.823885 6.517023 -0.087083 0.553725 0.016448 -0.021848 -0.832250
124 1775 -8.398418 0.890289 -0.092005 0.021280 -0.016400 -0.008670 0.999601
39 1835 6.192549 7.099961 -0.183474 0.877349 -0.009672 -0.004599 -0.479733
53 1836 5.469584 5.167618 -0.181176 0.820352 -0.008900 -0.003240 -0.571781
70 1852 0.814531 -6.763584 0.169314 0.760142 0.007137 -0.013030 -0.649588
761 1439 7.574203 1.546860 0.163402 0.008205 -0.015208 0.004537 0.999840
712 1485 6.362633 3.706543 0.043946 -0.430984 -0.008150 -0.002833 0.902318
779 1419 8.509766 0.986313 0.225084 -0.023065 -0.018242 0.010825 0.999509
760 1455 -7.097679 1.831406 -0.128257 -0.002811 -0.014286 0.021743 0.999658
218 1678 -6.728516 -0.853902 -0.067572 -0.053210 -0.006440 -0.009438 0.998518
751 1449 7.527641 1.821289 0.151500 0.004393 -0.020994 0.016501 0.999634
793 1404 7.761871 -4.457932 0.086475 0.238870 -0.005615 -0.012672 0.970953
182 1721 -9.825157 -0.312857 -0.164121 0.014552 -0.011830 -0.009566 0.999778
716 1483 5.905125 2.928101 0.006995 -0.337946 -0.009493 -0.010172 0.941063
39 1831 5.503468 8.128922 -0.211587 0.834615 -0.005881 -0.004752 -0.550782
809 1412 -7.403107 -2.303787 -0.024448 0.570647 -0.007478 -0.001791 0.821160
98 1787 6.703781 2.115175 0.122553 0.007092 -0.021842 0.018234 0.999570
705 1517 2.973129 -8.554871 0.172137 0.598950 0.006387 0.006033 -0.800738
2540 3867 -7.366028 -0.626236 -0.099792 0.744214 0.009319 -0.017374 0.667650
701 1494 7.264282 3.946655 0.070960 0.639506 0.002482 -0.009419 -0.768725
258 1621 -8.270981 -3.039034 -0.204617 0.309592 -0.004058 -0.019029 0.950670
227 1643 8.757980 0.703255 0.227625 0.013847 -0.017533 0.001015 0.999750
694 1509 9.754562 -0.806099 0.314593 0.751923 -0.000904 -0.020934 -0.658918
37 1831 5.700741 8.174725 -0.202858 0.836474 -0.005522 -0.005788 -0.547949
43 1831 5.236392 7.967276 -0.233133 0.826674 -0.007121 -0.003125 -0.562627
132 1754 7.625599 0.146421 0.109556 0.006386 -0.015140 -0.004392 0.999855
2493 3861 8.365570 -1.987495 0.183305 0.386655 -0.012391 0.003806 0.922134
2498 3862 6.223206 -1.710373 0.148193 0.416401 -0.012412 0.003100 0.909091
198 1689 6.454681 -1.698299 0.103014 -0.005275 -0.017027 -0.031437 0.999347
743 1475 -8.426376 1.437302 -0.032267 -0.007530 -0.012517 0.013568 0.999801
3988 4049 8.219391 -3.792053 0.246094 0.915742 -0.005112 -0.012812 -0.401531
53 1832 5.009281 6.384889 -0.218798 0.767819 -0.007865 -0.003893 -0.640606
70 1851 0.694818 -6.088387 0.153984 0.751051 0.005970 -0.012943 -0.660090
47 1836 5.867068 6.280719 -0.248451 0.866939 -0.012758 -0.000131 -0.498250
737 1481 -6.364342 1.412064 -0.033946 -0.006334 -0.016661 0.011098 0.999780
143 1744 7.254852 0.262852 0.125365 -0.006203 -0.015276 -0.003314 0.999858
56 1844 6.778282 1.527881 -0.034820 0.885805 -0.012316 -0.001712 -0.463892
214 1665 9.723724 0.138179 0.215797 -0.023977 -0.011581 -0.014286 0.999543
3987 4044 7.190399 -2.433990 0.207021 0.943728 -0.002672 -0.009066 -0.330588
248 1599 5.573914 -8.259755 -0.323575 0.622159 0.015423 -0.016627 0.782562
259 1618 -8.250015 -3.808560 -0.269784 0.361544 -0.003318 -0.020920 0.932115
86 1833 -7.797151 2.059124 -0.085385 -0.193679 -0.006965 0.022553 0.980781
113 1787 -9.130241 1.955149 -0.119894 0.035017 -0.018435 0.001509 0.999215
62 1829 4.354752 4.865937 -0.022175 0.570441 0.013600 -0.012476 -0.821131
89 1827 -8.780191 2.526810 -0.050998 -0.094312 -0.008641 0.032666 0.994969
51 1841 6.741741 4.087081 -0.194211 0.900690 -0.017062 0.002130 -0.434122
801 1399 2.876770 -8.105344 0.010271 0.417822 -0.011290 -0.007094 0.908431
246 1616 4.765823 -4.255971 -0.080063 0.389906 0.002358 -0.023500 0.920552
177 1726 -9.820633 -0.034880 -0.095883 0.016715 -0.009212 -0.002189 0.999816
777 1420 9.067673 1.154251 0.236601 -0.033204 -0.017413 0.009879 0.999248
212 1687 -8.618240 -1.690001 -0.213156 -0.038312 -0.016468 -0.028339 0.998728
85 1828 -5.610146 2.610231 -0.052292 -0.099310 -0.013268 0.022996 0.994703
760 1454 -6.088608 1.832657 -0.114434 -0.000557 -0.013377 0.020642 0.999697
91 1816 -7.073485 2.783758 0.059180 0.012515 0.000309 0.037347 0.999224
234 1633 7.725815 -0.058686 0.214725 0.131689 -0.018032 0.001758 0.991126
768 1431 8.077850 1.121078 0.141138 -0.006509 -0.010423 0.003052 0.999920
56 1835 5.074718 4.683503 -0.116034 0.767610 -0.003983 -0.006389 -0.640873
796 1430 -6.917862 2.540596 -0.120679 0.307023 -0.014917 -0.019434 0.951386
2472 3868 9.807281 -0.538353 0.093803 0.607819 0.004713 -0.014340 0.793932
259 1615 -7.401169 -4.570159 -0.265441 0.417381 -0.002999 -0.019959 0.908507
2474 3874 7.276886 6.084183 0.206003 0.607494 -0.008071 -0.014961 0.794142
233 1658 -6.740738 0.325743 -0.153582 -0.027693 -0.018409 -0.004464 0.999437
4005 4056 7.542343 -4.217056 0.223197 0.928821 -0.007877 -0.008094 -0.370357
253 1633 -9.705582 -0.216391 -0.060569 0.147038 -0.008195 0.004206 0.989088
760 1440 7.618256 1.605515 0.145129 0.008535 -0.015702 0.003240 0.999835
56 1839 5.581688 3.349005 -0.078459 0.824837 -0.007629 -0.004977 -0.565297
167 1734 -8.105896 0.055868 -0.126690 0.002089 -0.015373 -0.007383 0.999852
742 1457 8.410919 1.634567 0.073966 0.013108 -0.013174 0.024715 0.999522
3997 4056 8.067291 -5.198120 0.222502 0.906451 -0.003078 -0.007030 -0.422241
2483 3874 3.157074 7.537439 0.070928 0.508272 -0.017473 -0.010962 0.860950
106 1777 9.092049 1.460243 0.087544 0.027305 -0.014549 0.012452 0.999444
2531 3876 -0.475204 9.520950 0.299006 0.829753 -0.006790 -0.002120 0.558087
257 1624 -8.543121 -2.269301 -0.153349 0.262066 -0.005065 -0.015912 0.964905
786 1410 9.501099 -0.856323 0.145501 0.080563 -0.007602 0.007495 0.996693
78 1805 8.677877 3.334347 -0.013534 -0.022513 -0.018416 0.041282 0.998724
775 1425 7.157700 1.052322 0.179353 -0.028241 -0.017200 0.008839 0.999414
87 1824 -6.119403 2.884493 -0.107394 -0.028421 -0.011915 0.038009 0.998802
254 1606 -0.904648 -6.716333 -0.252240 0.545671 0.001083 -0.016589 0.837834
2509 3875 -0.680420 9.474472 -0.214148 0.639484 -0.031139 -0.002320 0.768170
40 1835 6.107912 7.065448 -0.187408 0.875907 -0.009715 -0.003999 -0.482365
64 1826 4.384460 5.101293 -0.002058 -0.475778 -0.018834 0.017496 0.879190
711 1485 6.597847 4.042831 0.077772 -0.452089 -0.009945 -0.004388 0.891907
2484 3875 2.110748 8.578363 0.019707 0.499299 -0.021627 -0.011848 0.866079
172 1717 7.404732 -0.319948 0.091722 0.008796 -0.012944 -0.011542 0.999811
4004 4055 7.117371 -3.816956 0.220754 0.933158 -0.008687 -0.009589 -0.359234
703 1494 6.774094 3.276993 0.126294 0.606505 0.007718 -0.007720 -0.795005
2483 3876 2.100586 9.433628 0.059893 0.515378 -0.019872 -0.014661 0.856608
97 1786 8.735161 2.149090 0.149986 0.005505 -0.020631 0.017817 0.999613
2478 3869 7.609009 1.876171 0.007047 0.551752 -0.004642 -0.000873 0.833995
201 1685 6.992371 -1.382906 0.094412 -0.034040 -0.015252 -0.026812 0.998944
257 1596 -2.997681 -9.161115 -0.407470 0.654469 0.013719 -0.014493 0.755825
115 1771 6.324852 0.778282 0.078436 0.037162 -0.010878 -0.001741 0.999249
200 1699 -6.627853 -1.471146 -0.108715 0.015018 -0.013285 -0.019438 0.999610
242 1645 -6.822113 0.609097 -0.111683 0.017524 -0.015264 -0.001923 0.999728
2539 3870 -6.495117 2.693268 0.078546 0.757193 0.001769 -0.009116 0.653125
2504 3861 4.935699 -4.013689 0.127118 0.515935 -0.010540 0.006206 0.856541
787 1409 9.429047 -1.317551 0.142970 0.097167 -0.004618 0.005639 0.995241
2496 3875 -2.651886 8.873848 -0.275115 0.428367 -0.035483 -0.007691 0.902875
704 1515 4.024475 -7.098267 0.193330 0.619220 0.003482 -0.002913 -0.785204
203 1696 -7.045303 -1.581554 -0.112698 0.011355 -0.011912 -0.019816 0.999668
62 1827 4.525898 5.394972 -0.034362 0.539924 0.015974 -0.015879 -0.841412
2539 3871 -6.382904 3.728027 0.122856 0.758107 0.001012 -0.011190 0.652033
2487 3873 1.865570 7.024387 -0.035602 0.454293 -0.025452 -0.006540 0.890465
2483 3868 6.476349 2.045830 0.090676 0.488109 -0.007122 -0.004352 0.872743
59 1830 4.619860 5.405994 -0.073084 0.643841 0.007930 -0.012145 -0.765022
45 1838 6.413400 5.960961 -0.205994 0.897670 -0.013585 -0.000672 -0.440459
255 1630 -9.791702 -0.740491 -0.108504 0.184827 -0.004974 -0.007506 0.982730
45 1837 6.181756 6.237009 -0.217005 0.886567 -0.011876 -0.001340 -0.462447
215 1683 -8.126877 -1.366742 -0.092484 -0.051600 -0.011944 -0.024835 0.998288
258 1608 -5.093811 -6.236032 -0.281238 0.527238 -0.003129 -0.018096 0.849520
73 1815 5.444205 4.461430 -0.100989 -0.148765 -0.013705 0.034491 0.988176
3982 4041 8.708420 -2.250031 0.187531 0.947654 0.006150 -0.008615 -0.319124
199 1685 9.398026 -1.530018 0.145691 -0.024192 -0.016342 -0.028896 0.999156
2524 3860 -3.977905 -6.625137 -0.233828 0.814368 -0.012743 -0.017713 0.579938
233 1660 -8.174042 0.238475 -0.195348 -0.031670 -0.017835 -0.005610 0.999324
206 1693 -7.528229 -1.681702 -0.157765 -0.008775 -0.014138 -0.022535 0.999608
794 1407 5.912918 -4.145920 0.066041 0.251525 -0.002510 -0.009473 0.967801
729 1498 -7.090427 -0.126175 0.054107 -0.101852 -0.005790 0.019737 0.994587
89 1822 -7.318017 2.790361 -0.076307 -0.014746 -0.008206 0.037558 0.999152
707 1494 5.691986 2.041855 0.110365 0.535427 0.009089 -0.004079 -0.844523
712 1512 -0.733055 -6.250565 0.076454 -0.474629 0.000135 0.004573 0.880174
2512 3875 0.091766 9.413925 -0.164359 0.692321 -0.031656 -0.004293 0.720882
2531 3861 -5.633057 -5.766495 -0.086394 0.809141 0.019099 -0.004453 0.587288
42 1838 6.644382 6.187198 -0.164248 0.904512 -0.011368 -0.002175 -0.426291
808 1406 -5.574692 -5.151985 -0.049253 0.564809 0.000741 -0.011087 0.825146
795 1407 5.225006 -4.406204 0.046904 0.271906 -0.001970 -0.010320 0.962266
193 1708 -7.855362 -0.845715 -0.127550 0.007979 -0.017090 -0.012952 0.999738
71 1820 4.301813 4.412553 -0.063937 -0.220090 -0.014031 0.027268 0.974997
800 1429 -7.978760 3.333071 -0.160713 0.386350 -0.017913 -0.015236 0.922052
766 1434 7.366486 1.176880 0.180543 0.014825 -0.014153 0.005687 0.999774
112 1774 6.092178 1.084126 0.111409 0.036765 -0.016771 0.003968 0.999175
773 1425 8.553757 1.134125 0.190059 -0.031374 -0.015859 0.009971 0.999332
39 1842 8.158112 5.324241 -0.128774 0.945228 -0.016057 -0.000693 -0.326014
701 1500 6.862473 1.496201 0.124794 0.652857 0.007161 -0.012272 -0.757348
127 1773 -9.515865 0.569504 -0.117073 0.015170 -0.015885 -0.007501 0.999731
48 1843 7.759996 4.121505 -0.213662 0.935774 -0.019155 0.005753 -0.352033
45 1843 8.018558 4.605114 -0.187087 0.945535 -0.018836 0.003855 -0.324952
235 1631 8.022629 -0.449952 0.189165 0.154216 -0.012762 -0.003751 0.987947
3996 4055 7.867004 -4.975800 0.192867 0.906199 -0.003349 -0.006846 -0.422783
193 1695 6.371521 -1.473204 0.079810 0.022344 -0.013988 -0.024538 0.999351
2477 3870 7.509735 2.675938 0.039639 0.566065 -0.006473 -0.000087 0.824335
190 1696 8.982956 -1.390455 0.161220 0.021700 -0.016005 -0.022453 0.999384
122 1775 -6.165199 0.971905 -0.072948 0.025242 -0.016987 -0.006321 0.999517
114 1784 -7.186363 1.759382 -0.066758 0.035865 -0.017313 0.000822 0.999206
79 1810 5.238917 3.059484 -0.052786 -0.000840 -0.012641 0.036880 0.999239
251 1599 2.627884 -8.359198 -0.312030 0.629008 0.012608 -0.015918 0.777133
182 1706 8.125999 -0.727650 0.163177 0.005258 -0.013408 -0.008611 0.999859
200 1686 7.153000 -1.487373 0.093105 -0.029761 -0.013803 -0.028401 0.999058
47 1830 4.968146 7.893671 -0.295179 0.797186 -0.008741 -0.001781 -0.603668
2526 3860 -4.646927 -6.583939 -0.262533 0.819405 -0.006534 -0.017442 0.572913
118 1768 6.504223 0.519043 0.106663 0.033923 -0.015857 -0.000287 0.999299
234 1631 8.959213 -0.430645 0.239243 0.153371 -0.014179 -0.004724 0.988056
2537 3875 -4.511597 8.162857 0.382438 0.781646 -0.000580 -0.008193 0.623668
700 1512 6.845490 -4.198021 0.254261 0.685396 -0.006827 -0.014231 -0.728000
99 1786 6.705400 2.116903 0.113683 0.007718 -0.019848 0.017836 0.999614
76 1851 -4.669350 -5.604773 0.128756 0.629417 0.005548 -0.019247 -0.776809
2502 3872 -0.792145 6.442642 -0.192823 0.492265 -0.031485 0.004949 0.869862
202 1696 -5.830215 -1.563807 -0.096264 0.011777 -0.012367 -0.021193 0.999630
2534 3872 -3.500702 5.277557 0.447222 0.796799 0.014614 0.006238 0.604035
710 1518 -1.168236 -9.559494 0.050738 0.505105 0.006766 0.012370 -0.862943
51 1839 6.221447 4.685618 -0.198983 0.877067 -0.014769 0.000601 -0.480142
59 1849 7.473490 -1.801119 0.107846 0.894308 -0.004567 -0.011514 -0.447281
715 1483 6.209763 3.294266 -0.016400 -0.361633 -0.008074 -0.007727 0.932254
714 1517 -4.144890 -8.604126 0.149311 -0.424180 -0.003944 -0.006040 0.905549
809 1402 -5.897903 -6.594269 -0.116847 0.589675 -0.005837 -0.009437 0.807564
58 1850 8.292814 -1.878441 0.106914 0.912936 -0.001474 -0.008071 -0.408021
56 1847 7.806253 0.325282 -0.015938 0.908753 -0.012797 -0.005248 -0.417106
704 1512 4.441086 -5.308487 0.174488 0.622167 0.001947 -0.009866 -0.782820
3984 4037 7.040432 -1.553253 0.162870 0.963249 0.006250 -0.009615 -0.268366
54 1843 6.920019 2.554585 -0.106521 0.897408 -0.014799 0.000477 -0.440954
2516 3873 0.843994 7.041519 -0.103403 0.754298 -0.033372 -0.004291 0.655670
118 1781 -8.434238 1.454441 -0.105230 0.030880 -0.016190 -0.002067 0.999390
2490 3864 6.979248 0.106514 0.137874 0.397357 -0.014950 -0.000834 0.917542
721 1476 7.204290 3.290115 0.041777 -0.228306 -0.013684 0.004913 0.973481
3977 4028 9.711071 -1.448212 0.170857 0.977980 0.016079 -0.006835 -0.207965
42 1840 7.230799 5.689690 -0.165386 0.925106 -0.015639 -0.001516 -0.379384
56 1828 4.786528 6.762774 -0.165109 0.672105 0.004253 -0.010035 -0.740376
141 1759 -8.985573 0.108543 -0.093024 -0.004074 -0.013411 -0.005700 0.999886
2475 3869 8.546082 1.220879 0.069434 0.582429 -0.003677 -0.005566 0.812855
708 1491 5.941223 2.842926 0.108409 0.514933 0.010853 -0.002732 -0.857157
736 1465 5.986870 1.804276 -0.013869 -0.012874 -0.012551 0.018917 0.999659
699 1496 7.658112 3.805550 0.011744 0.673097 0.001404 -0.011951 -0.739456
47 1842 7.477336 4.599764 -0.223099 0.930023 -0.019186 0.004248 -0.366974
698 1503 7.850662 1.125603 0.091801 0.703369 -0.002889 -0.016118 -0.710637
743 1458 6.397987 1.703278 0.048965 0.006891 -0.010355 0.021068 0.999701
733 1464 9.398003 2.229080 0.075219 -0.036681 -0.018178 0.020109 0.998959
231 1662 -7.765533 0.175569 -0.189162 -0.033402 -0.015747 -0.006440 0.999297
253 1607 -0.113205 -6.414955 -0.202010 0.537801 0.000365 -0.014974 0.842939
706 1516 2.448105 -8.086578 0.150634 0.582428 0.006440 0.003346 -0.812850
245 1643 -8.361069 0.504583 -0.110808 0.025549 -0.013313 -0.001493 0.999584
3992 4052 7.854599 -4.427979 0.184403 0.905870 -0.008439 -0.008765 -0.423381
65 1821 5.152985 6.020103 -0.016388 -0.387017 -0.018388 0.020835 0.921654
257 1614 -5.205063 -4.791249 -0.216400 0.437610 0.001584 -0.020777 0.898923
2535 3876 -2.950409 9.373993 0.504982 0.799435 0.004548 0.000997 0.600734
48 1832 5.177723 7.279669 -0.280351 0.814324 -0.011779 -0.000886 -0.580290
63 1827 4.408371 5.117219 -0.022734 0.516838 0.016761 -0.015464 -0.855779
2541 3864 -8.078613 -3.946487 -0.260151 0.737138 0.010241 -0.013990 0.675520
249 1607 3.761322 -6.359880 -0.211344 0.529395 0.001480 -0.019768 0.848144
159 1730 6.199677 0.081575 0.148771 0.001514 -0.016943 -0.003686 0.999848
771 1427 8.667969 1.107590 0.175844 -0.026215 -0.013137 0.007253 0.999544
2523 3861 -3.285004 -5.616302 -0.167228 0.809241 -0.015066 -0.019115 0.586973
740 1459 8.268166 1.614563 0.156607 0.011309 -0.014584 0.020625 0.999617
3986 4044 7.605888 -2.534454 0.205939 0.941867 -0.001599 -0.008471 -0.335875
245 1614 6.123459 -4.770869 -0.059293 0.431197 0.000449 -0.024108 0.901936
224 1671 -7.507294 -0.354727 -0.108405 -0.042768 -0.013084 -0.004745 0.998988
120 1780 -9.563793 1.333447 -0.122762 0.033576 -0.015270 -0.002217 0.999317
41 1834 5.842666 7.302382 -0.207004 0.862439 -0.010309 -0.003502 -0.506043
257 1611 -4.592682 -5.569936 -0.239991 0.487643 -0.001329 -0.021587 0.872775
112 1771 9.596519 0.840069 0.165962 0.036833 -0.014510 0.003762 0.999209
249 1637 -8.465225 0.129593 -0.063174 0.083798 -0.015227 0.004264 0.996357
699 1511 7.427231 -3.319473 0.235974 0.699847 -0.007038 -0.014091 -0.714119
797 1399 6.579193 -7.048512 0.017140 0.326205 -0.012319 -0.012902 0.945131
710 1488 6.120491 3.302414 0.090512 -0.473321 -0.005173 -0.006644 0.880850
84 1803 5.999125 2.336746 0.057839 0.035462 -0.021020 0.032899 0.998608
84 1840 -8.128060 0.553621 -0.073647 -0.350728 -0.005229 0.011685 0.936390
89 1828 -9.035587 2.451530 -0.044929 -0.111820 -0.008264 0.030252 0.993234
56 1842 6.215731 2.293050 -0.057375 0.864065 -0.010208 -0.002336 -0.503271
47 1840 6.848990 5.175266 -0.233421 0.911780 -0.018547 0.001786 -0.410256
172 1718 6.218445 -0.289707 0.077106 0.008533 -0.011654 -0.010538 0.999840
707 1486 7.113586 5.024246 0.099387 0.527908 0.008175 -0.000680 -0.849262
54 1841 6.343437 3.272421 -0.130238 0.874939 -0.014405 -0.002070 -0.484015
765 1435 7.395813 1.265717 0.194459 0.014214 -0.015593 0.005362 0.999763
54 1845 7.601517 1.873646 -0.092065 0.911605 -0.017269 -0.000882 -0.410704
729 1501 -8.362804 -0.400818 0.075304 -0.112891 -0.005688 0.024692 0.993284
60 1847 6.347692 -1.192133 0.094483 0.864274 -0.006384 -0.012031 -0.502838
698 1501 7.847870 2.013123 0.075369 0.699730 0.001486 -0.015188 -0.714245
127 1758 8.546082 0.105879 0.161083 0.017279 -0.017597 -0.008064 0.999663
225 1645 9.855072 0.714239 0.226684 0.004596 -0.016374 -0.001742 0.999854
109 1790 -7.672926 2.114496 -0.125824 0.031507 -0.022517 0.005305 0.999236
95 1791 5.950474 2.127541 -0.027680 0.008193 -0.011605 0.018048 0.999736
795 1429 -5.873642 1.866730 -0.099606 0.276096 -0.014276 -0.017565 0.960863
198 1687 8.542938 -1.664984 0.138517 -0.015873 -0.015110 -0.030836 0.999284
731 1498 -8.621033 0.274887 -0.032653 -0.074030 -0.010082 0.020462 0.996995
92 1816 -7.994249 2.738651 0.092007 0.012264 0.001382 0.034178 0.999340
788 1414 6.441452 -1.138931 0.132602 0.104920 -0.011598 0.006541 0.994392
194 1694 6.152313 -1.547087 0.063575 0.018151 -0.013235 -0.026933 0.999385
751 1465 -8.275322 1.478256 -0.204230 -0.025107 -0.020321 0.017845 0.999319
111 1775 5.983223 1.192173 0.109426 0.032416 -0.017047 0.004936 0.999317
712 1486 6.110802 3.368118 0.052214 -0.430026 -0.006299 -0.001740 0.902793
715 1485 5.560944 2.728378 -0.006297 -0.362745 -0.005741 -0.001865 0.931869
103 1795 -5.787842 2.229250 -0.020811 0.024176 -0.010877 0.013594 0.999556
201 1698 -6.743530 -1.526697 -0.108823 0.010173 -0.012198 -0.019624 0.999681
83 1846 -9.059775 -1.674444 -0.067425 -0.463408 -0.001629 0.011376 0.886070
2487 3864 7.841400 -0.543953 0.111647 0.433697 -0.011789 0.000621 0.900982
754 1444 9.598083 1.734879 0.155027 0.007014 -0.009855 0.009410 0.999883
51 1831 4.977510 7.033707 -0.256450 0.778380 -0.008004 -0.001841 -0.627740
53 1834 5.209232 5.783827 -0.207133 0.792952 -0.009709 -0.003249 -0.609198
84 1832 -5.888837 2.180742 -0.070620 -0.172077 -0.012343 0.014765 0.984895
2472 3872 8.683746 3.587002 0.226819 0.619525 -0.003573 -0.016032 0.784806
763 1438 6.603668 1.467117 0.122077 0.008147 -0.013305 0.005079 0.999865
3990 4052 8.470062 -4.723877 0.241425 0.898502 -0.008549 -0.011178 -0.438743
180 1721 -7.294350 -0.288641 -0.051377 0.013901 -0.007570 -0.004548 0.999864
55 1824 4.842272 8.142501 -0.236685 0.634528 0.006804 -0.018167 -0.772656
72 1854 -0.938188 -8.277470 0.232715 0.742466 0.005803 -0.021893 -0.669500
49 1841 6.966981 4.516786 -0.219908 0.912764 -0.018499 0.002722 -0.408059
2534 3875 -2.621185 8.381378 0.515381 0.804469 0.009243 0.002891 0.593915
2476 3875 6.064575 7.490253 0.133860 0.591474 -0.011159 -0.012613 0.806149
772 1444 -6.462234 1.611710 -0.145275 0.034244 -0.010479 0.011085 0.999297
757 1460 -9.202019 1.616196 -0.091761 -0.019997 -0.011038 0.012525 0.999661
732 1493 -7.332687 0.708237 -0.062782 -0.050016 -0.010936 0.018936 0.998509
807 1403 -4.154587 -6.564697 -0.047234 0.552509 -0.004237 -0.009097 0.833447
196 1706 -9.319855 -0.933954 -0.190351 0.002157 -0.015209 -0.013679 0.999789
74 1855 -2.960144 -8.879889 0.212505 0.711080 0.006362 -0.024195 -0.702665
44 1841 7.363509 5.264419 -0.184593 0.931048 -0.017340 0.000556 -0.364485
782 1441 -9.703308 2.130615 -0.191278 0.085914 -0.015498 0.005051 0.996169
793 1403 8.138962 -4.659889 0.082077 0.240537 -0.007948 -0.012162 0.970531
701 1508 6.437988 -2.289658 0.197712 0.667531 0.005196 -0.014865 -0.744416
117 1781 -7.265331 1.514219 -0.059275 0.033579 -0.014530 -0.002991 0.999326
723 1477 5.681608 2.475815 0.061894 -0.191043 -0.015770 0.005929 0.981437
221 1676 -8.493301 -0.744751 -0.150932 -0.056440 -0.010256 -0.004698 0.998342
67 1819 5.390380 5.838061 -0.045468 -0.323601 -0.017549 0.024615 0.945711
49 1832 5.151090 7.125862 -0.273779 0.807300 -0.011382 -0.001208 -0.590030
704 1518 3.577026 -9.034149 0.209545 0.613690 0.003385 0.006719 -0.789511
2544 3867 -9.341919 -1.124268 -0.047585 0.722301 0.009302 -0.012571 0.691402
713 1515 -2.524933 -7.691620 0.120435 -0.449389 -0.000943 0.000152 0.893336
123 1762 8.142258 0.138559 0.141900 0.027138 -0.016231 -0.007263 0.999474
218 1660 8.672440 0.367461 0.120151 -0.021270 -0.013191 -0.002548 0.999684
91 1794 7.063038 2.356213 -0.148459 0.003606 0.000482 0.030638 0.999524
47 1845 8.664409 3.779095 -0.211169 0.950419 -0.021528 0.004084 -0.310198
248 1604 5.093170 -7.056455 -0.238823 0.566404 0.003406 -0.018822 0.823906
806 1422 -7.833450 1.767693 0.020801 0.505738 -0.009338 -0.004293 0.862627
57 1841 5.773117 2.353054 -0.044996 0.840629 -0.008867 -0.005067 -0.541516
219 1659 8.181595 0.380193 0.163674 -0.017877 -0.016230 -0.001234 0.999708
116 1768 8.729259 0.500860 0.086652 0.037127 -0.012393 -0.001372 0.999233
698 1506 7.872787 -0.325798 0.144012 0.709406 -0.002804 -0.014708 -0.704642
777 1419 9.670486 1.203156 0.249746 -0.033935 -0.018165 0.010663 0.999202
50 1833 5.234412 6.640558 -0.255403 0.811794 -0.011490 -0.001089 -0.583830
2497 3872 -0.662262 6.405853 -0.123846 0.425016 -0.031591 -0.001827 0.904633
704 1497 6.144470 1.785278 0.118933 0.596005 0.012036 -0.007445 -0.802856
736 1491 -9.826553 1.247604 -0.042211 -0.016919 -0.008911 0.017829 0.999658
58 1835 4.815783 4.148810 -0.070332 0.736549 -0.000230 -0.009965 -0.676311
2479 3875 4.641083 7.955420 0.070837 0.559934 -0.011108 -0.010710 0.828393
240 1619 9.265717 -3.486088 0.060834 0.344830 -0.002307 -0.024469 0.938343
2483 3870 5.346588 3.891371 0.089411 0.495601 -0.014201 -0.001908 0.868432
217 1665 6.073486 0.147614 0.069863 -0.025121 -0.006207 -0.007365 0.999638
752 1462 -6.322044 1.616867 -0.092842 -0.025419 -0.017696 0.022248 0.999272
2527 3861 -4.594696 -5.529251 -0.212082 0.820473 -0.004939 -0.017370 0.571400
205 1696 -9.531616 -1.620935 -0.163740 0.009733 -0.012834 -0.018306 0.999703
696 1512 9.031219 -2.930847 0.307438 0.736223 -0.009956 -0.018743 -0.676406
48 1838 6.235552 5.567562 -0.228031 0.884607 -0.014203 0.001011 -0.466121
2489 3876 -1.153107 9.659325 -0.126076 0.440923 -0.029882 -0.013870 0.896940
57 1839 5.414463 3.060313 -0.056220 0.811514 -0.006309 -0.006450 -0.584263
244 1646 -9.259674 0.589100 -0.133437 0.013585 -0.015004 -0.003100 0.999790
2521 3873 0.952576 6.704971 -0.024334 0.810672 -0.034823 -0.012975 0.584320
188 1714 -8.840492 -0.573187 -0.123167 0.015944 -0.011842 -0.017679 0.999646
705 1488 7.123581 4.933350 0.092182 0.566679 0.002996 0.002599 -0.823929
2476 3866 9.382721 -1.570038 -0.034550 0.565853 0.006311 -0.008816 0.824435
784 1439 -8.846878 2.240524 -0.128150 0.108359 -0.011324 0.002267 0.994045
205 1679 8.151321 -0.914452 0.105688 -0.040293 -0.010913 -0.012745 0.999047
2525 3874 0.804230 7.566299 0.098287 0.832856 -0.025867 -0.015638 0.552663
708 1515 1.227066 -7.692734 0.113357 0.548961 0.005483 -0.000295 -0.835830
245 1615 5.893021 -4.525212 -0.042419 0.412224 0.000409 -0.023117 0.910789
723 1474 7.490736 3.241623 0.071860 -0.193791 -0.015830 0.009932 0.980865
60 1822 5.170588 7.367755 -0.109893 0.516726 0.015744 -0.022412 -0.855712
725 1507 -8.154688 -2.338043 -0.034113 -0.194523 -0.011243 0.022588 0.980574
3988 4045 7.061516 -2.580322 0.203757 0.940725 -0.005355 -0.008662 -0.339018
172 1728 -6.256508 -0.073421 -0.028362 0.011947 -0.008155 -0.009398 0.999851
182 1707 6.996529 -0.694452 0.142954 0.008808 -0.015546 -0.008398 0.999805
130 1755 8.728321 0.111589 0.197872 0.009736 -0.018406 -0.004897 0.999771
720 1509 -5.434010 -4.077240 0.031632 -0.294072 -0.007833 0.012641 0.955668
63 1819 5.685066 7.212851 -0.054910 -0.425920 -0.018021 0.021329 0.904330
3995 4050 6.301636 -3.166962 0.115937 0.932913 -0.007256 -0.007430 -0.359952
2510 3873 -0.072357 7.339836 -0.137675 0.651313 -0.028160 0.000368 0.758287
44 1842 7.717889 5.004570 -0.176618 0.938723 -0.017504 0.001939 -0.344222
807 1401 -3.792145 -7.392014 -0.063630 0.555117 -0.006526 -0.006548 0.831721
234 1657 -6.969437 0.383677 -0.149119 -0.024570 -0.017511 -0.003581 0.999538
696 1513 9.089340 -3.525887 0.336113 0.734896 -0.010729 -0.018169 -0.677851
3978 4032 9.422020 -1.526764 0.178640 0.972476 0.013245 -0.009519 -0.232431
3984 4039 7.373699 -1.807617 0.174819 0.956424 0.007785 -0.009198 -0.291734
788 1435 -7.309311 2.296448 -0.133693 0.169191 -0.012860 -0.004632 0.985489
113 1784 -6.088440 1.763527 -0.071932 0.035208 -0.018380 0.003423 0.999205
713 1482 7.031754 4.342957 0.006881 -0.408143 -0.009566 -0.007094 0.912840
708 1484 7.351883 5.430252 0.109725 0.509229 0.011792 0.004583 -0.860539
3990 4048 7.207153 -3.228149 0.195635 0.928165 -0.005760 -0.010700 -0.371970
230 1665 -9.036270 -0.026863 -0.223285 -0.036535 -0.012426 -0.007762 0.999225
255 1629 -9.200638 -1.006961 -0.109869 0.198973 -0.005082 -0.011201 0.979928
703 1507 5.524796 -2.352905 0.177836 0.636027 0.009551 -0.012887 -0.771500
164 1723 9.294861 -0.074326 0.129498 0.002646 -0.014555 -0.002079 0.999888
61 1824 4.898197 6.509597 -0.072342 0.515961 0.017732 -0.023080 -0.856118
62 1824 4.862328 6.202897 -0.048654 -0.493301 -0.018013 0.022055 0.869393
2534 3862 -6.011429 -5.158936 0.027006 0.784698 0.032642 0.000534 0.619017
100 1783 8.734953 2.025356 0.135089 0.005019 -0.017121 0.015985 0.999713
700 1503 7.084946 0.482292 0.118447 0.675222 0.000462 -0.015008 -0.737463
61 1819 5.650620 7.904719 -0.102229 -0.473642 -0.017277 0.022906 0.880250
4000 4056 7.715637 -4.609406 0.233043 0.920346 -0.004716 -0.008076 -0.390994
2491 3863 7.397705 -0.507042 0.144279 0.388627 -0.013789 0.000988 0.921292
211 1670 9.187241 -0.130466 0.271701 -0.030890 -0.018805 -0.008910 0.999306
717 1479 7.143337 3.808014 0.030098 -0.318238 -0.011813 -0.004036 0.947929
239 1621 9.435867 -2.931342 0.077493 0.301944 -0.003320 -0.022137 0.953063
236 1656 -8.135056 0.433373 -0.129004 -0.019335 -0.014074 -0.002398 0.999711
2482 3873 4.151215 6.454166 0.093845 0.516988 -0.013525 -0.010270 0.855824
2540 3864 -7.673340 -3.823288 -0.263919 0.742670 0.010418 -0.014712 0.669416
3984 4038 7.204853 -1.670959 0.167159 0.959816 0.007103 -0.009382 -0.280384
116 1783 -8.359154 1.658075 -0.033949 0.034465 -0.014014 -0.003259 0.999302
204 1681 7.367203 -1.083879 0.087498 -0.035779 -0.008990 -0.017327 0.999169
3997 4054 7.309616 -4.296295 0.194377 0.917353 -0.005704 -0.009112 -0.397930
3999 4051 5.837311 -2.801086 0.159585 0.943831 -0.011284 -0.012006 -0.330018
717 1477 8.061607 4.514679 0.022333 -0.320659 -0.010182 -0.002758 0.947136
706 1513 3.043015 -6.287354 0.139306 0.585890 0.001322 -0.006852 -0.810361
46 1829 4.875822 8.277113 -0.304216 0.794122 -0.006962 -0.003709 -0.607708
3994 4053 7.637619 -4.486511 0.146597 0.907734 -0.007657 -0.006227 -0.419429
259 1602 -5.382507 -7.662692 -0.362545 0.596384 0.000081 -0.017086 0.802517
48 1831 5.057453 7.508181 -0.287267 0.803283 -0.009945 -0.000994 -0.595514
151 1749 -8.448334 0.130234 -0.166122 -0.003285 -0.017217 -0.004510 0.999836
75 1854 -4.028078 -7.954845 0.194087 0.683468 0.007500 -0.024828 -0.729520
748 1466 -6.187202 1.480057 -0.111756 -0.026322 -0.016553 0.014546 0.999411
152 1736 6.695572 0.154839 0.133028 0.004753 -0.014000 -0.008229 0.999857
755 1445 7.674095 1.728989 0.156380 0.007450 -0.012254 0.005808 0.999880
786 1411 9.039246 -0.786987 0.149281 0.078000 -0.010601 0.008547 0.996860
35 1835 6.621376 7.167142 -0.136569 0.879704 -0.007894 -0.006702 -0.475410
718 1511 -4.794586 -5.215851 0.069685 -0.338962 -0.000214 0.004796 0.940788
191 1709 -6.643852 -0.955938 -0.145758 -0.002155 -0.018810 -0.013207 0.999733
2479 3865 9.119507 -1.779839 -0.095762 0.533001 0.006261 -0.004302 0.846080
3985 4036 6.435131 -1.367676 0.155310 0.967869 0.004943 -0.010617 -0.251182
127 1772 -8.345753 0.541668 -0.104439 0.014536 -0.014950 -0.007480 0.999755
809 1410 -7.071228 -3.214546 -0.042626 0.576118 -0.005414 -0.006031 0.817326
734 1494 -9.356316 0.944000 -0.092147 -0.032954 -0.011416 0.017844 0.999232
259 1619 -8.556732 -3.568896 -0.264540 0.349678 -0.004672 -0.021067 0.936621
727 1499 -6.073196 -0.614670 0.009320 -0.136403 -0.009783 0.022229 0.990356
3981 4031 7.810341 -1.274750 0.160028 0.976787 0.008840 -0.010623 -0.213768
753 1447 7.657204 1.796478 0.087127 0.007669 -0.013143 0.014174 0.999784
67 1820 5.140285 5.632143 -0.043575 -0.328364 -0.016978 0.023874 0.944097
774 1424 8.519180 1.154129 0.190943 -0.032844 -0.015987 0.009394 0.999288
62 1818 5.859529 7.804683 -0.080109 -0.450713 -0.018443 0.023116 0.892179
45 1832 5.258859 7.609295 -0.261561 0.830703 -0.010943 -0.002402 -0.556603
793 1408 6.203644 -3.661072 0.085727 0.226409 -0.004161 -0.008218 0.973989
2486 3866 6.767761 0.912739 0.094459 0.446629 -0.009099 -0.003389 0.894667
703 1512 5.060928 -5.055054 0.212959 0.638633 0.001118 -0.011909 -0.769419
204 1697 -9.342529 -1.588195 -0.145072 0.013718 -0.011625 -0.017920 0.999678
698 1504 7.874313 0.663185 0.105546 0.705635 -0.004804 -0.014827 -0.708404
2482 3865 8.431488 -0.957541 0.002769 0.496750 0.001407 -0.006126 0.867871
257 1623 -8.102585 -2.514234 -0.154837 0.278169 -0.003950 -0.017350 0.960367
794 1408 5.527664 -3.940666 0.066359 0.246944 -0.003869 -0.008315 0.968986
258 1617 -6.939026 -4.049116 -0.225917 0.382651 -0.000059 -0.020062 0.923675
205 1695 -8.439514 -1.633022 -0.153227 0.005753 -0.013104 -0.020235 0.999693
2478 3865 9.357971 -2.045746 -0.093164 0.544385 0.005924 -0.003703 0.838807
48 1835 5.630421 6.410236 -0.262673 0.849828 -0.013425 -0.000330 -0.526888
202 1684 6.787689 -1.339418 0.089853 -0.034861 -0.015437 -0.024406 0.998975
748 1452 7.464348 1.794662 0.074228 0.009288 -0.015353 0.017372 0.999688
249 1602 4.377655 -7.566824 -0.284936 0.588495 0.007643 -0.018499 0.808253
101 1782 8.812666 1.954447 0.087655 0.011388 -0.013638 0.014884 0.999732
201 1686 5.957321 -1.452286 0.071509 -0.032472 -0.013432 -0.027581 0.999002
757 1443 7.682770 1.683029 0.134368 0.003026 -0.011480 0.002043 0.999928
64 1823 4.873680 5.832676 -0.012715 -0.437722 -0.019140 0.021283 0.898655
4005 4057 7.976257 -4.643646 0.247647 0.924507 -0.008160 -0.008474 -0.380984
734 1486 -6.058861 1.148209 -0.067632 -0.024100 -0.012440 0.014400 0.999528
806 1409 -4.374527 -4.363079 0.023683 0.516580 -0.000918 -0.004376 0.856228
66 1815 6.655873 7.141395 -0.026956 -0.340286 -0.020647 0.026612 0.939718
724 1471 9.108303 3.764603 0.077119 -0.173564 -0.018738 0.020333 0.984434
3984 4045 8.761295 -2.953125 0.202247 0.933157 -0.001721 -0.006170 -0.359411
105 1793 -6.150301 2.235117 -0.089362 0.028007 -0.010207 0.013185 0.999469
62 1848 5.690809 -2.419856 0.105780 0.848936 -0.002266 -0.011521 -0.528365
777 1421 8.464157 1.112976 0.218347 -0.031773 -0.016299 0.009104 0.999321
700 1491 7.657120 5.469261 -0.009740 0.652802 0.000168 -0.009151 -0.757473
740 1478 -7.475197 1.525421 -0.119391 0.001449 -0.020466 0.012532 0.999711
56 1826 4.784945 7.321150 -0.184677 0.644134 0.007153 -0.014398 -0.764744
54 1838 5.702629 4.266913 -0.139713 0.835414 -0.009471 -0.004203 -0.549525
3982 4035 7.711117 -1.483917 0.167073 0.967850 0.007528 -0.009782 -0.251227
709 1482 7.680649 5.846344 0.116817 -0.491591 -0.013653 -0.009214 0.870670
4004 4056 7.538879 -4.227997 0.231276 0.928601 -0.007784 -0.008312 -0.370905
700 1501 7.151093 1.367447 0.108354 0.671432 0.004865 -0.014228 -0.740914
733 1492 -7.765457 0.874054 -0.092801 -0.039335 -0.012584 0.017860 0.998987
2477 3875 5.591187 7.658903 0.080217 0.581394 -0.011814 -0.010539 0.813468
46 1837 6.129320 6.134663 -0.237485 0.882836 -0.012789 -0.000636 -0.469508
247 1610 5.145004 -5.731177 -0.158357 0.489478 0.000225 -0.024262 0.871678
259 1613 -6.928833 -5.072879 -0.278340 0.456616 -0.003921 -0.021433 0.889397
2544 3871 -9.153534 3.158295 0.106006 0.730809 -0.000814 -0.006830 0.682548
70 1820 4.549549 4.693834 -0.050505 -0.248743 -0.015018 0.026019 0.968104
172 1715 9.844299 -0.333677 0.130465 0.006093 -0.012403 -0.011327 0.999840
68 1822 4.472801 4.910080 -0.055569 -0.320025 -0.016996 0.025834 0.946904
726 1474 5.869812 2.458786 0.016399 -0.139635 -0.014932 0.021271 0.989862
101 1802 -9.188677 2.455717 -0.113597 0.024791 -0.019899 0.020481 0.999285
809 1400 -5.630005 -7.473152 -0.131450 0.592683 -0.007357 -0.008089 0.805361
88 1820 -5.775960 2.916868 -0.086382 0.010073 -0.010389 0.035359 0.999270
101 1798 -6.223379 2.331324 -0.063942 0.016269 -0.017532 0.018868 0.999536
2523 3875 1.491913 8.661407 -0.032628 0.827048 -0.038586 -0.016851 0.560552
244 1618 5.900421 -3.794684 -0.010173 0.358905 -0.001096 -0.023090 0.933088
195 1705 -6.873245 -0.867281 -0.114928 -0.000490 -0.013500 -0.014127 0.999809
698 1495 7.952103 4.553978 -0.020142 0.685525 -0.001849 -0.011972 -0.727949
230 1662 -6.737595 0.164922 -0.169291 -0.034349 -0.016072 -0.005617 0.999265
45 1828 4.797078 8.632089 -0.295956 0.787367 -0.004547 -0.005548 -0.616443
58 1848 7.480972 -0.906130 0.070284 0.898244 -0.008595 -0.009575 -0.439309
710 1516 -0.541756 -8.384964 0.057634 0.509064 0.008611 0.006613 -0.860660
707 1488 6.764404 4.254852 0.089591 0.530222 0.003757 0.002839 -0.847846
789 1406 9.556076 -2.444870 0.122313 0.146584 0.000122 -0.001327 0.989197
59 1835 4.671831 3.880521 -0.044677 0.719795 0.002056 -0.011510 -0.694088
769 1431 7.258835 1.091705 0.138581 -0.004986 -0.010909 0.003289 0.999923
76 1809 7.314545 3.959568 -0.030132 -0.066656 -0.017912 0.040678 0.996785
768 1447 -6.208633 1.768951 -0.102091 0.028853 -0.013242 0.012819 0.999414
73 1855 -1.875774 -8.965139 0.225718 0.730425 0.004997 -0.023339 -0.682575
39 1832 5.647881 7.914873 -0.203928 0.844811 -0.007780 -0.004819 -0.534987
3999 4057 8.221054 -5.235352 0.269775 0.911642 -0.005820 -0.009209 -0.410842
250 1635 -8.165375 0.023081 -0.080067 0.116911 -0.014339 0.004520 0.993029
257 1604 -3.642090 -7.143603 -0.294529 0.576500 0.000479 -0.016055 0.816939
67 1824 4.228814 4.759227 -0.028898 -0.369287 -0.018003 0.025068 0.928803
715 1478 8.052628 5.034546 -0.025618 -0.363270 -0.008675 -0.000807 0.931643
133 1753 7.752846 0.141146 0.112731 0.005334 -0.015924 -0.005879 0.999842
768 1433 6.472229 1.135269 0.115468 0.008955 -0.009386 0.003077 0.999911
748 1451 8.491302 1.779846 0.105498 0.010060 -0.017866 0.016370 0.999656
256 1627 -9.022263 -1.539685 -0.128634 0.222862 -0.005548 -0.013906 0.974735
695 1508 9.236649 -0.476845 0.253626 0.742177 -0.000632 -0.021060 -0.669873
175 1727 -8.725426 -0.074909 -0.111524 0.013735 -0.010232 -0.004712 0.999842
776 1425 6.486053 1.023422 0.175562 -0.026266 -0.017919 0.008649 0.999457
2502 3859 6.881653 -5.273781 0.205638 0.477770 -0.019152 0.011308 0.878204
794 1404 7.050842 -4.802650 0.065364 0.259340 -0.005414 -0.012732 0.965687
53 1831 4.925146 6.629007 -0.226387 0.755650 -0.005972 -0.004066 -0.654936
2492 3860 9.417206 -2.767273 0.189982 0.387011 -0.014677 0.002366 0.921955
725 1504 -6.781700 -1.775589 -0.034876 -0.187304 -0.009271 0.019951 0.982056
59 1827 4.730495 6.241766 -0.098349 0.603434 0.012170 -0.016863 -0.797142
3981 4036 8.333420 -1.644592 0.171937 0.963470 0.009314 -0.008748 -0.267513
90 1825 -9.113306 2.655647 0.028537 -0.061333 -0.003634 0.035475 0.997480
66 1853 4.439466 -6.725006 0.149731 0.836375 0.010417 -0.013009 -0.547904
768 1448 -7.224289 1.836548 -0.117548 0.028205 -0.014076 0.013078 0.999417
799 1403 3.442627 -6.405668 0.045591 0.369541 -0.011505 -0.012915 0.929053
95 1812 -9.043863 2.796448 -0.107667 0.031552 -0.010873 0.027001 0.999078
2491 3876 -2.181335 9.626633 -0.200734 0.421996 -0.032575 -0.012745 0.905923
2532 3862 -5.529510 -4.860947 -0.005836 0.800830 0.022542 -0.000426 0.598467
711 1481 7.666206 5.476547 0.085877 -0.451266 -0.013846 -0.008798 0.892239
707 1511 2.760712 -5.338669 0.126524 0.569541 0.004406 -0.007636 -0.821915
53 1849 9.552364 0.737564 -0.106052 0.946704 -0.013383 -0.000730 -0.321826
716 1512 -3.697598 -5.959930 0.054223 -0.384735 0.001848 0.002110 0.923023
695 1509 9.302490 -1.010765 0.281176 0.745085 -0.001857 -0.020264 -0.666659
694 1508 9.677750 -0.273659 0.287032 0.749047 0.000332 -0.021714 -0.662161
136 1764 -9.224621 0.106581 -0.090800 -0.001651 -0.009972 -0.006535 0.999927
706 1485 7.440857 5.759476 0.088388 0.547186 0.009357 0.000921 -0.836959
3989 4051 8.489761 -4.439026 0.257305 0.902801 -0.008324 -0.012291 -0.429804
764 1450 -5.770477 1.838425 -0.125075 0.017788 -0.018378 0.014664 0.999565
140 1760 -9.030403 0.105366 -0.091123 -0.004887 -0.013950 -0.006736 0.999868
2544 3865 -9.409546 -3.251999 -0.141305 0.720502 0.010721 -0.011804 0.693269
41 1837 6.476251 6.500269 -0.172478 0.895422 -0.009551 -0.003173 -0.445104
246 1644 -9.856689 0.472961 -0.120607 0.019716 -0.012492 -0.004920 0.999715
148 1750 -6.161148 0.119482 -0.075186 -0.002653 -0.014451 -0.006600 0.999870
800 1400 3.529022 -7.578529 0.021461 0.394885 -0.013763 -0.009103 0.918582
694 1505 9.492279 1.237289 0.214894 0.745913 -0.002994 -0.019588 -0.665749
77 1809 6.841909 3.585520 -0.036740 -0.042239 -0.017269 0.041170 0.998110
2485 3867 6.453094 1.553555 0.091001 0.461244 -0.008645 -0.003751 0.887223
705 1518 2.800064 -9.203720 0.169370 0.596330 0.003789 0.008520 -0.802685
259 1616 -7.648453 -4.315505 -0.271988 0.396780 -0.002286 -0.019401 0.917706
86 1832 -7.472950 2.215839 -0.085191 -0.173057 -0.008152 0.022951 0.984610
779 1420 7.906036 0.950531 0.211703 -0.022333 -0.017499 0.010033 0.999547
2485 3864 8.332825 -1.055855 0.088420 0.459226 -0.008533 -0.000818 0.888278
740 1461 6.306557 1.634918 0.123116 0.008114 -0.017919 0.019466 0.999617
243 1643 -6.530899 0.596092 -0.103794 0.029565 -0.014444 0.001158 0.999458
79 1808 6.322372 3.071091 -0.043257 -0.009055 -0.013947 0.038682 0.999113
85 1829 -5.887284 2.525133 -0.049326 -0.118261 -0.012842 0.021450 0.992668
256 1612 -3.816727 -5.326837 -0.219292 0.472269 0.000391 -0.021134 0.881201
84 1834 -6.448714 1.884293 -0.077495 -0.211564 -0.010656 0.013908 0.977207
2496 3860 8.237885 -3.044472 0.212171 0.400643 -0.016850 0.002437 0.916076
249 1639 -9.656769 0.257864 -0.074070 0.060108 -0.014220 0.002770 0.998087
74 1813 5.950183 4.321630 -0.058588 -0.112925 -0.015519 0.034691 0.992876
717 1516 -6.276897 -7.484619 0.065608 -0.356379 -0.005653 -0.008072 0.934290
2535 3872 -4.028168 5.201569 0.422085 0.789024 0.011702 0.005479 0.614227
46 1843 7.939850 4.473637 -0.209351 0.942893 -0.019606 0.004743 -0.332485
780 1419 7.957779 0.843048 0.194776 -0.014649 -0.017420 0.011531 0.999675
741 1476 -7.194633 1.494095 -0.084037 -0.002090 -0.017154 0.012646 0.999771
787 1438 -9.314651 2.827713 -0.169069 0.151205 -0.012647 -0.002162 0.988419
63 1823 4.947580 6.152617 -0.041247 -0.462474 -0.018179 0.021519 0.886186
778 1418 9.655716 1.137924 0.252383 -0.028481 -0.018543 0.011150 0.999360
3988 4047 7.623489 -3.135895 0.222956 0.929366 -0.004900 -0.010197 -0.368987
2498 3873 -1.461853 7.250519 -0.174405 0.437247 -0.032041 -0.003288 0.898764
2473 3869 9.195312 0.743233 0.108675 0.601814 -0.001087 -0.010564 0.798565
716 1514 -4.565624 -6.807587 0.063412 -0.383087 0.001122 -0.001034 0.923711
2512 3874 0.146576 8.328476 -0.135400 0.689489 -0.030073 -0.002611 0.723667
185 1704 6.632019 -0.875404 0.101246 0.006530 -0.012473 -0.016048 0.999772
110 1776 5.983456 1.248333 0.111327 0.034813 -0.017343 0.005145 0.999230
725 1473 7.121830 2.923050 0.051743 -0.156119 -0.017344 0.021457 0.987353
54 1833 5.080856 5.800966 -0.195699 0.768014 -0.007421 -0.005525 -0.640366
58 1829 4.698336 5.957482 -0.108597 0.651026 0.007062 -0.012058 -0.758927
94 1811 -7.523984 2.730238 -0.018664 0.027362 -0.006040 0.029575 0.999170
780 1422 6.112915 0.779434 0.147562 -0.010616 -0.015027 0.009205 0.999789
3993 4047 5.903954 -2.538391 0.114431 0.943769 -0.005988 -0.005016 -0.330512
2518 3875 1.535309 8.969162 -0.078375 0.788737 -0.036711 -0.011355 0.613529
247 1603 6.096176 -7.333249 -0.232696 0.577984 0.004059 -0.019722 0.815800
150 1750 -8.518600 0.151886 -0.146854 0.000037 -0.016364 -0.005531 0.999851
236 1654 -6.821503 0.485347 -0.106760 -0.018804 -0.013130 -0.002108 0.999735
3992 4048 6.541328 -2.976044 0.147720 0.934388 -0.005471 -0.008241 -0.356119
177 1710 9.704330 -0.561720 0.152945 0.006827 -0.013928 -0.001989 0.999878
717 1480 6.727917 3.496353 0.033605 -0.317486 -0.012421 -0.006602 0.948159
733 1493 -8.137970 0.844009 -0.090951 -0.039803 -0.012247 0.017789 0.998974
192 1710 -9.040497 -0.932632 -0.170857 -0.000312 -0.016544 -0.013098 0.999777
93 1793 6.075918 2.255247 -0.121772 0.005629 0.001669 0.023130 0.999715
254 1594 0.025314 -9.679277 -0.413989 0.663358 0.016785 -0.012159 0.748014
799 1404 3.133392 -6.110071 0.049037 0.367942 -0.009265 -0.013733 0.929701
787 1413 7.525620 -0.930405 0.145079 0.087750 -0.011577 0.009200 0.996033
810 1412 -8.193344 -2.003166 -0.010465 0.587992 -0.005304 -0.002082 0.808847
51 1835 5.459158 5.892755 -0.231433 0.827685 -0.011564 -0.001196 -0.561072
190 1710 -6.555367 -0.904610 -0.155581 0.001694 -0.018130 -0.012083 0.999761
771 1448 -9.595596 1.924805 -0.207937 0.034108 -0.016090 0.014773 0.999179
2481 3871 5.578552 4.392747 0.088251 0.522137 -0.008227 -0.004805 0.852809
709 1489 6.146225 3.267502 0.097905 -0.494348 -0.006858 -0.003480 0.869230
183 1718 -7.401329 -0.360809 -0.128094 0.020819 -0.014198 -0.015794 0.999558
2522 3873 0.848557 6.672104 -0.045217 0.817003 -0.036857 -0.013453 0.575297
700 1516 6.694397 -6.685760 0.332311 0.680874 -0.003751 -0.002871 -0.732386
58 1831 4.686079 5.380432 -0.096154 0.677998 0.004027 -0.010146 -0.734983
61 1821 5.296961 7.334378 -0.093896 -0.484559 -0.016500 0.021745 0.874333
708 1483 7.567032 5.814453 0.104187 0.509674 0.012408 0.007351 -0.860247
136 1762 -6.781357 0.129854 -0.069977 -0.004271 -0.012682 -0.005806 0.999893
753 1448 6.639603 1.820984 0.072364 0.007019 -0.013981 0.014414 0.999774
3984 4042 7.990559 -2.283813 0.183913 0.946991 0.001734 -0.009450 -0.321116
239 1628 6.145615 -1.277526 0.084041 0.194812 -0.008292 -0.016232 0.980671
2479 3876 4.223297 8.955030 0.079497 0.563507 -0.012454 -0.012349 0.825925
2485 3870 4.603394 4.223171 0.070835 0.470811 -0.020161 0.000407 0.882004
243 1645 -7.702560 0.630907 -0.124939 0.018973 -0.014791 -0.001840 0.999709
2544 3868 -9.288422 -0.042847 0.008485 0.723893 0.005845 -0.009268 0.689826
3984 4036 6.898853 -1.447418 0.158337 0.966607 0.005714 -0.009935 -0.256007
801 1396 3.774139 -9.141350 0.004107 0.418193 -0.011941 -0.006151 0.908259
720 1474 8.758182 4.334213 0.006752 -0.254038 -0.013123 0.009517 0.967058
245 1644 -8.962234 0.508741 -0.123082 0.021519 -0.013353 -0.003611 0.999673
37 1840 7.694595 5.901985 -0.129850 0.930127 -0.014982 -0.004081 -0.366910
198 1703 -8.392563 -1.009623 -0.157096 -0.001661 -0.016053 -0.017623 0.999714
125 1775 -9.567165 0.824236 -0.106028 0.018587 -0.016017 -0.008160 0.999665
52 1825 4.659645 8.523239 -0.304793 0.693845 0.001794 -0.013143 -0.720002
74 1854 -2.977613 -8.134592 0.211235 0.703972 0.006464 -0.022670 -0.709836
84 1799 8.896483 2.181566 0.126387 0.024110 -0.021310 0.029702 0.999041
792 1405 8.042267 -3.887230 0.099623 0.215584 -0.003161 -0.011905 0.976408
129 1756 8.624836 0.107136 0.192838 0.013059 -0.017541 -0.006310 0.999741
158 1728 9.973969 0.047310 0.196586 0.005837 -0.013997 -0.002032 0.999883
790 1436 -8.840561 3.223129 -0.137212 0.210429 -0.013339 -0.008907 0.977478
200 1685 8.188385 -1.423643 0.116679 -0.031327 -0.015622 -0.027626 0.999005
229 1663 -6.465591 0.113450 -0.150601 -0.034591 -0.013492 -0.008009 0.999278
807 1419 -7.549606 0.497711 0.003830 0.523746 -0.011176 -0.002090 0.851799
242 1644 -6.251480 0.584899 -0.103579 0.024086 -0.014956 -0.001043 0.999597
156 1730 9.728310 0.094913 0.170282 0.002823 -0.014280 -0.002933 0.999890
2539 3872 -6.231750 4.789276 0.153828 0.761184 -0.000952 -0.013873 0.648387
2485 3863 8.960358 -1.915939 0.072882 0.458560 -0.005832 -0.000689 0.888644
81 1802 8.909490 2.530071 0.046035 0.019907 -0.019539 0.030734 0.999139
206 1694 -8.584000 -1.691040 -0.173331 -0.003173 -0.013720 -0.020634 0.999688
759 1457 -8.087692 1.774551 -0.108382 -0.010356 -0.013700 0.020715 0.999638
252 1632 -8.166168 -0.441423 -0.079305 0.158045 -0.007724 0.000821 0.987401
706 1494 5.996826 2.325226 0.110437 0.553709 0.008659 -0.003782 -0.832657
68 1815 6.473930 6.360626 -0.065532 -0.288429 -0.019414 0.030767 0.956810
2497 3875 -2.713959 8.892601 -0.259625 0.436245 -0.034608 -0.007809 0.899128
698 1498 7.892181 3.313103 0.021356 0.691732 -0.001487 -0.011418 -0.722063
207 1677 7.637482 -0.668452 0.100889 -0.044266 -0.010276 -0.005516 0.998952
2540 3871 -6.902100 3.634033 0.085026 0.752483 -0.000551 -0.011304 0.658515
240 1651 -8.554596 0.590441 -0.120497 -0.006823 -0.014072 -0.005379 0.999863
212 1672 6.149460 -0.265910 0.166511 -0.034201 -0.020290 -0.008985 0.999169
151 1737 6.612030 0.163328 0.129982 0.003235 -0.015017 -0.007257 0.999856
758 1458 -8.168556 1.717850 -0.070473 -0.015335 -0.011250 0.016761 0.999679
2505 3874 -1.331940 8.389459 -0.237643 0.558644 -0.032031 -0.000094 0.828789
2508 3873 -0.395721 7.389034 -0.153512 0.614326 -0.029102 0.000175 0.788515
707 1493 5.864990 2.425674 0.110780 0.534046 0.009303 -0.004472 -0.845392
113 1786 -8.132336 1.898018 -0.105754 0.035553 -0.018326 0.001678 0.999198
178 1724 -8.577339 -0.146193 -0.049559 0.015428 -0.010020 -0.001029 0.999830
698 1494 7.976486 4.943932 -0.023847 0.683807 -0.003909 -0.011247 -0.729566
173 1728 -7.476486 -0.031696 -0.043557 0.014033 -0.008063 -0.006720 0.999847
101 1783 7.727201 1.967331 0.078208 0.008572 -0.014440 0.014505 0.999754
65 1853 5.264620 -6.427613 0.155564 0.851390 0.010860 -0.012700 -0.524266
740 1476 -6.257828 1.524323 -0.101127 -0.000956 -0.019254 0.013690 0.999720
51 1828 4.763269 7.873153 -0.282332 0.742637 -0.003692 -0.005189 -0.669665
3985 4040 7.104549 -1.866089 0.178007 0.954700 0.006235 -0.009921 -0.297341
41 1838 6.718423 6.233432 -0.160995 0.906099 -0.011313 -0.002595 -0.422908
2496 3873 -1.259338 7.226135 -0.183377 0.420629 -0.033695 -0.004146 0.906597
739 1461 7.214218 1.685989 0.110589 0.005397 -0.017153 0.021467 0.999608
2542 3870 -8.045959 2.366928 0.054146 0.740559 -0.000175 -0.006604 0.671959
243 1617 7.140793 -4.036002 0.025360 0.380469 -0.001344 -0.020900 0.924557
3985 4041 7.311535 -2.015076 0.178567 0.951773 0.003456 -0.010130 -0.306618
718 1479 6.814987 3.443939 0.009401 -0.294783 -0.011656 -0.000673 0.955493
96 1790 5.828741 2.152214 0.046416 0.004155 -0.020147 0.018140 0.999624
2485 3868 5.835327 2.444458 0.100642 0.463228 -0.012993 -0.001784 0.886142
3988 4044 6.781502 -2.349854 0.196650 0.945691 -0.004263 -0.009276 -0.324905
258 1604 -4.606720 -7.163198 -0.316240 0.575906 -0.001504 -0.016893 0.817340
4002 4053 6.353561 -3.148254 0.169108 0.940928 -0.010273 -0.010007 -0.338302
172 1730 -8.839821 -0.000751 -0.036730 0.008297 -0.010369 -0.010045 0.999861
2484 3865 7.928436 -0.422312 0.065199 0.471342 -0.004767 -0.003855 0.881929
705 1487 7.268005 5.330093 0.095062 0.565868 0.004426 0.001197 -0.824483
704 1494 6.506088 2.943726 0.123795 0.589487 0.008548 -0.005775 -0.807712
2528 3861 -4.877792 -5.531357 -0.189142 0.820379 -0.002199 -0.014571 0.571630
696 1497 8.473938 4.337723 0.019195 0.713642 -0.000052 -0.015221 -0.700345
786 1415 7.041046 -0.506760 0.125907 0.066755 -0.010708 0.009190 0.997670
2496 3861 7.493622 -2.241066 0.190687 0.400236 -0.013225 0.002611 0.916313
2479 3866 8.647308 -0.822871 -0.066890 0.533660 0.006275 -0.006230 0.845653
239 1624 8.180115 -2.207915 0.085357 0.253619 -0.006656 -0.019179 0.967091
232 1662 -8.729340 0.135520 -0.216377 -0.034799 -0.015790 -0.006725 0.999247
140 1758 -6.540947 0.132732 -0.063559 -0.002976 -0.013787 -0.007330 0.999874
2530 3876 0.025803 9.516220 0.263650 0.834951 -0.011785 -0.007014 0.550154
790 1432 -5.817886 1.850296 -0.088117 0.194412 -0.011588 -0.012361 0.980774
805 1397 -0.874542 -9.207325 -0.030022 0.513352 -0.005426 -0.003885 0.858152
77 1852 -5.739360 -6.051632 0.132509 0.621161 0.006377 -0.019972 -0.783403
105 1778 9.057365 1.587370 0.059836 0.024641 -0.012441 0.012488 0.999541
224 1650 8.057404 0.613119 0.196866 -0.011428 -0.017354 -0.001505 0.999783
3985 4038 6.743328 -1.588135 0.164858 0.961201 0.006347 -0.010077 -0.275592
737 1489 -9.843506 1.332657 -0.051738 -0.009751 -0.007797 0.010131 0.999871
4002 4054 6.754486 -3.528519 0.186278 0.935803 -0.008331 -0.009497 -0.352296
85 1833 -6.977039 2.037169 -0.050087 -0.193205 -0.008328 0.017278 0.980971
258 1620 -7.915421 -3.274811 -0.214907 0.322330 -0.003498 -0.020148 0.946407
238 1625 8.678146 -1.970242 0.101634 0.238517 -0.007441 -0.017012 0.970961
72 1852 -1.042881 -6.803432 0.191175 0.720163 0.004574 -0.014789 -0.693633
786 1412 8.543243 -0.706482 0.149845 0.073853 -0.011431 0.010137 0.997152
245 1639 -6.023087 0.348572 -0.077317 0.064268 -0.017678 0.003928 0.997768
696 1505 8.683929 0.790176 0.150755 0.730369 -0.003942 -0.016927 -0.682831
792 1431 -5.938766 1.969734 -0.112192 0.230101 -0.014390 -0.017064 0.972911
205 1693 -6.323547 -1.636974 -0.128042 -0.006325 -0.013153 -0.024245 0.999600
137 1748 9.311768 0.265106 0.167122 -0.004876 -0.015490 -0.005332 0.999854
784 1437 -7.158997 1.871124 -0.099405 0.109907 -0.011358 0.002123 0.993875
706 1490 6.623810 3.820358 0.090817 0.550828 0.007635 -0.000631 -0.834584
695 1500 8.859528 3.311783 0.104508 0.728963 0.001184 -0.018418 -0.684305
723 1472 8.826815 3.804733 0.078984 -0.193513 -0.016864 0.012919 0.980868
3990 4044 6.037300 -2.154755 0.159152 0.950195 -0.005378 -0.008037 -0.311504
50 1835 5.507449 6.083072 -0.243385 0.836216 -0.012243 -0.000722 -0.548263
2513 3874 0.375763 8.293602 -0.137847 0.706893 -0.031774 -0.003237 0.706599
701 1489 7.655304 5.940994 0.011518 0.635483 -0.001916 -0.004343 -0.772100
59 1820 5.402798 8.264733 -0.157048 0.522409 0.013671 -0.022535 -0.852288
75 1815 4.730800 3.820156 -0.037871 -0.092798 -0.016337 0.035118 0.994931
