idx1 idx2 t_1 t_2 t_3 q_1 q_2 q_3 q_4
247 1077 10.526398 0.601431 0.203276 0.999771 -0.001715 0.000611 0.021325
163 981 -11.731216 0.058510 -0.195732 0.999999 0.000224 -0.000844 -0.001504
9 850 10.875759 0.179626 0.211649 0.999996 -0.000102 -0.001013 0.002593
228 1060 10.653305 -0.097441 0.222472 0.999896 -0.000909 -0.005129 -0.013448
91 911 -11.680222 0.449481 -0.172464 0.999830 0.003216 0.000477 0.018155
237 1042 -11.567444 -0.338559 -0.127188 0.999834 -0.000473 -0.002356 0.018067
44 883 11.895805 0.044662 0.221899 0.999977 0.000848 -0.000418 0.006674
243 1048 -11.925827 -0.278633 -0.180178 0.999767 0.001614 -0.000850 0.021511
8 849 10.763916 0.196904 0.204444 0.999993 0.000496 -0.000399 0.003649
15 856 11.793856 0.101146 0.224166 1.000000 0.000222 0.000051 -0.000779
310 1099 -10.050568 4.751160 -0.580808 0.539389 0.015583 -0.024436 -0.841558
201 1010 -10.494415 -0.085649 -0.177447 0.999978 0.003188 0.002733 -0.005022
232 1065 11.991943 -0.015565 0.158440 0.999980 0.004280 -0.000097 -0.004680
258 1089 11.591492 0.798470 0.266432 0.999823 -0.007470 -0.005391 0.016382
280 1079 -11.462067 2.566765 -0.229474 0.990786 0.002963 0.000083 -0.135408
93 934 11.631439 1.745935 0.177454 0.999944 -0.007697 -0.001261 -0.007232
255 1084 9.972961 0.727516 0.164543 0.999799 -0.000268 0.001993 0.019951
230 1035 -11.083557 -0.249077 -0.069121 0.999962 0.000881 0.004523 0.007346
176 1009 10.153305 0.197090 0.215700 0.999962 0.001368 0.002152 0.008347
110 950 11.038834 0.181797 0.169571 0.999894 0.010749 -0.000359 -0.009781
238 1045 -10.056213 -0.224659 -0.104505 0.999824 0.000284 0.001061 0.018758
112 934 -11.905876 1.371181 -0.227443 0.999665 -0.004383 -0.006201 -0.024732
260 1091 11.567169 0.710656 0.296903 0.999890 -0.009479 -0.006896 0.009083
134 972 11.936646 0.438394 0.235912 0.999986 -0.001859 -0.000275 0.005038
226 1059 11.411240 -0.100288 0.202831 0.999903 0.000740 -0.003702 -0.013455
170 988 -10.400986 -0.125227 -0.188151 0.999990 0.002027 -0.002167 0.003235
218 1023 -10.946762 -0.214346 -0.114438 0.999827 -0.002707 0.000273 0.018387
114 937 -10.839821 1.183321 -0.199825 0.999335 -0.010767 -0.005100 -0.034445
139 960 -11.673004 0.183901 -0.156626 0.999996 0.002572 -0.001187 0.000316
4 845 10.173702 0.108422 0.194731 0.999996 0.000490 -0.000404 0.002697
177 993 -11.393341 -0.075555 -0.205962 0.999992 0.000558 -0.000804 0.003997
257 1087 10.776855 0.771267 0.222859 0.999817 -0.004773 -0.003760 0.018164
167 1001 10.630356 0.067847 0.224022 0.999998 0.001463 -0.001112 0.000770
60 880 -11.044159 0.034456 -0.177568 0.999992 0.003898 0.000262 -0.000669
64 902 10.212769 0.002738 0.197029 0.999985 0.001686 -0.001719 -0.004903
131 968 10.012024 0.315090 0.191441 0.999987 -0.001426 -0.002179 0.004462
282 1080 -11.391174 3.143929 -0.273322 0.984888 0.004041 -0.002044 -0.173135
101 923 -10.896133 1.524794 -0.150197 0.999840 -0.003420 -0.002793 0.017344
248 1055 -10.373108 -0.069693 -0.168082 0.999888 -0.000054 -0.002924 0.014692
292 1086 -9.604065 5.356033 -0.388435 0.912207 -0.005394 -0.009806 -0.409576
309 1099 -9.850151 4.116608 -0.565556 0.566349 0.015654 -0.023920 -0.823669
245 1052 -10.332916 -0.138079 -0.168863 0.999840 -0.000907 -0.001931 0.017782
56 876 -11.366634 -0.138650 -0.192871 0.999996 0.000449 -0.000774 0.002822
229 1035 -10.270584 -0.168237 -0.120908 0.999988 0.000031 0.002152 0.004478
89 929 10.558876 1.873933 0.144826 0.999770 -0.011308 -0.001558 0.018139
227 1060 11.476837 -0.111111 0.248870 0.999892 0.000133 -0.005649 -0.013543
211 1044 10.073349 -0.149260 0.191211 0.999964 0.003657 -0.004930 -0.005913
25 848 -10.926119 0.068909 -0.174474 0.999995 0.000288 -0.000265 -0.003169
22 862 11.325464 -0.020190 0.200209 0.999985 0.001937 0.000647 -0.005042
40 878 10.403412 -0.052621 0.199984 0.999990 0.000192 -0.000872 0.004306
13 853 10.186028 0.103522 0.187232 0.999998 0.000215 -0.000383 -0.001882
251 1082 11.650269 0.765171 0.196120 0.999716 -0.001859 0.001341 0.023719
30 852 -11.531590 0.012228 -0.178109 0.999998 -0.000754 -0.000210 -0.001988
268 1098 11.179199 0.328006 0.293246 0.999932 -0.009121 -0.000538 -0.007186
67 886 -11.855789 -0.193951 -0.208829 0.999879 0.002184 -0.000485 0.015382
175 1009 11.215363 0.193254 0.245693 0.999966 0.001197 0.001748 0.008006
40 861 -11.580349 -0.158132 -0.288501 0.999972 0.003406 -0.006401 -0.001933
11 852 11.196150 0.117654 0.204384 0.999999 -0.000738 -0.000373 -0.001010
178 1011 10.182556 0.225614 0.212351 0.999924 0.000345 0.001562 0.012199
205 1041 11.888428 -0.328604 0.220730 0.999874 0.000836 -0.004053 -0.015323
264 1094 10.881866 0.539238 0.302753 0.999926 -0.010904 -0.005280 -0.001432
304 1092 -8.178161 6.929504 -0.485901 0.693882 0.002508 -0.017706 -0.719867
146 967 -10.386597 0.352001 -0.152271 0.999997 0.001583 -0.001186 -0.001383
221 1025 -11.608673 -0.208088 -0.115827 0.999879 -0.000423 0.001815 0.015433
308 1099 -9.594734 3.535797 -0.535414 0.592894 0.015322 -0.022920 -0.804808
108 931 -10.439667 1.515740 -0.185110 0.999852 -0.001114 -0.006029 -0.016085
208 1014 -11.337067 -0.275514 -0.208280 0.999963 -0.000117 0.002648 0.008198
242 1072 10.110168 0.361864 0.182810 0.999878 0.002686 -0.002098 0.015284
273 1075 -11.509827 1.051713 -0.178872 0.999183 -0.001156 0.000225 -0.040400
85 926 11.840492 1.766198 0.123879 0.999321 -0.010393 0.001917 0.035287
68 888 -10.549347 -0.180273 -0.150016 0.999826 0.000641 0.001077 0.018588
15 839 -11.171246 0.011905 -0.184114 0.999999 0.001013 -0.001185 0.000222
300 1090 -8.403587 6.570099 -0.401492 0.782609 -0.001551 -0.013439 -0.622367
156 991 10.668716 -0.014891 0.209296 0.999965 0.002512 -0.000074 -0.008011
137 959 -10.540985 0.189348 -0.139799 0.999995 0.002305 -0.001947 -0.000597
76 896 -10.245186 -0.102195 -0.130320 0.999784 -0.000515 0.007137 0.019495
55 875 -11.444927 -0.122412 -0.200426 0.999998 0.000526 -0.000867 0.001505
160 979 -10.848495 0.185503 -0.190015 0.999980 0.001936 0.000377 -0.006033
306 1092 -8.096386 7.941559 -0.576688 0.643857 0.006889 -0.020884 -0.764830
258 1064 -10.899689 0.261467 -0.228904 0.999987 0.000401 -0.004990 -0.000765
87 927 10.618546 1.816889 0.134729 0.999453 -0.011639 -0.000413 0.030940
18 858 10.886131 0.050894 0.194282 0.999992 0.000218 -0.000070 -0.003986
227 1031 -11.671021 -0.155167 -0.229095 0.999987 -0.000901 -0.000869 0.004911
28 867 10.709908 -0.093887 0.184377 0.999993 -0.000474 0.001990 -0.003149
169 1003 10.866913 0.112487 0.233529 0.999991 0.002135 0.000208 0.003498
225 1030 -10.803085 -0.162248 -0.097679 0.999966 -0.003053 0.003796 0.006656
196 1007 -10.298035 0.051958 -0.214598 0.999896 0.002611 0.001100 -0.014177
200 1009 -10.913391 -0.033595 -0.184294 0.999946 0.003161 0.003118 -0.009385
231 1036 -11.151001 -0.273438 -0.081669 0.999939 0.001037 0.002565 0.010680
21 845 -10.196272 0.037592 -0.138063 0.999999 0.000648 0.000083 -0.000802
257 1064 -10.053284 0.224235 -0.186781 0.999991 0.001311 -0.003985 0.001027
77 897 -10.327278 -0.084392 -0.152861 0.999783 -0.001978 0.004730 0.020168
218 1022 -11.734207 -0.244783 -0.126473 0.999775 -0.002903 0.000918 0.020987
83 903 -10.731438 -0.043990 -0.106795 0.999808 -0.002339 0.002507 0.019296
189 1002 -10.999496 0.162181 -0.229988 0.999914 0.001196 -0.002264 -0.012894
213 1018 -11.275894 -0.341461 -0.191723 0.999780 0.000568 0.003502 0.020659
71 910 10.660950 0.228229 0.195880 0.999972 0.003973 0.001163 0.006267
54 892 10.899605 0.070063 0.209173 0.999995 -0.003160 0.000229 -0.000731
234 1065 10.295746 0.053030 0.192098 0.999993 0.001231 -0.002801 -0.002314
80 900 -10.543686 -0.061148 -0.199398 0.999832 -0.001625 -0.003404 0.017961
148 969 -10.003632 0.324988 -0.128228 1.000000 0.000487 0.000627 0.000078
308 1094 -8.400932 7.370361 -0.626842 0.590371 0.010620 -0.023195 -0.806729
105 946 11.938049 0.402896 0.149995 0.999599 0.009605 -0.000340 -0.026637
252 1059 -10.356384 0.084639 -0.141232 0.999970 -0.001590 -0.002473 0.007174
39 878 11.625282 -0.067457 0.185691 0.999993 0.000032 0.000708 0.003613
87 907 -11.119324 0.167317 -0.155873 0.999818 -0.001979 0.001026 0.018936
162 997 11.380859 -0.034437 0.218639 0.999977 0.001821 -0.000622 -0.006426
296 1089 -8.547104 5.402222 -0.346961 0.854281 -0.003274 -0.011280 -0.519678
51 889 10.815990 0.049731 0.210085 0.999994 -0.003086 -0.000796 0.001616
53 891 10.902794 0.064372 0.193777 0.999986 -0.004942 0.001582 0.000999
97 918 -11.513153 1.061231 -0.177054 0.999711 0.002989 -0.003299 0.023640
76 916 11.292946 0.641190 0.189073 0.999611 0.004458 -0.001792 0.027480
209 1016 -10.191345 -0.267832 -0.177152 0.999921 -0.000054 0.003947 0.011893
210 1044 10.765717 -0.181167 0.207879 0.999951 0.003515 -0.005229 -0.007621
244 1051 -10.305481 -0.182037 -0.161424 0.999812 -0.001372 -0.003002 0.019123
260 1066 -10.749512 0.363931 -0.239056 0.999965 0.000663 -0.005164 -0.006603
170 1004 10.942200 0.106953 0.241604 0.999988 0.002709 0.001402 0.003754
219 1024 -10.907257 -0.199809 -0.111027 0.999855 -0.002158 0.000660 0.016857
72 892 -10.288712 -0.152646 -0.136173 0.999853 -0.001111 0.004501 0.016516
48 869 -10.754147 -0.179157 -0.154021 0.999998 0.001999 -0.000298 -0.000505
190 1026 11.602280 -0.035300 0.262744 0.999931 -0.000575 -0.002302 -0.011550
133 955 -11.214783 0.129768 -0.202522 0.999984 0.002604 -0.004951 0.000056
145 981 10.761902 0.304359 0.187542 0.999981 0.000450 0.000600 -0.006056
134 971 10.535660 0.417749 0.212338 0.999975 -0.001620 -0.000376 0.006959
63 883 -10.852180 -0.146189 -0.162119 0.999962 0.005038 0.000116 0.007156
36 875 11.431980 -0.100591 0.115367 0.999990 -0.001262 0.004210 -0.000473
40 879 11.698166 -0.044200 0.224745 0.999988 0.000080 -0.000801 0.004807
73 913 11.465912 0.405576 0.235850 0.999799 0.004891 -0.004899 0.018797
306 1093 -8.224190 7.132446 -0.551310 0.643360 0.007223 -0.020156 -0.765264
187 1001 -10.591583 0.177578 -0.236340 0.999932 0.000293 -0.003365 -0.011169
258 1065 -10.020142 0.262408 -0.208428 0.999988 0.000836 -0.004733 -0.000909
95 916 -11.214424 0.830611 -0.183007 0.999783 0.002605 -0.003790 0.020325
307 1092 -7.991184 8.457764 -0.631536 0.617676 0.008361 -0.022873 -0.786056
220 1024 -11.611786 -0.197398 -0.121417 0.999855 -0.001622 0.000845 0.016926
10 835 -10.644885 0.026623 -0.171051 0.999999 0.000172 -0.000791 0.000927
78 917 10.054497 0.741079 0.195410 0.999407 0.003309 -0.002385 0.034188
304 1090 -8.126780 8.554901 -0.543577 0.695393 0.003975 -0.018437 -0.718383
1 843 11.055416 0.078277 0.207609 0.999998 0.000913 0.000173 0.001941
283 1082 -10.066589 2.942268 -0.263062 0.981381 0.004027 -0.002580 -0.192013
185 1020 11.348907 0.185965 0.282657 0.999964 -0.002068 -0.000977 0.008214
265 1096 11.749573 0.494666 0.330873 0.999947 -0.009661 -0.003072 -0.001770
214 1048 11.082901 -0.052588 0.223300 0.999969 0.002077 -0.002857 -0.006962
124 963 11.677094 0.208852 0.218870 0.999987 -0.000252 0.000608 0.005022
175 991 -11.948883 -0.092061 -0.230709 0.999990 0.001094 -0.001835 0.003994
240 1046 -11.010376 -0.254368 -0.172932 0.999773 0.001050 0.001525 0.021241
219 1053 11.561829 -0.050747 0.170250 0.999948 0.003207 0.000371 -0.009700
113 936 -10.783051 1.294288 -0.208953 0.999479 -0.007341 -0.005805 -0.030897
188 1023 10.988983 0.094405 0.263110 0.999982 -0.003647 -0.004535 -0.001273
262 1093 11.615967 0.653377 0.318176 0.999909 -0.011229 -0.006664 0.003493
229 1034 -10.975845 -0.173653 -0.131339 0.999985 0.000167 0.003456 0.004187
297 1088 -8.927681 6.672119 -0.383012 0.837003 -0.001197 -0.011313 -0.547079
80 920 10.965485 1.068288 0.238845 0.998949 -0.000791 -0.002508 0.045763
270 1100 11.438446 0.113521 0.243929 0.999899 -0.006386 0.002385 -0.012476
223 1055 10.283340 -0.056130 0.086090 0.999950 0.001068 0.001302 -0.009857
308 1092 -7.921112 8.925781 -0.674122 0.591203 0.009343 -0.024343 -0.806101
216 1022 -10.278809 -0.263304 -0.133982 0.999765 -0.002458 -0.000240 0.021545
181 996 -11.507126 0.079308 -0.265603 0.999986 -0.000672 -0.003641 -0.003769
195 1030 10.747086 -0.197982 0.260671 0.999787 0.000576 -0.002784 -0.020432
289 1085 -9.640503 4.333832 -0.300945 0.943824 0.000398 -0.005370 -0.330403
45 884 11.907890 0.021419 0.217290 0.999988 0.001019 0.000182 0.004797
78 897 -11.470314 -0.098563 -0.186767 0.999773 -0.002360 0.004018 0.020793
203 1039 11.743149 -0.343819 0.204048 0.999811 0.001767 -0.002958 -0.019159
309 1098 -9.555992 4.886719 -0.577241 0.565611 0.014980 -0.023633 -0.824197
193 1028 10.753036 -0.148126 0.262438 0.999846 0.000667 -0.002887 -0.017278
310 1096 -9.045952 6.934448 -0.622956 0.538136 0.013290 -0.024238 -0.842405
189 1025 11.664078 0.039307 0.276738 0.999971 -0.001621 -0.003330 -0.006663
155 991 11.926041 -0.078678 0.218646 0.999930 0.002472 0.000595 -0.011544
75 895 -10.264938 -0.112293 -0.128453 0.999807 -0.000439 0.006501 0.018514
21 861 11.217098 0.006079 0.189999 0.999991 0.001092 0.000859 -0.003870
298 1090 -8.332733 5.632324 -0.333229 0.819383 -0.002736 -0.011025 -0.573134
177 994 -10.035263 -0.062663 -0.180351 0.999999 0.000440 -0.000929 0.001345
21 844 -11.552911 0.025821 -0.163624 0.999999 0.000471 0.000154 -0.001165
152 972 -10.821426 0.367454 -0.227767 0.999993 -0.001476 -0.001990 -0.002748
87 908 -10.058029 0.210628 -0.141360 0.999849 -0.001439 0.001613 0.017253
127 949 -11.921631 0.211666 -0.111214 0.999910 0.004804 0.002451 -0.012267
240 1072 11.758026 0.318264 0.217638 0.999913 0.002145 -0.002452 0.012762
244 1075 11.248474 0.526571 0.209750 0.999785 -0.000568 -0.000168 0.020712
74 893 -11.467804 -0.139499 -0.148802 0.999799 0.000165 0.003264 0.019796
166 984 -11.199799 -0.025282 -0.197867 0.999999 0.000200 -0.001147 -0.001200
126 949 -10.688004 0.210715 -0.085226 0.999902 0.004479 0.002582 -0.012993
155 975 -10.309113 0.314322 -0.153869 0.999981 -0.000761 -0.000617 -0.006077
309 1094 -8.409164 7.865448 -0.652124 0.563766 0.010947 -0.024038 -0.825512
14 855 11.666191 0.110865 0.217022 0.999998 0.000616 0.000735 -0.001697
23 846 -11.220804 0.068014 -0.185070 0.999998 0.000160 -0.001203 -0.001619
230 1034 -11.788803 -0.258521 -0.076213 0.999957 0.001012 0.005828 0.007056
223 1057 11.976425 -0.087240 0.099530 0.999933 -0.000116 -0.000977 -0.011551
197 1033 11.552505 -0.272404 0.227904 0.999715 0.001703 0.000589 -0.023819
94 934 10.411362 1.687220 0.168707 0.999921 -0.007668 -0.001772 -0.009845
88 909 -10.163872 0.243136 -0.150813 0.999811 -0.000322 0.001727 0.019336
51 872 -10.528030 -0.125322 -0.159922 0.999995 0.002741 0.001208 0.001242
260 1065 -11.674835 0.366078 -0.259473 0.999964 0.000503 -0.005551 -0.006400
223 1029 -10.048248 -0.163188 -0.059086 0.999955 -0.002009 0.004927 0.007826
243 1073 10.171844 0.420351 0.181485 0.999859 0.001478 -0.001598 0.016648
108 930 -11.591866 1.556577 -0.216216 0.999927 -0.002188 -0.005915 -0.010295
104 927 -10.043327 1.642646 -0.143050 0.999985 -0.004308 -0.002445 0.002450
169 986 -11.978348 -0.114759 -0.223984 0.999997 0.001602 -0.000815 0.001550
63 902 11.400887 -0.055385 0.277526 0.999963 0.002367 -0.004097 -0.007199
22 861 9.999529 -0.009158 0.178023 0.999990 0.001484 0.000516 -0.004115
219 1023 -11.679916 -0.227186 -0.122885 0.999815 -0.002975 0.000339 0.018991
228 1061 11.573563 -0.116545 0.240250 0.999894 -0.000787 -0.005336 -0.013549
174 1008 11.213120 0.187491 0.260200 0.999969 0.000936 0.001188 0.007749
194 1029 10.739487 -0.166690 0.267007 0.999815 0.000745 -0.003135 -0.018978
271 1074 -11.261047 0.776598 -0.165391 0.999656 -0.001752 -0.000754 -0.026138
308 1100 -9.820282 2.809692 -0.518110 0.593863 0.016262 -0.023376 -0.804062
310 1097 -9.380646 6.212708 -0.607190 0.539095 0.014196 -0.024051 -0.841782
114 954 11.496231 0.143833 0.210101 0.999964 0.003043 -0.007119 -0.003363
124 962 10.201950 0.193835 0.196149 0.999994 0.000011 -0.000142 0.003545
308 1095 -8.641640 6.605865 -0.604587 0.591095 0.011858 -0.023057 -0.806185
6 831 -11.299948 -0.097934 -0.140148 0.999990 0.002611 0.000042 0.003499
147 983 11.005371 0.179614 0.190641 0.999937 0.000110 0.000164 -0.011177
116 956 11.735855 0.160997 0.225238 0.999960 -0.000072 -0.008842 -0.000869
120 943 -10.976440 0.663179 -0.182847 0.999501 -0.003236 -0.005142 -0.031010
212 1018 -10.589355 -0.322505 -0.177009 0.999803 0.000460 0.003847 0.019463
89 930 11.721947 1.905672 0.159651 0.999838 -0.010787 -0.001950 0.014270
204 1011 -11.575897 -0.160090 -0.202116 0.999993 0.002627 0.002551 0.000032
305 1092 -8.127463 7.454681 -0.533827 0.669185 0.004695 -0.019441 -0.742827
14 838 -11.300547 0.020422 -0.181485 0.999999 0.000987 -0.000652 -0.000239
30 853 -10.175421 0.014811 -0.152054 0.999997 -0.000886 -0.000335 -0.002258
99 939 10.435120 1.158280 0.150464 0.999340 -0.009104 0.000007 -0.035169
162 980 -11.923767 0.090284 -0.186644 0.999995 0.001326 0.000836 -0.002915
241 1046 -11.816223 -0.277706 -0.188260 0.999749 0.001742 0.001499 0.022258
206 1012 -11.946564 -0.216160 -0.221207 0.999989 0.001221 0.001722 0.004129
270 1099 10.678284 0.133403 0.231256 0.999878 -0.007321 0.001869 -0.013679
244 1049 -11.940125 -0.269724 -0.186912 0.999779 -0.000754 -0.003445 0.020716
143 979 10.501923 0.345938 0.201476 0.999990 0.001115 0.001817 -0.004017
295 1088 -8.883392 5.638382 -0.388371 0.869823 -0.004271 -0.012245 -0.493192
31 870 10.971386 -0.164437 0.166120 0.999967 -0.001634 0.006956 -0.003940
256 1086 10.806610 0.783995 0.193526 0.999809 -0.003163 -0.001329 0.019230
299 1089 -8.608398 6.903198 -0.404354 0.801855 -0.001524 -0.012600 -0.597383
208 1015 -10.427155 -0.243097 -0.190673 0.999951 0.000052 0.003512 0.009248
36 858 -10.701916 -0.058280 -0.185940 0.999987 0.000746 -0.001403 -0.004841
203 1037 10.207397 -0.295565 0.172668 0.999814 0.000990 -0.003030 -0.019034
196 1030 10.015778 -0.185067 0.226560 0.999801 0.000816 -0.001896 -0.019862
206 1042 11.974152 -0.315604 0.233972 0.999881 0.000569 -0.005777 -0.014313
182 1015 10.037827 0.215459 0.249860 0.999958 -0.001223 0.001045 0.009064
191 1003 -11.346390 0.223678 -0.235649 0.999869 0.002491 -0.001039 -0.015950
302 1092 -8.142509 5.969025 -0.391668 0.739691 -0.001187 -0.014329 -0.672792
245 1076 11.294952 0.570362 0.212841 0.999799 -0.001379 0.000515 0.020015
250 1081 11.577942 0.757277 0.207734 0.999730 -0.001697 0.000784 0.023173
70 909 10.759941 0.165514 0.208884 0.999984 0.003043 0.000809 0.004679
237 1043 -10.818558 -0.281885 -0.115760 0.999825 0.001468 -0.003095 0.018418
174 991 -10.852600 -0.092844 -0.219697 0.999987 0.000933 -0.002448 0.004405
288 1084 -10.107254 4.363159 -0.321045 0.952042 0.001636 -0.004779 -0.305925
222 1054 10.190735 -0.067207 0.114708 0.999941 0.004322 0.001607 -0.009843
222 1056 11.853333 -0.093621 0.129597 0.999927 0.002400 -0.001268 -0.011778
96 917 -11.354935 0.934533 -0.180164 0.999734 0.002814 -0.003309 0.022648
72 912 11.620491 0.335951 0.231537 0.999886 0.004794 -0.002642 0.014101
227 1032 -10.897827 -0.143068 -0.216597 0.999990 -0.000857 -0.000091 0.004328
235 1040 -11.457260 -0.325343 -0.181610 0.999872 -0.002488 -0.002453 0.015615
49 887 10.810909 0.058840 0.214795 0.999968 -0.001410 -0.001306 0.007758
246 1076 10.468719 0.575832 0.193056 0.999795 -0.001740 0.000701 0.020173
176 992 -11.675049 -0.091424 -0.214354 0.999989 0.001005 -0.001328 0.004375
71 891 -10.323227 -0.154486 -0.109178 0.999836 -0.002443 0.006165 0.016834
24 847 -11.068092 0.042679 -0.184939 0.999999 0.000505 -0.000871 -0.001424
106 929 -10.258888 1.583062 -0.168428 0.999967 -0.002676 -0.004041 -0.006565
246 1077 11.379669 0.615726 0.207709 0.999764 -0.001735 0.000902 0.021614
221 1055 11.773529 -0.075856 0.156246 0.999936 0.003470 -0.000859 -0.010723
19 859 10.971046 0.020985 0.203256 0.999987 0.000372 -0.000014 -0.005186
231 1035 -11.886276 -0.301515 -0.083666 0.999947 0.001567 0.004338 0.009245
53 874 -10.336037 -0.113906 -0.154441 0.999995 0.000719 0.000815 0.003088
290 1084 -10.515015 5.402893 -0.333050 0.934346 0.001358 -0.004761 -0.356333
183 998 -10.801010 0.138651 -0.240687 0.999973 -0.000082 -0.003370 -0.006545
217 1050 10.531937 -0.019269 0.156553 0.999975 0.000206 -0.002817 -0.006498
167 1002 11.958817 0.058330 0.253776 0.999997 0.001982 -0.000460 0.001253
284 1081 -11.259003 3.738266 -0.306962 0.976503 0.003961 -0.003611 -0.215437
300 1091 -8.221428 5.789124 -0.370539 0.782100 -0.002500 -0.013243 -0.623007
255 1061 -11.117249 0.145041 -0.163394 0.999988 -0.000125 -0.002771 0.004159
139 961 -10.186752 0.178470 -0.132818 0.999997 0.002104 -0.000582 0.001119
266 1070 -11.581177 0.544699 -0.245786 0.999883 -0.000560 -0.004810 -0.014511
307 1095 -8.555958 6.095184 -0.558665 0.617568 0.010832 -0.021503 -0.786149
68 887 -11.766823 -0.239757 -0.171251 0.999819 0.001819 0.001037 0.018921
41 880 11.769653 -0.024650 0.243932 0.999982 -0.000786 -0.001738 0.005660
61 881 -10.976627 -0.024003 -0.190851 0.999989 0.004599 -0.000325 0.000882
190 1002 -11.829712 0.219821 -0.241178 0.999881 0.001543 -0.001798 -0.015272
64 884 -10.829712 -0.165831 -0.125367 0.999942 0.004727 0.003214 0.009092
3 844 10.013981 0.082455 0.194266 0.999998 0.000554 -0.000574 0.001976
175 1008 10.117630 0.170022 0.222154 0.999971 0.001100 0.001801 0.007338
248 1078 10.589325 0.640142 0.203861 0.999748 -0.002077 0.000711 0.022340
290 1085 -9.875092 4.845154 -0.309078 0.934539 -0.000265 -0.005303 -0.355820
188 1024 11.762009 0.090496 0.282601 0.999981 -0.002813 -0.004233 -0.003403
57 878 -10.022625 -0.121918 -0.151250 0.999988 0.001829 0.000805 0.004396
171 1005 11.037079 0.123758 0.237142 0.999989 0.001961 0.002518 0.003321
222 1027 -10.835861 -0.181159 -0.082366 0.999936 -0.000070 0.003639 0.010751
29 852 -10.326965 0.042949 -0.157027 0.999996 -0.000235 -0.000361 -0.002879
213 1047 11.023529 -0.075875 0.227606 0.999980 0.002980 0.000041 -0.005633
307 1094 -8.366589 6.873993 -0.582033 0.616862 0.009598 -0.021684 -0.786714
69 888 -11.729927 -0.210587 -0.138793 0.999797 0.000159 0.002522 0.019999
236 1041 -11.502090 -0.318889 -0.152504 0.999843 -0.001494 -0.002117 0.017503
17 841 -10.823606 0.022208 -0.163401 0.999999 0.000722 -0.000311 -0.001048
238 1044 -10.831863 -0.279285 -0.110383 0.999808 0.002744 -0.002070 0.019299
114 953 10.103729 0.144963 0.175875 0.999975 0.003073 -0.004959 -0.004043
182 1016 10.962738 0.226495 0.273655 0.999948 -0.001255 0.001346 0.009985
246 1052 -11.159088 -0.139704 -0.180400 0.999837 -0.001268 -0.001746 0.017940
261 1067 -10.605133 0.393556 -0.242205 0.999961 0.000340 -0.004637 -0.007453
215 1050 11.969269 -0.057734 0.221262 0.999951 0.000210 -0.004773 -0.008637
240 1047 -10.210663 -0.232908 -0.159365 0.999803 0.002563 0.001371 0.019661
10 851 11.028980 0.140615 0.206003 0.999999 -0.000876 -0.000574 -0.000193
22 846 -10.042032 0.056564 -0.144942 0.999999 0.000797 -0.000227 -0.000991
255 1085 10.820892 0.771547 0.178327 0.999788 -0.001567 0.000884 0.020510
236 1068 11.446045 0.128824 0.193611 0.999995 0.002178 -0.000396 0.002409
268 1097 10.395874 0.336033 0.277514 0.999932 -0.009578 -0.001082 -0.006626
1 827 -10.795454 -0.056882 -0.118916 0.999996 0.002846 0.000095 0.000025
285 1082 -10.765747 3.810394 -0.304890 0.971910 0.003359 -0.003755 -0.235298
269 1099 11.345215 0.233891 0.264927 0.999925 -0.007764 0.000959 -0.009404
89 910 -10.313736 0.333564 -0.161555 0.999837 0.001093 0.001269 0.017994
106 946 10.674088 0.387733 0.153177 0.999605 0.010976 -0.001212 -0.025838
199 1034 10.872040 -0.276614 0.190645 0.999715 0.002295 0.001057 -0.023734
166 1001 11.813583 0.027148 0.244579 0.999997 0.001531 -0.001092 -0.001796
276 1077 -11.360992 1.567253 -0.174927 0.997314 0.001904 0.001682 -0.073194
267 1096 10.299622 0.388435 0.288659 0.999922 -0.010509 -0.002705 -0.006183
132 954 -11.310196 0.161574 -0.198856 0.999985 0.003378 -0.002991 -0.003013
106 928 -11.426956 1.579813 -0.191432 0.999986 -0.003078 -0.004031 -0.001193
44 865 -11.139923 -0.186081 -0.185507 0.999982 0.004366 -0.003983 -0.000071
215 1049 11.154892 -0.055793 0.209436 0.999961 0.000930 -0.004437 -0.007609
230 1036 -10.348160 -0.223784 -0.067430 0.999958 0.000349 0.002752 0.008782
281 1080 -10.980682 2.716110 -0.244705 0.988191 0.003519 -0.001158 -0.153183
124 947 -10.783676 0.390477 -0.067305 0.999758 0.004683 0.001009 -0.021480
103 925 -11.092072 1.591628 -0.151888 0.999915 -0.003902 -0.001821 0.012322
57 895 10.837265 0.060662 0.207443 0.999994 -0.001661 0.001210 -0.002885
185 999 -11.393295 0.159136 -0.262348 0.999961 -0.000193 -0.003461 -0.008076
233 1038 -11.328491 -0.302508 -0.151232 0.999921 -0.001198 -0.001461 0.012455
186 1000 -10.972046 0.157129 -0.250401 0.999944 0.000199 -0.003434 -0.010055
217 1022 -11.010056 -0.274951 -0.126480 0.999751 -0.002787 0.000606 0.022127
88 928 10.578735 1.851674 0.139221 0.999612 -0.011756 -0.001135 0.025228
116 939 -10.920059 1.005709 -0.182060 0.999271 -0.012232 -0.004034 -0.035926
85 905 -10.907753 0.045591 -0.109309 0.999822 -0.002264 0.001359 0.018664
9 834 -10.814904 -0.008046 -0.172476 0.999997 0.001579 -0.000306 0.001457
189 1024 10.899139 0.055602 0.260772 0.999979 -0.002423 -0.004022 -0.004382
162 981 -10.527924 0.095583 -0.167822 0.999995 0.000263 -0.000531 -0.003282
75 914 10.261604 0.510003 0.170415 0.999716 0.004765 -0.003447 0.023105
165 983 -11.382065 0.041563 -0.209427 0.999994 -0.000449 -0.002169 -0.002669
82 902 -10.634636 -0.018354 -0.137559 0.999823 -0.002474 0.001544 0.018577
244 1074 10.275024 0.476030 0.191176 0.999804 -0.000666 -0.001286 0.019732
184 998 -11.773758 0.142709 -0.263105 0.999969 -0.000111 -0.003392 -0.007155
311 1100 -10.645912 4.658966 -0.566670 0.514239 0.016405 -0.024902 -0.857129
23 862 10.145880 -0.035138 0.201839 0.999983 0.001305 -0.000332 -0.005669
192 1026 10.000397 -0.093745 0.233950 0.999902 0.000840 -0.002583 -0.013724
69 908 10.828598 0.124023 0.245308 0.999996 0.002379 -0.001180 0.000393
118 957 10.623032 0.162870 0.251478 0.999949 -0.000288 -0.009483 0.003407
98 920 -10.525597 1.250171 -0.153578 0.999636 0.000617 -0.001826 0.026901
263 1092 10.004822 0.577144 0.275527 0.999912 -0.011048 -0.007203 0.001543
202 1010 -11.232376 -0.096874 -0.191862 0.999981 0.003244 0.002803 -0.004383
199 1035 11.576447 -0.310630 0.204380 0.999723 0.002123 -0.000244 -0.023446
138 959 -11.801163 0.184292 -0.155841 0.999995 0.002624 -0.001613 -0.000612
78 898 -10.345657 -0.064134 -0.172897 0.999813 -0.001863 0.001573 0.019173
12 852 10.020747 0.105811 0.188154 0.999998 -0.000446 -0.000586 -0.001910
213 1046 10.223816 -0.056849 0.212027 0.999991 0.001469 0.000233 -0.004055
194 1030 11.493927 -0.202203 0.282726 0.999780 0.000639 -0.002959 -0.020742
68 907 10.946831 0.085829 0.275538 0.999992 0.002326 -0.003204 0.000661
224 1028 -11.555374 -0.206750 -0.060445 0.999924 -0.003292 0.005210 0.010696
121 944 -10.957916 0.586572 -0.158712 0.999558 -0.000454 -0.003138 -0.029565
201 1009 -11.613358 -0.075426 -0.197292 0.999961 0.002908 0.003099 -0.007787
256 1063 -10.166016 0.184832 -0.164831 0.999987 0.001179 -0.003137 0.003746
243 1074 11.096710 0.460712 0.198042 0.999820 0.000856 -0.001072 0.018930
257 1063 -11.014465 0.224994 -0.206238 0.999989 0.000579 -0.004364 0.001680
310 1100 -10.368279 4.060364 -0.565316 0.540403 0.016490 -0.024954 -0.840875
158 977 -11.238449 0.254732 -0.222594 0.999984 0.001682 -0.004274 -0.003195
246 1053 -10.337128 -0.113737 -0.165680 0.999853 0.000581 -0.000943 0.017117
259 1089 10.781372 0.730018 0.263823 0.999861 -0.007379 -0.006084 0.013647
50 888 10.798676 0.085555 0.218509 0.999969 -0.002340 -0.001125 0.007471
151 971 -10.960831 0.322923 -0.227548 0.999996 -0.001832 -0.001974 0.001028
259 1090 11.605804 0.762097 0.287606 0.999866 -0.008172 -0.006365 0.012651
216 1020 -11.832657 -0.344187 -0.159123 0.999706 -0.000691 0.003215 0.024009
137 958 -11.970428 0.221746 -0.166393 0.999989 0.002688 -0.002749 0.002550
69 889 -10.509048 -0.185208 -0.128389 0.999880 -0.000728 0.002614 0.015253
173 1007 11.151810 0.165827 0.254395 0.999984 0.000615 0.001429 0.005484
186 1020 10.426514 0.149706 0.256271 0.999974 -0.001895 -0.000848 0.006917
257 1088 11.597046 0.810078 0.243338 0.999825 -0.005414 -0.004107 0.017422
87 928 11.759224 1.874542 0.146241 0.999596 -0.011956 -0.000753 0.025786
286 1083 -10.268555 3.860565 -0.301255 0.966208 0.002864 -0.003764 -0.257721
17 857 10.721066 0.078190 0.197272 0.999996 0.000476 -0.000071 -0.002772
78 918 11.106735 0.825924 0.212788 0.999264 0.003023 -0.002369 0.038173
178 994 -11.099411 -0.046393 -0.212339 0.999999 -0.000094 -0.001291 0.000455
15 855 10.462032 0.112525 0.203214 0.999998 0.000560 0.000350 -0.001608
24 864 11.577713 -0.045509 0.228462 0.999992 0.001656 0.000535 -0.003500
228 1032 -11.721863 -0.134325 -0.219030 0.999988 -0.001890 0.000447 0.004418
115 955 11.625595 0.175272 0.216528 0.999963 0.000995 -0.008530 0.000162
206 1041 11.194275 -0.289749 0.215014 0.999898 0.000019 -0.004408 -0.013580
245 1051 -11.173920 -0.176764 -0.183864 0.999811 -0.002286 -0.003232 0.019060
135 957 -10.905823 0.155044 -0.166067 0.999983 0.002800 -0.003932 0.003198
200 1034 10.152161 -0.267271 0.180731 0.999731 0.001972 0.000985 -0.023089
90 930 10.520866 1.866365 0.143116 0.999861 -0.010389 -0.001858 0.012934
12 837 -10.281075 0.082563 -0.165802 0.999996 0.000479 -0.000745 -0.002530
125 948 -10.726059 0.347000 -0.070511 0.999808 0.004951 0.001805 -0.018863
128 950 -11.808975 0.172488 -0.135761 0.999967 0.004290 0.003132 -0.006178
163 982 -10.332123 0.045480 -0.169930 0.999998 0.000099 -0.001439 -0.001394
70 890 -10.416748 -0.177034 -0.102504 0.999850 -0.001298 0.004859 0.016596
97 938 11.635971 1.355257 0.183037 0.999543 -0.010161 -0.000318 -0.028477
238 1043 -11.662003 -0.309003 -0.121543 0.999800 0.001858 -0.002921 0.019680
79 898 -11.512817 -0.092911 -0.208359 0.999792 -0.002123 0.000863 0.020269
42 863 -11.324913 -0.188716 -0.246785 0.999977 0.003477 -0.005680 -0.001144
16 857 11.920443 0.085639 0.231768 0.999996 0.000296 -0.000656 -0.002699
214 1020 -10.391724 -0.266974 -0.183537 0.999768 -0.000846 0.001328 0.021492
227 1059 10.601776 -0.097474 0.227886 0.999897 0.000327 -0.005765 -0.013127
297 1089 -8.589233 5.903320 -0.351592 0.837416 -0.002312 -0.010939 -0.546452
58 878 -11.231026 -0.068815 -0.174200 0.999992 0.003422 0.000545 0.002096
225 1057 10.465576 -0.065405 0.112671 0.999937 -0.001009 -0.002291 -0.010948
71 911 11.720764 0.255676 0.211265 0.999942 0.004947 0.000100 0.009561
141 978 11.609177 0.382501 0.226257 0.999979 0.000378 0.000031 -0.006428
13 837 -11.472170 0.065175 -0.179719 0.999997 0.001272 -0.000417 -0.002232
193 1005 -10.408066 0.155487 -0.229300 0.999865 0.003360 0.000641 -0.016043
56 894 10.845596 0.049822 0.224952 0.999993 -0.003357 -0.001601 -0.000083
310 1094 -8.370079 8.399017 -0.662655 0.536748 0.010875 -0.024399 -0.843320
250 1057 -10.425751 -0.020721 -0.166341 0.999910 -0.001268 -0.004925 0.012453
67 887 -10.602783 -0.155232 -0.188811 0.999877 0.000909 -0.000437 0.015622
198 1034 11.585724 -0.284768 0.212838 0.999709 0.001964 0.000655 -0.024024
20 844 -10.369304 0.014490 -0.151961 1.000000 0.000168 -0.000317 -0.000698
292 1087 -9.056900 4.748535 -0.354292 0.912600 -0.006822 -0.010488 -0.408664
23 863 11.470701 -0.043472 0.225380 0.999986 0.001707 0.000136 -0.004889
304 1093 -8.196076 6.110687 -0.456895 0.693412 0.002790 -0.016961 -0.720337
119 958 10.780151 0.190449 0.292326 0.999943 0.000542 -0.009646 0.004589
200 1035 10.856613 -0.300369 0.194579 0.999738 0.001801 -0.000316 -0.022801
222 1026 -11.590073 -0.191604 -0.090312 0.999912 0.000071 0.003491 0.012822
95 936 11.599762 1.611315 0.188448 0.999794 -0.009557 -0.001102 -0.017870
209 1043 10.628571 -0.211040 0.206855 0.999935 0.002231 -0.006302 -0.009237
295 1087 -9.313202 6.337433 -0.423364 0.870196 -0.003551 -0.012273 -0.492541
220 1026 -10.077499 -0.168844 -0.101439 0.999924 -0.000172 0.002130 0.012129
94 916 -9.999390 0.803243 -0.157417 0.999744 0.002559 -0.003523 0.022228
191 1004 -10.101669 0.189347 -0.204761 0.999876 0.002996 0.000162 -0.015432
221 1027 -10.085251 -0.184020 -0.095087 0.999938 0.000112 0.002538 0.010849
60 898 10.599937 -0.121621 0.226628 0.999928 0.000652 -0.003038 -0.011626
192 1027 10.753952 -0.123361 0.251026 0.999872 0.000716 -0.002431 -0.015796
204 1039 11.033905 -0.311473 0.194549 0.999836 0.001857 -0.003133 -0.017732
305 1094 -8.286696 5.835022 -0.478040 0.668412 0.005846 -0.018177 -0.743546
191 1025 10.042999 -0.048606 0.232209 0.999942 -0.000479 -0.003033 -0.010333
138 960 -10.377975 0.194754 -0.135002 0.999996 0.002517 -0.001041 0.000346
240 1045 -11.790115 -0.306610 -0.184438 0.999761 0.000935 -0.001148 0.021833
32 854 -11.244928 0.056115 -0.183175 0.999985 -0.000902 -0.000321 -0.005394
216 1049 10.448563 -0.033413 0.175400 0.999976 0.001279 -0.003318 -0.006051
113 952 10.001801 0.123654 0.193637 0.999950 0.005550 -0.004402 -0.007052
55 876 -10.175915 -0.119387 -0.179026 0.999997 -0.000154 -0.001253 0.002168
206 1013 -10.905563 -0.196842 -0.201999 0.999988 0.000239 0.001884 0.004399
236 1067 10.512177 0.127644 0.178092 0.999996 0.002111 -0.000683 0.001490
302 1090 -8.304974 7.586945 -0.452225 0.741108 0.000332 -0.014952 -0.671220
130 968 11.291397 0.339462 0.211569 0.999980 -0.001692 -0.002016 0.005720
86 926 10.660446 1.760873 0.120643 0.999325 -0.010505 0.001211 0.035195
188 1022 10.201126 0.094895 0.243414 0.999984 -0.003842 -0.003884 0.001327
212 1046 10.911209 -0.089200 0.211937 0.999985 0.001349 0.000573 -0.005251
104 945 11.908150 0.448001 0.153451 0.999465 0.007659 0.000775 -0.031801
74 914 11.415390 0.483039 0.214638 0.999757 0.004618 -0.004518 0.021091
42 864 -10.026463 -0.190465 -0.212438 0.999980 0.003676 -0.005078 -0.000251
232 1064 11.112213 -0.009797 0.146137 0.999982 0.003845 -0.000354 -0.004534
103 944 11.830658 0.612797 0.142910 0.999477 0.004335 0.001157 -0.032021
309 1100 -10.122528 3.406738 -0.549170 0.567342 0.016577 -0.024408 -0.822954
53 873 -11.634373 -0.138628 -0.170736 0.999994 0.001117 0.001175 0.003085
242 1048 -11.097412 -0.252163 -0.171805 0.999791 0.002305 -0.001073 0.020284
239 1044 -11.681458 -0.323561 -0.151586 0.999774 0.003050 -0.003159 0.020821
62 882 -10.925900 -0.148807 -0.189912 0.999969 0.005645 -0.001030 0.005354
251 1081 10.746613 0.724817 0.185856 0.999765 -0.001573 0.001165 0.021567
190 1025 10.833481 -0.011161 0.244375 0.999954 -0.001274 -0.002859 -0.009041
198 1007 -11.763763 0.028749 -0.207169 0.999904 0.002842 0.002754 -0.013257
272 1100 10.192200 -0.149969 0.199888 0.999680 -0.006337 0.003244 -0.024257
191 1027 11.565353 -0.103025 0.267754 0.999886 0.000097 -0.002323 -0.014914
29 851 -11.691648 0.053204 -0.180852 0.999996 -0.000115 -0.000299 -0.002874
74 913 10.325249 0.424431 0.192391 0.999798 0.005108 -0.003953 0.019045
118 941 -10.970566 0.822577 -0.193122 0.999343 -0.008995 -0.007470 -0.034310
308 1096 -8.881371 5.830688 -0.583292 0.591697 0.013020 -0.022874 -0.805731
101 941 10.452408 0.908426 0.147757 0.999320 -0.004169 -0.002273 -0.036579
6 847 10.490217 0.181399 0.188183 0.999990 0.000645 0.000584 0.004367
302 1091 -8.224304 6.789062 -0.422262 0.740561 -0.000601 -0.014693 -0.671829
128 951 -10.447815 0.158997 -0.131153 0.999982 0.003951 0.002714 -0.003429
311 1096 -9.149178 7.446320 -0.618779 0.511929 0.013227 -0.024086 -0.858588
273 1076 -10.596619 0.980566 -0.163753 0.999157 -0.000996 0.001129 -0.041031
130 953 -10.168976 0.186740 -0.162707 0.999987 0.003415 -0.000222 -0.003877
217 1051 11.354568 -0.018890 0.170345 0.999973 0.000321 -0.002016 -0.007063
190 1024 10.068588 0.008782 0.229133 0.999969 -0.002076 -0.003551 -0.006759
232 1036 -11.979630 -0.322268 -0.122836 0.999924 0.000474 0.001284 0.012254
102 924 -10.995743 1.586277 -0.151174 0.999883 -0.003978 -0.002447 0.014567
96 937 11.607590 1.498366 0.183642 0.999629 -0.010787 -0.001112 -0.024997
200 1036 11.592133 -0.319457 0.203346 0.999769 0.001208 -0.002071 -0.021369
45 866 -11.031364 -0.137142 -0.180082 0.999984 0.003724 -0.004148 -0.000455
303 1091 -8.214544 7.252136 -0.467637 0.718281 0.000954 -0.016280 -0.695562
269 1073 -10.922028 0.605327 -0.185232 0.999817 -0.001573 -0.002755 -0.018863
170 987 -11.757950 -0.132920 -0.213309 0.999996 0.002094 -0.001464 0.000988
59 898 11.792313 -0.108268 0.245876 0.999932 0.000112 -0.003030 -0.011277
37 859 -10.600353 -0.075301 -0.189548 0.999978 0.002384 -0.001921 -0.005946
187 1021 10.308899 0.117167 0.250719 0.999979 -0.002898 -0.002550 0.005109
272 1074 -11.888306 0.920098 -0.171962 0.999465 -0.001758 -0.000505 -0.032648
255 1086 11.640472 0.819296 0.193535 0.999784 -0.002823 -0.000660 0.020603
92 912 -11.845337 0.499444 -0.179731 0.999812 0.003482 -0.001576 0.019028
150 970 -11.138977 0.295888 -0.181712 0.999999 -0.000472 -0.000149 0.001236
207 1041 10.485153 -0.252111 0.201625 0.999920 -0.000007 -0.004429 -0.011881
213 1048 11.783295 -0.070456 0.237430 0.999966 0.002113 -0.002732 -0.007535
249 1056 -10.391052 -0.045944 -0.176622 0.999896 -0.000618 -0.004749 0.013619
255 1062 -10.238770 0.156622 -0.149246 0.999989 0.000797 -0.002750 0.003727
250 1056 -11.288574 -0.045889 -0.179618 0.999904 -0.000968 -0.004145 0.013198
39 877 10.367691 -0.079706 0.165918 0.999995 -0.000014 0.000371 0.003240
235 1067 11.341522 0.105042 0.212407 0.999998 0.001061 -0.001814 0.000368
269 1074 -9.996643 0.580045 -0.166581 0.999858 -0.002179 -0.002200 -0.016583
85 904 -11.997917 0.022388 -0.121134 0.999819 -0.001975 0.001676 0.018822
90 911 -10.459953 0.402979 -0.160728 0.999798 0.002482 0.000299 0.019954
19 843 -10.517368 0.030632 -0.156444 0.999999 0.000321 -0.000267 -0.001281
33 872 11.169910 -0.128554 0.152941 0.999981 -0.001503 0.005920 0.000558
183 1017 10.828934 0.186784 0.264477 0.999962 -0.001222 0.001601 0.008510
212 1017 -11.431885 -0.352094 -0.191312 0.999823 0.000109 0.004058 0.018380
5 830 -11.461163 -0.092258 -0.145373 0.999992 0.002382 0.000238 0.003347
223 1056 11.113266 -0.070944 0.093031 0.999941 0.000205 -0.000205 -0.010807
161 980 -10.705154 0.132347 -0.175690 0.999988 0.001561 0.000271 -0.004699
198 1033 10.817062 -0.260571 0.200095 0.999729 0.001671 0.001183 -0.023192
92 913 -10.806343 0.535551 -0.165699 0.999751 0.003101 -0.003425 0.021844
