idx1 idx2 t_1 t_2 t_3 q_1 q_2 q_3 q_4
784 1514 -6.048990 -1.162262 -0.090686 0.999943 0.009539 0.002693 0.003874
1525 2576 8.529957 0.376282 0.236975 0.757421 0.009995 -0.015281 -0.652672
889 2618 -9.104691 -2.681423 -0.065117 0.991037 -0.002075 0.004374 0.133500
796 1566 7.125427 3.189163 0.201800 0.978593 -0.000241 -0.001153 0.205802
22 2379 -4.605858 7.886488 -0.298655 0.775064 0.007197 -0.021451 -0.631478
818 2590 7.906998 -2.091633 0.105100 0.995171 0.011803 -0.002541 -0.097416
521 1312 5.367050 8.379578 -0.195372 0.689706 -0.030288 0.006477 0.723426
541 1290 -2.624947 -5.848145 -0.009895 0.716575 -0.019188 -0.000347 0.697246
863 2624 9.070557 -0.649821 0.210393 0.999903 0.004583 -0.001885 -0.013055
17 2388 -0.900740 7.891343 -0.162761 0.778575 0.005202 -0.013488 -0.627385
8 2421 9.213144 2.677799 0.014352 0.958831 -0.008326 -0.000708 -0.283856
707 1450 -6.441402 -0.301788 -0.124547 0.999988 0.002110 -0.001831 -0.003962
535 1287 2.094379 -7.206635 0.149452 0.542250 -0.023062 0.006374 0.839876
542 1319 7.077675 3.996765 0.088398 0.982323 -0.022098 -0.005325 0.185807
7 2419 8.883011 3.272660 0.015426 0.944059 -0.010291 -0.003930 -0.329592
771 1542 9.915320 -1.243317 0.218783 0.999754 0.019977 -0.008360 -0.004855
754 1510 9.450390 -0.644348 0.197101 0.997925 0.012444 0.000864 -0.063166
2341 2426 7.911805 5.607710 -0.079371 0.879134 -0.006308 0.011310 0.476398
19 2408 -1.680680 6.276634 -0.128786 0.830720 -0.000847 -0.013815 -0.556519
2320 2422 7.146550 3.842264 -0.013100 0.909975 -0.010557 0.007538 0.414459
809 1535 -5.803268 -2.249352 -0.013968 0.910485 -0.006342 0.005843 0.413452
34 2428 -6.882069 0.749641 -0.008368 0.988939 0.005746 0.002498 -0.148194
564 1310 -7.711517 1.541412 -0.051000 0.999535 -0.006738 0.004354 0.029402
794 2569 1.294769 7.823730 -0.020776 0.836703 0.012539 -0.008465 -0.547448
23 2336 -5.400997 7.880061 -0.322264 0.775412 0.005861 -0.022109 -0.631041
775 1542 7.696372 -1.112350 0.198399 0.999805 0.017185 -0.009346 0.002678
54 2450 -6.780891 -0.413886 -0.069705 0.999967 0.005143 0.000520 -0.006321
603 1369 8.199829 -0.055542 0.173428 0.999993 0.001088 -0.001201 -0.003310
124 2506 -6.646767 -1.899338 -0.077475 0.992359 0.002839 -0.000908 0.123346
2356 2421 6.132710 3.173161 -0.015634 0.925999 -0.009052 0.008671 0.377317
752 1503 6.083592 -0.122818 0.142879 0.999394 -0.000068 -0.002365 -0.034734
20 2348 -3.074575 7.864549 -0.220535 0.775133 0.004584 -0.016594 -0.631564
909 2638 -3.958809 5.494690 0.137085 0.807452 0.008576 0.004291 0.589856
781 2572 8.574238 3.632874 0.283910 0.761712 0.015681 -0.004688 -0.647709
11 2318 2.690397 9.179258 -0.251585 0.756660 0.000033 -0.014264 -0.653653
85 2494 8.224907 -0.223400 0.167887 0.999990 0.002654 -0.000276 0.003560
529 1313 5.200542 6.575790 -0.012097 0.823344 -0.027428 -0.005165 0.566857
562 1331 7.792038 0.335480 0.061454 0.998093 -0.017471 0.001332 -0.059194
1553 2567 1.197870 9.098206 -0.073013 0.732893 0.010809 -0.004092 -0.680246
17 2329 -0.911242 7.866116 -0.162834 0.778713 0.005843 -0.012998 -0.627218
864 2605 -9.874832 -0.315088 -0.154947 0.999975 -0.000678 0.001023 -0.006931
2297 2404 9.978580 0.485080 0.259908 0.993958 -0.007117 -0.011558 0.108920
2298 2378 8.654811 0.294895 0.229800 0.997363 -0.005219 -0.004829 0.072220
18 2354 -1.603894 7.866709 -0.154990 0.776612 0.002875 -0.011477 -0.629868
695 1437 -8.980942 -0.279587 -0.128350 0.999962 -0.001049 -0.001517 -0.008500
21 2407 -3.323324 6.523013 -0.213877 0.821053 0.001327 -0.022247 -0.570416
2347 2425 7.576338 5.040953 -0.057476 0.888537 -0.007629 0.010583 0.458620
13 2370 1.775083 7.898381 -0.166882 0.779438 0.000554 -0.010842 -0.626386
557 1328 8.307800 1.040649 0.005185 0.999255 -0.024310 0.003930 -0.029718
17 2327 -0.899018 7.850756 -0.169969 0.778006 0.006637 -0.009688 -0.628147
133 2524 6.060097 6.413475 0.044698 0.944163 0.001982 0.012552 0.329234
13 2340 1.769547 7.890203 -0.167147 0.778795 0.000303 -0.011003 -0.627182
770 1532 8.475061 -1.229187 0.165910 0.999737 0.018559 -0.004186 -0.012802
810 2570 -7.865021 5.411919 -0.173634 0.961865 0.000570 -0.008569 -0.273388
820 1567 -7.266815 4.766140 0.062974 0.771159 -0.000186 0.005341 0.636620
865 2608 -7.386215 -0.354533 -0.110221 0.999942 0.001480 0.003504 -0.010048
734 1473 -6.550249 -0.151642 -0.161965 0.999977 0.002614 -0.006321 0.000211
38 2431 -8.678692 0.242818 -0.086203 0.995059 0.012238 -0.000204 -0.098523
46 2441 -8.055834 -0.302229 -0.154878 0.999913 0.002515 -0.009119 -0.009179
13 2341 1.767934 7.888659 -0.167532 0.779106 0.000436 -0.010882 -0.626798
27 2416 -6.410999 3.990668 -0.082305 0.912431 -0.009675 -0.006084 -0.409070
873 2611 -9.206970 -0.275962 -0.181791 0.999755 -0.001876 -0.003117 -0.021816
72 2480 7.390991 -0.356521 0.115007 0.999990 0.000760 0.004340 0.000250
8 2342 4.773749 7.948535 -0.172327 0.781130 -0.001235 -0.014709 -0.624194
795 1563 5.969658 2.365677 0.146294 0.981927 -0.011114 -0.004210 0.188889
748 1502 8.583162 -0.024368 0.189435 0.999581 -0.002542 -0.001906 -0.028787
711 1466 8.132050 -0.123581 0.127516 0.999957 0.002649 -0.000324 0.008848
6 2397 5.953086 7.904017 -0.145409 0.784282 -0.002258 -0.014991 -0.620220
30 2419 -8.060216 3.082210 -0.020948 0.940758 -0.010461 -0.001992 -0.338911
562 1305 -8.963974 1.217911 -0.057010 0.991417 -0.009272 -0.000852 0.130407
551 1321 5.865860 1.817749 0.068837 0.999720 -0.015749 -0.001210 0.017593
66 2460 -8.234474 -0.446228 -0.134691 0.999997 0.000504 0.002027 0.001158
738 1489 6.582272 0.099548 0.133750 0.999950 -0.000993 0.001274 0.009834
124 2519 6.035591 1.169998 0.127651 0.993290 0.000642 0.001559 0.115635
549 1322 7.313782 2.194443 0.039086 0.999107 -0.019617 0.000152 0.037418
12 2398 2.444641 7.808126 -0.191599 0.782773 -0.004587 -0.010635 -0.622199
812 2572 -7.324265 3.848152 -0.095770 0.973161 -0.003644 -0.005635 -0.230030
777 1555 9.867493 -0.861313 0.295304 0.999292 0.010397 -0.017885 0.031423
567 1313 -8.144501 1.478348 -0.031152 0.999983 -0.000799 0.001896 -0.005415
14 2326 1.117511 7.887451 -0.168697 0.779289 0.005364 -0.011146 -0.626543
2351 2426 7.911316 5.598190 -0.081599 0.879388 -0.006139 0.011491 0.475927
2310 2419 8.342715 3.575492 -0.017659 0.915082 -0.015433 0.009179 0.402869
22 2366 -4.603641 7.880344 -0.298276 0.775238 0.007368 -0.021419 -0.631263
759 1514 8.352901 -0.873184 0.136806 0.998193 0.019556 0.003542 -0.056705
792 2580 6.448780 -2.952988 0.091518 0.825693 0.022802 -0.001556 -0.563657
21 2344 -3.836052 7.854204 -0.267701 0.776816 0.006515 -0.020065 -0.629374
776 1508 -6.378673 -0.525192 -0.156507 0.999557 0.002320 -0.003193 -0.029505
23 2367 -5.395892 7.903260 -0.320759 0.774806 0.006290 -0.021668 -0.631796
555 1303 -5.995865 0.426346 -0.010137 0.974599 -0.014838 0.002675 0.223450
913 2634 -7.411015 0.888000 0.089991 0.763060 0.011904 0.009801 0.646144
116 2501 -8.911812 -0.918302 -0.244030 0.999806 0.012713 -0.003321 0.014649
772 1534 7.746087 -1.187027 0.160802 0.999796 0.018074 -0.006201 -0.006501
1550 2584 3.627871 -8.444183 -0.008995 0.741458 0.011229 -0.005782 -0.670880
856 2616 7.062302 -0.476015 0.168620 0.999960 -0.003068 -0.002390 -0.008117
1554 2568 1.001014 8.102905 -0.077821 0.730641 0.010007 -0.002894 -0.682682
700 1443 -7.314861 -0.364944 -0.150864 0.999972 0.004042 0.001846 -0.005982
767 1529 9.625715 -1.274445 0.163435 0.999595 0.020441 -0.002225 -0.019684
563 1331 7.147354 0.296143 0.060173 0.997944 -0.016740 0.001026 -0.061854
857 2601 -8.970795 -0.298133 -0.135244 0.999980 -0.001682 -0.001541 -0.005820
878 2631 7.016037 -0.992135 0.194733 0.999778 0.009137 -0.013673 -0.013154
10 2342 3.601369 7.926391 -0.203091 0.780452 -0.002440 -0.011519 -0.625105
567 1316 -6.359940 1.403961 -0.027945 0.999611 -0.003559 -0.000436 -0.027677
9 2412 5.555911 5.288575 -0.085533 0.874793 -0.006936 -0.007200 -0.484393
775 1505 -7.975431 -0.370590 -0.192699 0.999840 -0.003871 -0.002981 -0.017210
2304 2403 6.184093 0.560263 0.164789 0.994149 -0.009689 -0.009781 0.107138
797 1519 -7.281792 -2.613617 -0.143032 0.986005 0.001139 0.004972 0.166639
2300 2406 8.684296 0.676482 0.252200 0.990680 -0.009609 -0.011098 0.135412
791 1563 7.528255 1.553894 0.153395 0.990763 -0.007271 -0.002035 0.135393
694 1452 8.746014 -0.251205 0.151013 0.999935 0.007441 -0.001235 0.008503
762 1518 8.500980 -1.054306 0.145035 0.998739 0.022241 0.003948 -0.044832
821 1555 -8.968765 -1.283115 0.013116 0.761221 0.002133 -0.004404 0.648474
826 2593 6.682083 -0.585021 0.064679 0.999954 0.006411 0.004136 0.005782
706 1448 -7.700619 -0.318726 -0.150541 0.999975 0.003027 -0.003152 -0.005539
21 2373 -3.833054 7.875955 -0.267406 0.776155 0.006766 -0.019973 -0.630190
758 1514 9.080250 -0.890152 0.160795 0.998126 0.019419 0.003087 -0.057943
583 1330 -9.770905 0.019699 -0.147815 0.999971 0.000601 -0.004325 0.006214
527 1308 4.644562 4.561462 0.006173 0.746255 -0.024744 -0.002278 0.665196
21 2372 -3.831398 7.882176 -0.267231 0.774832 0.006763 -0.019928 -0.631817
818 1538 -8.473862 -4.260460 -0.073890 0.812661 -0.001005 0.002179 0.582732
82 2490 7.245331 -0.233362 0.130207 0.999988 -0.000234 0.001905 0.004509
562 1308 -7.469162 1.442688 -0.050290 0.997781 -0.010373 0.001349 0.065761
761 1495 -6.954998 -0.074432 -0.120007 0.999914 -0.000940 0.001325 0.013011
16 2377 -0.226139 7.881404 -0.185871 0.777865 0.006218 -0.017241 -0.628165
21 2332 -3.838719 7.875018 -0.267158 0.775298 0.006122 -0.020390 -0.631237
605 1371 8.297577 -0.034317 0.164177 0.999994 0.000935 -0.001410 -0.003049
1574 2574 -9.401911 2.171509 0.021334 0.724057 -0.004455 -0.004233 -0.689713
6 2357 5.916779 7.972859 -0.147039 0.781762 -0.000779 -0.014150 -0.623416
14 2343 1.113679 7.875905 -0.165926 0.779966 0.003735 -0.015129 -0.625628
2299 2401 8.399158 0.416702 0.231135 0.996005 -0.008021 -0.012214 0.088091
10 2329 3.594609 7.925693 -0.200619 0.781479 -0.001478 -0.010785 -0.623837
557 1296 -9.801697 -1.027206 -0.012981 0.923666 -0.010806 0.004171 0.383023
516 1300 8.240265 3.863953 -0.012656 0.411673 -0.019432 0.013684 0.911022
522 1300 6.336639 2.225525 0.029793 0.503681 -0.019478 0.008725 0.863626
71 2466 -6.898586 -0.429636 -0.061485 0.999996 -0.000484 -0.002551 0.001217
94 2504 9.223076 -0.260094 0.245780 0.999991 0.000164 -0.003011 -0.002881
69 2478 8.445805 -0.376032 0.214080 0.999997 -0.001318 -0.002181 -0.000284
20 2362 -3.068668 7.891256 -0.219265 0.776050 0.005005 -0.016540 -0.630434
20 2431 7.519913 0.329085 0.076364 0.995124 0.009370 -0.007901 -0.097861
839 2587 -9.904343 -0.642579 -0.134844 0.999958 0.000594 -0.002178 0.008875
2361 2422 6.492640 3.544003 -0.016672 0.917489 -0.009791 0.007071 0.397578
2297 2348 9.251808 0.270185 0.245819 0.997531 -0.004459 -0.005065 0.069899
838 2603 8.765915 -0.204185 0.101250 0.999942 -0.004170 0.004514 0.008845
693 1451 8.588253 -0.283249 0.188036 0.999940 0.007452 -0.004236 0.006821
518 1301 7.321884 3.793350 -0.022188 0.460700 -0.020338 0.011904 0.887243
522 1301 6.151154 2.666809 0.016211 0.526305 -0.020517 0.007603 0.850014
2304 2404 6.342849 0.608724 0.165292 0.993167 -0.009890 -0.009906 0.115858
799 1519 -7.714149 -3.061951 -0.149430 0.980036 -0.001907 0.005594 0.198731
679 1440 9.922554 -0.309494 0.188970 0.999900 0.006136 -0.003423 -0.012260
898 2641 6.277100 7.218689 -0.170644 0.940125 -0.009789 0.013528 0.340419
792 1562 6.650776 1.601776 0.122147 0.989138 -0.008164 -0.003711 0.146714
837 2587 -8.272125 -0.666032 -0.031788 0.999938 0.000668 0.002131 0.010867
623 1386 6.602753 -0.020844 0.139147 0.999979 0.000453 -0.004367 0.004775
636 1398 6.706314 0.057037 0.137725 0.999959 0.004275 -0.003477 0.007258
17 2344 -0.902331 7.852980 -0.165832 0.778773 0.004838 -0.013753 -0.627136
1569 2574 -5.985180 2.062210 -0.098669 0.728509 0.002796 -0.009048 -0.684971
98 2491 -7.914948 -0.272390 -0.164741 0.999979 -0.000163 -0.003970 -0.005126
1574 2579 -9.167503 -3.092682 0.107017 0.728663 0.012915 -0.001791 -0.684748
91 2498 6.068718 -0.250176 0.146483 0.999993 0.002777 -0.001470 0.001804
22 2344 -4.608920 7.865568 -0.298669 0.775935 0.006961 -0.021483 -0.630409
2303 2397 6.133502 0.407486 0.182521 0.996644 -0.007334 -0.006442 0.081274
2297 2394 9.262899 0.287674 0.247713 0.997281 -0.004551 -0.005767 0.073323
825 2593 7.367722 -0.679879 0.064884 0.999963 0.007548 0.004249 -0.000147
105 2513 9.074631 -0.925482 0.261781 0.999424 0.005535 -0.009779 -0.032036
18 2322 -1.696148 8.224586 -0.172893 0.771226 0.004792 -0.008003 -0.636492
7 2415 7.498420 4.426427 -0.017983 0.906654 -0.008932 -0.004675 -0.421755
842 2606 8.767929 -0.197689 0.135147 0.999966 -0.001970 0.005854 0.005468
148 2516 -6.727319 -0.936775 0.004298 0.760331 0.008984 0.002419 0.649469
578 1326 -8.488647 0.270081 -0.116380 0.999945 0.005778 -0.003400 -0.008038
702 1457 6.630547 -0.175629 0.094549 0.999925 0.005716 -0.002100 0.010663
735 1488 8.443487 0.112030 0.176173 0.999948 -0.001171 0.001028 0.010062
755 1488 -8.876375 -0.108734 -0.153035 0.999971 0.005923 0.001732 0.004514
120 2519 7.636169 0.132747 0.177295 0.998887 0.006220 -0.000366 0.046759
11 2324 2.980541 8.047365 -0.208777 0.778951 0.000688 -0.005414 -0.627061
2296 2367 9.812254 0.244633 0.263964 0.997394 -0.003312 -0.005155 0.071892
1548 2583 4.058777 -7.286011 0.036062 0.745465 0.013583 -0.008639 -0.666350
89 2496 6.072922 -0.253633 0.147679 0.999989 0.003516 -0.000190 0.002984
746 1501 9.538083 0.051987 0.199253 0.999767 -0.004610 -0.001306 -0.021067
545 1293 -4.735153 -3.862854 -0.068651 0.823330 -0.007178 -0.002596 0.567512
514 1302 8.383270 4.986206 -0.018707 0.439601 -0.024070 0.009945 0.897815
618 1381 6.275841 -0.067551 0.096941 0.999982 0.003549 0.000550 -0.004834
549 1289 -7.604675 -4.940414 -0.026548 0.811055 -0.014540 0.005637 0.584762
862 2607 -6.328232 -0.340091 -0.117684 0.999969 -0.002109 0.000601 -0.007574
2301 2409 8.894365 1.001121 0.239218 0.983031 -0.008715 -0.005170 0.183160
832 2584 -7.612274 -0.872941 -0.055935 0.999835 0.000448 0.001065 0.018134
797 1569 8.359955 4.263168 0.198713 0.975202 -0.000752 -0.003143 0.221294
14 2425 7.666433 1.573993 0.044526 0.980053 -0.002989 -0.002025 -0.198705
7 2388 5.348563 7.989083 -0.155487 0.782473 -0.000627 -0.014433 -0.622517
740 1492 7.469330 0.141037 0.162497 0.999946 -0.001830 0.000273 0.010208
25 2413 -5.517506 4.910506 -0.139689 0.879824 -0.002616 -0.012056 -0.475140
821 1561 -8.601700 1.246038 0.044100 0.762048 -0.004796 -0.005394 0.647480
675 1420 -7.753334 -0.124817 -0.118502 0.999972 0.006104 0.001669 0.004148
24 2404 -5.968998 7.154517 -0.286137 0.797955 -0.001935 -0.024272 -0.602226
94 2488 -7.381821 -0.353572 -0.159718 0.999995 0.001368 -0.002619 0.000873
792 1518 -6.460835 -1.859360 -0.057338 0.995750 0.004456 0.009548 0.091488
33 2427 -6.620001 0.978730 0.005841 0.985923 0.000501 0.003836 -0.167154
8 2344 4.776009 7.934754 -0.172808 0.782215 -0.001279 -0.014736 -0.622833
28 2441 9.796797 -0.230504 0.143439 0.999939 -0.004655 -0.005471 -0.008434
786 2579 7.887310 -2.953766 0.154224 0.788114 0.029365 0.000195 -0.614829
883 2635 8.733398 -0.050594 0.216251 0.998802 0.004688 0.004158 0.048539
834 2586 -6.994888 -0.738676 -0.060997 0.999891 0.000072 -0.000239 0.014785
24 2403 -6.024595 7.310840 -0.291076 0.792645 -0.001494 -0.024213 -0.609202
521 1291 9.486588 -0.623505 0.142065 0.275398 -0.018122 0.013937 0.961058
12 2334 2.395420 7.900931 -0.192535 0.779563 -0.002453 -0.008931 -0.626255
525 1311 5.074074 6.726135 -0.047679 0.743371 -0.025255 0.002489 0.668398
23 2359 -5.395175 7.900194 -0.319641 0.774522 0.006310 -0.021735 -0.632142
521 1296 7.670792 0.999786 0.070765 0.390144 -0.017163 0.012882 0.920504
19 2337 -2.319018 7.853369 -0.174761 0.776555 0.002247 -0.012671 -0.629918
904 2639 0.290329 6.780991 -0.003910 0.876357 -0.001466 0.010324 0.481549
2297 2367 9.226368 0.277905 0.247524 0.997410 -0.004345 -0.004729 0.071640
776 1504 -9.215222 -0.384369 -0.236343 0.999934 -0.005080 -0.004437 -0.009340
606 1355 -7.517426 -0.054108 -0.113970 0.999999 0.000007 0.000681 0.001028
803 1521 -7.639885 -3.620010 -0.022159 0.961146 0.001322 0.014530 0.275656
24 2399 -6.164545 7.731719 -0.312921 0.778975 0.001555 -0.023752 -0.626603
770 1527 7.134335 -1.200882 0.126462 0.999596 0.021213 -0.002925 -0.018717
16 2318 -0.541533 9.137096 -0.236513 0.754641 0.009228 -0.021582 -0.655719
42 2453 9.457962 -0.354796 0.080451 0.999976 0.003567 0.005787 -0.001046
556 1302 -6.936646 0.345703 0.004866 0.970497 -0.014843 0.004009 0.240624
817 1547 -7.482895 -2.242680 -0.043572 0.818940 -0.002291 0.003529 0.573864
801 2569 -2.781219 7.821609 -0.138700 0.894096 0.009761 -0.010358 -0.447649
17 2364 -0.899934 7.883188 -0.164732 0.778105 0.005285 -0.013590 -0.627965
643 1392 -6.324219 -0.056091 -0.117160 0.999992 -0.003822 -0.000039 -0.000898
1557 2583 1.058151 -7.433472 -0.101743 0.733292 0.012048 0.001279 -0.679806
790 2570 3.764526 6.555283 0.092345 0.806076 0.012287 -0.008445 -0.591624
546 1321 7.571014 2.832962 0.072731 0.996251 -0.013628 -0.000633 0.085422
522 1310 5.323654 7.014526 -0.120401 0.685161 -0.028470 0.006852 0.727803
2300 2392 7.539813 0.341127 0.225743 0.997117 -0.007762 -0.007088 0.075152
766 1498 -7.916394 -0.086243 -0.152037 0.999958 -0.004268 -0.000421 0.008064
34 2426 -8.196125 1.189684 -0.006759 0.982856 -0.000853 0.005108 -0.184302
2327 2422 6.456128 3.566478 0.049451 0.917156 -0.010000 0.003000 0.398392
769 1529 8.341183 -1.241104 0.157991 0.999654 0.019457 -0.003465 -0.017369
798 2581 5.438759 -2.708450 0.140935 0.873308 0.020280 -0.009518 -0.486654
730 1481 6.153240 -0.020325 0.123856 0.999984 -0.001294 0.002060 0.005070
2298 2401 8.972231 0.388341 0.232829 0.996116 -0.006662 -0.011589 0.087033
6 2396 5.948564 7.922840 -0.144874 0.784408 -0.001895 -0.014578 -0.620071
821 2577 -7.680664 -0.127719 0.040067 0.999011 0.009766 0.005269 -0.043061
655 1401 -8.612556 -0.065384 -0.127253 0.999990 0.004266 0.000285 0.001068
19 2360 -2.313611 7.874407 -0.172637 0.776565 0.002788 -0.012443 -0.629908
893 2621 -7.601944 -2.985405 -0.079726 0.977015 -0.008614 0.003347 0.212969
553 1323 6.415146 1.640381 0.085222 0.999895 -0.014270 -0.002249 -0.000499
6 2354 5.918838 7.971662 -0.148062 0.781696 -0.000955 -0.014310 -0.623494
83 2477 -7.746094 -0.375105 -0.094713 0.999998 0.001169 -0.000307 0.001571
148 2513 -7.159334 -3.878296 -0.052046 0.759723 0.007948 0.005941 0.650171
873 2628 6.580704 -0.965943 0.151215 0.999466 0.006975 -0.010710 -0.030082
812 2586 6.028427 -2.621605 0.067141 0.974728 0.007645 -0.004318 -0.223225
2297 2379 9.239820 0.276527 0.245455 0.997419 -0.004282 -0.004986 0.071495
2299 2393 8.094492 0.330401 0.225889 0.997254 -0.006638 -0.006495 0.073478
2301 2368 7.016460 0.348136 0.206175 0.997096 -0.007869 -0.005175 0.075576
127 2521 6.699783 2.717510 0.123129 0.982841 0.000518 0.006666 0.184332
1572 2576 -7.909028 0.011841 -0.081875 0.727026 0.006411 -0.015095 -0.686413
1532 2574 6.261669 2.311462 0.109798 0.750894 0.004001 -0.010298 -0.660330
801 1525 -5.750252 -2.288025 -0.087426 0.969172 -0.001461 0.005575 0.246316
540 1318 6.749298 4.575241 0.076674 0.968639 -0.026617 -0.007719 0.246923
815 1529 -8.263367 -5.101990 -0.025930 0.851889 -0.002284 0.009283 0.523636
750 1504 8.441226 -0.183044 0.198344 0.999163 -0.000267 -0.001967 -0.040860
820 1553 -8.510757 -1.670734 0.004887 0.774963 0.002380 -0.003051 0.631994
139 2523 0.948887 6.970154 0.089651 0.879219 0.001805 0.011532 0.476274
647 1408 6.643845 0.083954 0.116491 0.999984 -0.004784 -0.002655 0.001504
756 1513 9.918513 -0.865112 0.192040 0.997913 0.018744 0.002392 -0.061748
689 1432 -8.526150 -0.207932 -0.147023 0.999990 -0.002056 0.001929 -0.003459
809 1572 2.706711 8.581039 -0.074166 0.895900 -0.002438 0.010212 0.444131
566 1310 -9.071655 1.503586 -0.043689 0.999539 -0.001503 0.004476 0.029991
586 1337 -6.455658 0.101944 -0.084103 0.999994 -0.000385 -0.002363 0.002519
65 2475 9.492531 -0.375781 0.121159 0.999989 0.004372 -0.000498 -0.001659
150 2522 -7.045265 4.889069 0.052555 0.737716 -0.000762 0.007723 0.675066
590 1338 -9.163773 0.071960 -0.128603 0.999997 0.000478 -0.002182 0.001334
53 2448 -8.000366 -0.388811 -0.115878 0.999954 0.003445 -0.003647 -0.008199
916 2636 -8.993898 2.151108 0.021505 0.730084 0.004626 0.008651 0.683287
9 2347 4.188915 7.939780 -0.189723 0.781709 -0.001756 -0.013390 -0.623497
595 1363 9.785522 -0.005981 0.135159 0.999987 -0.000003 0.001590 -0.004771
1528 2574 7.268299 2.381439 0.133415 0.753764 0.003032 -0.012265 -0.657025
722 1462 -7.555874 -0.257980 -0.150614 0.999995 0.002939 0.000103 0.001313
822 1566 -8.828751 3.697590 0.038348 0.749986 -0.002608 0.008182 0.661398
1563 2569 -2.829870 7.065323 -0.005056 0.728448 0.017890 -0.003390 -0.684859
68 2477 8.436707 -0.370132 0.231362 0.999989 -0.000951 -0.004459 -0.000931
2296 2357 9.832293 0.240210 0.264077 0.997455 -0.003324 -0.005347 0.071026
874 2611 -9.713974 -0.269902 -0.194530 0.999739 -0.001453 -0.003146 -0.022591
574 1342 8.523880 -0.255341 0.061113 0.999271 0.000056 0.002675 -0.038093
22 2368 -4.610173 7.888994 -0.296488 0.775181 0.007317 -0.021275 -0.631339
2301 2397 7.097164 0.380258 0.205907 0.996834 -0.008401 -0.006881 0.078766
91 2484 -8.643898 -0.362377 -0.155622 0.999973 0.004976 -0.005290 -0.001255
15 2398 0.479719 7.789805 -0.172614 0.781953 0.003669 -0.019445 -0.623023
129 2523 7.595337 4.348595 0.133089 0.972492 0.000798 0.009734 0.232731
2344 2425 7.570530 5.032269 -0.057933 0.888723 -0.007571 0.010686 0.458256
799 1518 -8.214409 -3.278137 -0.155639 0.980535 -0.002722 0.005051 0.196260
115 2502 -7.465134 -0.774775 -0.212152 0.999897 0.012405 -0.003125 0.006584
705 1462 9.508434 -0.096924 0.139369 0.999931 0.002428 0.000145 0.011504
560 1305 -7.750427 1.121185 -0.041882 0.990488 -0.010367 -0.000362 0.137210
14 2376 1.112731 7.894911 -0.164858 0.779293 0.003876 -0.014982 -0.626469
9 2356 4.189596 7.957716 -0.189976 0.780589 -0.001783 -0.013422 -0.624898
13 2316 1.366948 9.635974 -0.234187 0.744262 0.003426 -0.015626 -0.667696
676 1436 8.498604 -0.243683 0.114676 0.999844 0.003026 -0.003086 -0.017112
631 1378 -8.517036 -0.062592 -0.109320 0.999984 -0.000934 0.000714 -0.005519
765 1499 -6.491883 -0.064072 -0.128097 0.999978 -0.005698 -0.000482 0.003420
11 2390 3.017468 7.949871 -0.204197 0.780667 -0.002988 -0.009962 -0.624861
19 2402 -2.166596 7.439082 -0.160375 0.789636 -0.003544 -0.016321 -0.613348
896 2624 -5.939529 -2.513428 -0.016870 0.961136 -0.001145 0.009286 0.275918
16 2334 -0.228536 7.870545 -0.186130 0.777870 0.005901 -0.017269 -0.628161
2347 2420 5.757529 2.770884 -0.002587 0.935557 -0.009882 0.007075 0.352967
1533 2578 6.574005 -1.894043 0.158532 0.752703 0.016989 -0.006992 -0.658104
886 2634 6.547134 0.528107 0.125530 0.995971 0.008282 0.005051 0.089149
11 2319 2.754517 8.936967 -0.241666 0.763105 -0.000545 -0.012580 -0.646152
787 2580 7.827480 -3.840805 0.126690 0.792354 0.030047 -0.001420 -0.609319
880 2614 -9.554230 -0.788522 -0.184216 0.999996 0.002430 -0.000951 0.000788
2306 2412 7.526086 1.592857 0.095107 0.969181 -0.012927 0.004251 0.245974
1562 2584 -1.159204 -8.565933 -0.182432 0.733899 0.018919 -0.002628 -0.678990
808 1524 -7.605240 -4.225822 -0.002449 0.924692 -0.005061 0.012256 0.380484
2353 2425 7.592114 5.020723 -0.060992 0.888859 -0.007526 0.010763 0.457992
129 2507 -6.923660 -2.947681 -0.109035 0.971841 0.003081 -0.002411 0.235605
16 2315 -0.658020 9.873980 -0.268036 0.739141 0.009280 -0.020857 -0.673164
20 2358 -3.071929 7.866692 -0.218977 0.776694 0.004847 -0.016574 -0.629642
738 1475 -8.062330 -0.164658 -0.167061 0.999981 0.005538 -0.002933 0.000175
52 2460 6.779224 -0.420215 0.156748 0.999997 0.002068 -0.000948 0.000283
811 1572 1.094452 8.813423 -0.107809 0.874734 -0.003600 0.010932 0.484468
861 2605 -7.706635 -0.314791 -0.146763 0.999976 -0.001659 -0.001027 -0.006747
2348 2425 7.549268 5.078162 -0.056548 0.887353 -0.007605 0.010564 0.460907
144 2523 -2.916542 6.845345 0.141728 0.804960 0.004128 0.007608 0.593266
874 2632 9.792618 -1.148742 0.274170 0.999729 0.006647 -0.011235 -0.019281
520 1306 5.904770 5.473419 -0.084599 0.596852 -0.025199 0.006384 0.801930
773 1531 6.499856 -1.153870 0.128549 0.999796 0.017216 -0.004071 -0.009763
17 2375 -0.906645 7.875792 -0.163767 0.778450 0.005120 -0.013577 -0.627539
13 2421 6.173943 2.588336 -0.035993 0.957867 -0.005432 0.002193 -0.287153
149 2519 -6.781573 1.915077 0.032106 0.749263 0.002598 0.004682 0.662251
814 2574 -6.636078 2.481487 -0.015383 0.982394 -0.000650 -0.002211 -0.186807
19 2397 -2.279246 7.792180 -0.172070 0.778757 0.001063 -0.013332 -0.627183
621 1385 7.435524 -0.044952 0.117861 0.999994 0.002271 -0.002300 0.000769
697 1454 8.104630 -0.194641 0.075613 0.999913 0.006931 0.002136 0.011015
687 1447 9.910667 -0.289764 0.116786 0.999936 0.010559 -0.003205 0.002703
807 1526 -6.865250 -3.432701 -0.000624 0.931258 -0.004773 0.011647 0.364144
781 1555 7.983530 -0.532440 0.219123 0.998632 0.008598 -0.015516 0.049188
750 1503 7.702813 -0.120010 0.179618 0.999356 -0.001534 -0.002483 -0.035770
6 2398 5.963432 7.874867 -0.145733 0.784971 -0.003212 -0.015917 -0.619320
81 2474 -8.877144 -0.445064 -0.169627 0.999966 0.003892 -0.006859 0.002267
536 1316 6.045807 5.478104 0.030354 0.929038 -0.027859 -0.009537 0.368810
23 2387 -5.396826 7.912398 -0.319833 0.774225 0.006301 -0.021711 -0.632507
548 1294 -5.975616 -2.900162 -0.033161 0.864276 -0.006962 0.000825 0.502969
137 2524 3.117279 7.535324 0.060855 0.903185 0.004449 0.013497 0.429016
591 1358 8.713821 0.068222 0.152390 0.999996 -0.000145 0.001383 -0.002693
800 1523 -6.245514 -2.475311 -0.118797 0.974441 -0.001219 0.005103 0.224581
582 1330 -8.913818 0.061981 -0.138441 0.999980 0.000891 -0.004566 0.004219
771 1537 8.933811 -1.225464 0.189572 0.999738 0.019132 -0.007645 -0.009975
633 1396 7.455139 0.149521 0.122269 0.999886 0.000652 -0.004498 0.014378
2297 2393 9.251360 0.283412 0.244185 0.997415 -0.004384 -0.005942 0.071475
130 2524 7.933617 5.285988 0.109017 0.965921 0.000644 0.008975 0.258682
76 2469 -8.931740 -0.515623 -0.125192 0.999944 0.007327 0.004637 0.006076
10 2408 4.257744 6.350203 -0.152238 0.834267 -0.005525 -0.012324 -0.551196
700 1444 -6.210369 -0.373245 -0.135965 0.999980 0.004662 0.001138 -0.004206
887 2634 6.121994 0.785194 0.121215 0.994237 0.007170 0.005205 0.106833
1526 2576 8.172968 0.362213 0.221060 0.756603 0.009685 -0.014750 -0.653637
1535 2580 6.387075 -3.984558 0.129468 0.753511 0.020434 -0.006870 -0.657081
791 1562 7.021782 1.414978 0.147457 0.990865 -0.007062 -0.004829 0.134583
2331 2422 6.495572 3.552595 -0.039015 0.917610 -0.009030 0.008434 0.397289
2302 2379 6.523436 0.373720 0.190533 0.997034 -0.007666 -0.005176 0.076401
2318 2419 6.466416 2.928942 -0.024362 0.930729 -0.013656 0.007683 0.365375
2301 2400 7.245864 0.417099 0.206165 0.996222 -0.008839 -0.011282 0.085655
520 1297 7.744522 1.685287 0.050850 0.396937 -0.018609 0.012132 0.917577
798 1570 8.509193 4.818130 0.187021 0.971223 0.001410 -0.000023 0.238169
609 1359 -6.389771 -0.067139 -0.097865 1.000000 0.000684 0.000523 0.000308
13 2390 1.775610 7.920828 -0.167704 0.779709 0.000264 -0.011239 -0.626042
149 2523 -6.306619 6.130753 0.039933 0.745761 -0.001726 0.013116 0.666082
793 2567 1.095753 9.594803 -0.023927 0.829381 0.015368 -0.006972 -0.558428
777 1539 6.080402 -1.039215 0.160700 0.999811 0.015400 -0.010742 0.005051
751 1484 -9.727732 -0.050705 -0.204341 0.999976 0.005831 -0.000386 -0.003704
92 2499 6.078186 -0.243429 0.153476 0.999993 0.002986 -0.002164 0.000859
889 2620 -7.305603 -2.183044 -0.051343 0.991208 0.000048 0.005021 0.132217
23 2401 -5.286135 7.579264 -0.311217 0.783705 0.000170 -0.025937 -0.620591
746 1500 8.778777 0.080261 0.188051 0.999864 -0.005474 -0.001088 -0.015499
651 1398 -7.932419 -0.065506 -0.124061 0.999984 0.004225 -0.003611 0.001401
1542 2569 3.618217 7.257690 -0.088668 0.745291 0.007588 -0.011303 -0.666601
2350 2425 7.560981 5.063317 -0.058079 0.887889 -0.007621 0.010667 0.459870
12 2373 2.401275 7.914072 -0.193893 0.780193 -0.002149 -0.008922 -0.625471
762 1519 9.044300 -1.096634 0.152157 0.998828 0.023158 0.004220 -0.042303
542 1283 -3.290497 -9.426193 0.016332 0.665391 -0.017886 0.004522 0.746267
12 2335 2.393040 7.904340 -0.193140 0.780071 -0.002321 -0.009009 -0.625622
22 2411 -3.511940 5.493866 -0.195936 0.859319 0.002104 -0.018513 -0.511101
2296 2391 9.809920 0.247854 0.260781 0.997425 -0.003292 -0.006197 0.071373
1560 2568 -1.356775 8.065002 0.011781 0.727880 0.014341 0.001395 -0.685553
95 2487 -9.407211 -0.326621 -0.209554 0.999990 0.001568 -0.003660 -0.001798
2361 2425 7.593606 5.024894 -0.056032 0.888546 -0.008031 0.010389 0.458600
698 1442 -6.434986 -0.368912 -0.113677 0.999977 0.003439 0.000848 -0.005788
646 1393 -8.258545 -0.053314 -0.186324 0.999985 -0.002869 -0.004673 -0.000457
21 2350 -3.841341 7.862080 -0.267842 0.775671 0.006583 -0.020053 -0.630784
817 1537 -8.170547 -4.096584 -0.056484 0.825516 -0.001255 0.003881 0.564364
568 1316 -7.099762 1.356430 -0.029209 0.999705 -0.001284 -0.000605 -0.024264
670 1417 -6.152840 -0.042480 -0.113445 0.999993 0.003279 -0.001899 -0.000258
557 1298 -9.067917 -0.462128 -0.008910 0.942507 -0.013466 0.003582 0.333895
15 2402 0.585069 7.466913 -0.158759 0.792063 -0.000055 -0.021584 -0.610058
1526 2571 7.424189 5.487091 0.070014 0.754659 0.002672 -0.015842 -0.655921
70 2479 8.456657 -0.363260 0.198079 0.999998 -0.001814 -0.000160 0.000306
576 1344 8.672211 -0.180176 0.097347 0.999650 0.002288 0.000853 -0.026346
659 1406 -7.189850 -0.038742 -0.129540 0.999999 -0.000032 -0.000771 0.001273
1534 2578 6.355274 -1.925980 0.138829 0.751166 0.016499 -0.006030 -0.659880
53 2449 -6.849232 -0.404669 -0.098507 0.999959 0.003562 -0.002763 -0.007863
2375 2425 7.588485 5.039474 -0.056725 0.888487 -0.007811 0.010457 0.458717
2297 2352 9.260750 0.270914 0.245715 0.997473 -0.004400 -0.005199 0.070725
579 1328 -7.832596 0.192444 -0.113695 0.999985 0.003057 -0.003810 -0.002529
746 1499 7.967057 0.093185 0.164818 0.999937 -0.005788 -0.000933 -0.009531
553 1299 -6.684326 -0.667648 -0.080643 0.940139 -0.008665 -0.003528 0.340663
706 1447 -8.830898 -0.305084 -0.174194 0.999961 0.002786 -0.005146 -0.006649
874 2614 -6.866379 -0.387666 -0.125979 0.999745 -0.000797 -0.001172 -0.022552
623 1369 -9.539642 -0.146515 -0.178403 0.999981 -0.002691 -0.001449 0.005431
15 2426 7.599085 1.360720 0.080324 0.983684 -0.000919 -0.005671 -0.179815
2301 2390 6.996356 0.353864 0.204252 0.997046 -0.007814 -0.005743 0.076189
12 2389 2.398793 7.938721 -0.192807 0.780036 -0.002034 -0.008991 -0.625667
21 2322 -3.924422 8.225228 -0.287953 0.770065 0.008571 -0.016580 -0.637693
14 2383 1.117932 7.908594 -0.165196 0.778880 0.003871 -0.015006 -0.626981
39 2435 -6.372982 -0.137404 -0.083216 0.999034 0.010461 -0.005060 -0.042373
140 2523 0.204224 7.028206 0.094842 0.865801 0.000979 0.010255 0.500282
539 1320 7.997009 5.682373 0.071920 0.964431 -0.030483 -0.008624 0.262431
620 1369 -6.821808 -0.117172 -0.096665 0.999992 -0.000277 0.000981 0.003950
12 2400 2.481321 7.691489 -0.189351 0.786290 -0.007032 -0.012678 -0.617688
1531 2580 7.299473 -3.938400 0.193207 0.755712 0.022065 -0.009134 -0.654469
785 1562 9.328901 0.370712 0.245082 0.997145 -0.001238 -0.007418 0.075140
883 2619 -6.148132 -1.085467 -0.093587 0.999511 0.003852 0.000369 0.031042
672 1431 6.955704 -0.135544 0.090379 0.999877 0.001276 0.003162 -0.015320
17 2335 -0.907765 7.865063 -0.164893 0.777991 0.004910 -0.013748 -0.628106
599 1346 -9.800674 0.043121 -0.176724 0.999988 0.002229 -0.002922 -0.003142
776 1505 -8.485682 -0.407562 -0.212202 0.999876 -0.003447 -0.003428 -0.014978
2329 2421 6.133338 3.155581 -0.005537 0.926790 -0.009772 0.007739 0.375373
805 2569 -5.337967 7.293365 -0.064363 0.926989 0.007324 -0.002491 -0.375009
7 2384 5.350356 7.994059 -0.158064 0.782421 -0.000640 -0.014561 -0.622579
813 2586 5.682251 -2.358871 0.045542 0.979350 0.008421 -0.002330 -0.201986
863 2607 -7.055069 -0.344929 -0.125257 0.999969 -0.001428 0.001377 -0.007635
671 1418 -6.029808 -0.056274 -0.092872 0.999987 0.005133 0.000534 -0.000172
812 2589 9.046539 -4.067101 0.126774 0.974657 0.007781 -0.004516 -0.223525
805 2571 -3.872398 5.940643 -0.041230 0.926603 -0.000127 -0.004622 -0.376013
2300 2351 7.558794 0.327375 0.227641 0.997168 -0.007763 -0.006300 0.074539
687 1430 -8.743225 -0.186752 -0.142747 0.999999 -0.000651 0.001051 0.000075
151 2512 -8.368937 -5.426674 -0.208960 0.733321 0.005801 0.001453 0.679856
810 1534 -6.217896 -2.672440 -0.022868 0.899991 -0.007449 0.006536 0.435795
142 2522 -1.807068 6.039398 0.076241 0.836503 -0.000844 0.005036 0.547939
885 2618 -7.775681 -1.554630 -0.070354 0.998115 0.005245 0.003819 0.061033
48 2444 -7.071539 -0.364904 -0.100562 0.999936 0.000839 -0.008691 -0.007199
760 1516 8.815743 -0.975525 0.139208 0.998457 0.022313 0.004179 -0.050669
758 1490 -9.215107 -0.170074 -0.155121 0.999935 0.003574 0.001946 0.010692
706 1446 -9.950218 -0.296127 -0.194048 0.999947 0.002273 -0.005563 -0.008300
22 2388 -4.607038 7.903935 -0.295812 0.775739 0.007329 -0.021218 -0.630655
8 2373 4.778648 7.956554 -0.172689 0.781561 -0.001035 -0.014651 -0.623656
774 1535 6.847849 -1.138626 0.153320 0.999832 0.016228 -0.007209 -0.004522
115 2517 7.583199 -0.804910 0.263403 0.999827 0.011403 -0.012995 -0.006910
791 2578 6.023590 -1.153793 0.116852 0.817543 0.019967 -0.001065 -0.575520
864 2622 6.548553 -0.614417 0.138572 0.999920 0.005074 -0.000220 -0.011581
9 2327 4.196852 7.928398 -0.194839 0.781192 -0.000056 -0.009411 -0.624220
13 2336 1.770957 7.888207 -0.167643 0.779921 0.000212 -0.011167 -0.625779
553 1296 -7.762436 -1.569061 -0.106908 0.910805 -0.007184 -0.003445 0.412761
848 2597 -6.140167 -0.389474 -0.098352 0.999991 0.003162 -0.002077 0.002105
795 1520 -6.270020 -2.081848 -0.097615 0.990409 0.002860 0.007265 0.137949
2317 2422 7.644338 4.313517 -0.066550 0.898003 -0.013587 0.011086 0.439639
733 1470 -9.006979 -0.160904 -0.212928 0.999995 0.002012 -0.001096 -0.002274
19 2320 -2.502670 8.643461 -0.200888 0.765524 0.003501 -0.013166 -0.643263
2299 2363 8.077264 0.323361 0.228382 0.997226 -0.006462 -0.005236 0.073963
644 1405 6.377052 0.070724 0.092846 0.999984 -0.004782 -0.000648 0.002846
518 1309 5.949478 7.442291 -0.172215 0.615256 -0.028225 0.009415 0.787765
801 1570 7.011421 5.735580 0.078281 0.957235 0.000181 0.004463 0.289275
878 2614 -8.699646 -0.532866 -0.168071 0.999909 0.000665 -0.001177 -0.013394
7 2367 5.350266 7.985187 -0.156321 0.781904 -0.000637 -0.014445 -0.623232
2341 2424 7.186125 4.517286 -0.047907 0.897715 -0.008878 0.008396 0.440407
906 2624 -7.955666 -5.817337 0.012079 0.862827 0.007625 0.014656 0.505230
12 2407 2.928802 6.567468 -0.154935 0.824753 -0.006726 -0.010584 -0.565354
610 1377 9.499252 -0.053589 0.182921 0.999975 0.000511 -0.001758 -0.006919
21 2329 -3.844919 7.867409 -0.264878 0.776763 0.007523 -0.019312 -0.629452
134 2507 -7.699112 -4.652100 -0.083426 0.934512 0.007406 0.002455 0.355846
8 2408 5.433413 6.373984 -0.113873 0.834853 -0.004614 -0.015613 -0.550233
822 2579 -6.141220 -0.488830 0.027392 0.999515 0.013543 0.012448 -0.025132
8 2409 5.559690 6.132843 -0.096830 0.844435 -0.003342 -0.014765 -0.535444
820 1554 -8.456497 -1.353424 0.008893 0.773215 0.003058 -0.003832 0.634125
152 2517 -8.516190 -0.657761 -0.084604 0.725323 0.007599 -0.004167 0.688355
697 1453 6.943642 -0.223801 0.062097 0.999931 0.006151 0.002671 0.009608
2331 2423 6.872927 4.020721 -0.060727 0.907483 -0.009901 0.007675 0.419902
792 2569 2.385487 7.683990 0.004076 0.821629 0.012699 -0.007140 -0.569837
19 2386 -2.311883 7.888788 -0.175694 0.776974 0.002725 -0.012538 -0.629402
40 2436 -6.509813 -0.204992 -0.087388 0.999460 0.008881 -0.004882 -0.031241
576 1323 -8.996292 0.455048 -0.082397 0.999814 0.007697 -0.001169 -0.017626
897 2639 5.319855 5.645142 -0.073215 0.946525 -0.010297 0.011360 0.322268
585 1336 -6.466873 0.093735 -0.083879 0.999988 -0.001326 -0.002777 0.003842
33 2423 -9.000431 1.920157 0.015039 0.969526 -0.007309 0.003738 -0.244850
35 2447 9.637194 -0.303731 0.107569 0.999978 0.000864 0.001324 -0.006355
523 1311 5.233902 7.283981 -0.111012 0.711068 -0.027311 0.005259 0.702573
808 2569 -7.365692 6.584358 -0.163749 0.949077 0.004938 -0.005932 -0.314949
872 2631 9.862350 -1.091500 0.259836 0.999678 0.007390 -0.013617 -0.020110
6 2356 5.912683 7.985746 -0.148355 0.781699 -0.000951 -0.014220 -0.623493
819 1555 -7.866562 -0.730494 -0.024911 0.783849 0.000371 -0.006216 0.620920
11 2421 7.432399 2.630916 -0.080659 0.958270 -0.007985 0.004596 -0.285716
58 2468 9.356522 -0.419645 0.220691 0.999978 0.006497 0.000330 0.000784
741 1494 8.317532 0.176086 0.184752 0.999959 -0.003415 -0.000230 0.008374
17 2341 -0.907001 7.864665 -0.165173 0.777792 0.005001 -0.013646 -0.628353
805 2586 7.656555 -4.959229 0.055087 0.929376 0.010179 -0.003714 -0.368976
801 1571 7.575241 6.106125 0.087465 0.956942 0.000505 0.005485 0.290229
2315 2419 7.067682 3.275769 -0.003294 0.921958 -0.013239 0.007039 0.386998
816 1543 -7.363953 -2.705864 -0.022284 0.834001 0.001062 0.005320 0.551737
822 1560 -9.284561 0.519944 0.029274 0.750414 -0.003602 -0.006418 0.660928
574 1340 6.697250 -0.110229 0.053768 0.999291 -0.000105 0.002245 -0.037584
821 1549 -9.248352 -3.036472 -0.004730 0.769578 0.000437 -0.000159 0.638553
798 1517 -8.522453 -3.221863 -0.166131 0.984110 -0.002221 0.003625 0.177507
19 2331 -2.320110 7.874690 -0.169991 0.777475 0.001732 -0.013532 -0.628766
802 1518 -8.781586 -4.131851 -0.058664 0.968071 -0.002303 0.011286 0.250411
2349 2421 6.118645 3.165317 -0.015555 0.926323 -0.009035 0.008728 0.376521
2301 2386 6.998838 0.353103 0.203406 0.997072 -0.007743 -0.005215 0.075897
790 1515 -7.552750 -1.813248 -0.097995 0.998139 0.004775 0.004929 0.060597
786 2573 6.456882 3.158783 0.188520 0.784066 0.011241 -0.003553 -0.620565
12 2359 2.402404 7.923717 -0.191049 0.779800 -0.002027 -0.008824 -0.625963
1546 2584 4.639014 -8.348495 0.132281 0.746798 0.011081 -0.013288 -0.664825
18 2398 -1.560874 7.769187 -0.153581 0.779931 0.000620 -0.013087 -0.625728
125 2504 -8.868065 -2.738428 -0.103465 0.989199 0.001463 0.005246 0.146477
683 1427 -8.074799 -0.168518 -0.118069 0.999988 -0.001704 -0.002277 0.003980
775 1539 7.104140 -1.104538 0.177676 0.999826 0.015575 -0.010224 -0.000222
1559 2583 0.195543 -7.448471 -0.135264 0.733165 0.014204 0.002017 -0.679900
611 1377 8.602402 -0.051514 0.172697 0.999978 0.000517 -0.002111 -0.006317
556 1303 -6.491745 0.530197 0.004014 0.976465 -0.016212 0.004338 0.215023
17 2361 -0.895141 7.882193 -0.163380 0.778532 0.005349 -0.013554 -0.627436
22 2338 -4.609561 7.886333 -0.297330 0.775214 0.007057 -0.021248 -0.631302
610 1360 -6.356232 -0.087723 -0.108838 1.000000 0.000270 0.000316 0.000338
780 1556 8.789566 -0.588013 0.259217 0.998773 0.007185 -0.017755 0.045668
2357 2423 6.842680 4.045882 -0.038987 0.906632 -0.010422 0.006457 0.421744
911 2633 -6.516258 0.384262 0.025367 0.787943 0.015814 0.003717 0.615533
731 1482 6.237894 -0.011185 0.113363 0.999986 -0.001144 0.002275 0.004649
2325 2423 6.896019 4.034700 0.031543 0.907055 -0.011881 0.002170 0.420839
669 1429 7.675774 -0.049240 0.150363 0.999912 -0.004111 -0.002205 -0.012441
672 1417 -8.083817 -0.075211 -0.091807 0.999980 0.006163 0.001505 0.000114
2302 2358 6.533494 0.370328 0.192387 0.996968 -0.007656 -0.005010 0.077269
662 1423 8.067612 0.053314 0.099245 0.999985 -0.005289 0.001365 -0.000900
20 2363 -3.069508 7.882616 -0.219533 0.776442 0.004997 -0.016514 -0.629953
2301 2353 7.020427 0.352138 0.205340 0.996977 -0.007976 -0.005621 0.077079
20 2400 -2.991702 7.654219 -0.214543 0.782457 -0.000222 -0.020410 -0.622370
753 1507 8.195742 -0.390594 0.183180 0.998493 0.007167 -0.000148 -0.054417
1534 2569 5.177563 7.290176 -0.020465 0.747717 0.010181 -0.011734 -0.663836
554 1328 9.745193 1.497345 0.081793 0.999784 -0.020061 0.000382 -0.005368
820 2589 5.851913 -1.363449 0.038567 0.998160 0.015660 0.001018 -0.058562
663 1422 6.032158 0.030472 0.074337 0.999994 -0.003218 0.001428 0.000450
100 2509 8.890579 -0.579856 0.272722 0.999779 -0.001180 -0.004950 -0.020390
901 2623 -7.745865 -4.624908 -0.019073 0.920085 0.007296 0.011059 0.391494
899 2625 -5.974136 -2.670517 0.051469 0.939786 -0.006868 0.014639 0.341382
18 2361 -1.598919 7.882962 -0.153725 0.777758 0.003345 -0.011253 -0.628454
757 1489 -9.392315 -0.174637 -0.163096 0.999956 0.004440 0.001827 0.008095
886 2617 -9.086487 -1.960487 -0.076879 0.996978 0.003638 0.003621 0.077518
97 2507 9.502960 -0.390558 0.254609 0.999910 -0.001352 -0.008736 -0.010069
600 1348 -8.766937 0.040161 -0.151506 0.999993 0.002288 -0.001996 -0.002068
791 2570 3.258087 6.669388 0.043847 0.813502 0.009901 -0.008344 -0.581418
615 1381 8.905518 -0.083008 0.148237 0.999974 0.003206 -0.000110 -0.006451
18 2344 -1.606201 7.853768 -0.156127 0.778000 0.002835 -0.011451 -0.628153
808 1527 -6.864258 -3.471573 -0.012789 0.922386 -0.004843 0.010468 0.386098
2324 2426 8.024467 5.637855 0.009738 0.878302 -0.009012 0.006544 0.477976
892 2637 6.478577 3.133881 0.078329 0.977256 -0.011131 0.008235 0.211609
794 2570 1.717789 6.923492 -0.008865 0.835688 0.008202 -0.009585 -0.549059
814 1568 -2.509415 6.438622 -0.016458 0.844181 -0.004259 0.006829 0.535997
743 1479 -8.174246 -0.107300 -0.158520 0.999984 0.005241 -0.001026 -0.001840
1524 2573 8.441698 3.510788 0.163435 0.758618 0.002636 -0.014343 -0.651373
26 2415 -5.845879 4.277738 -0.110548 0.902369 -0.006495 -0.008174 -0.430839
2332 2423 6.847435 4.051391 -0.046493 0.906508 -0.009922 0.007063 0.422012
6 2365 5.922367 7.979000 -0.148619 0.782489 -0.000702 -0.014180 -0.622502
778 1505 -9.492939 -0.525772 -0.237127 0.999948 -0.004440 -0.003543 -0.008493
716 1455 -9.748116 -0.318848 -0.180813 0.999976 0.005951 -0.001391 -0.003350
1542 2583 5.387604 -7.185669 0.116614 0.750934 0.011383 -0.012053 -0.660169
75 2485 9.536667 -0.311001 0.168843 0.999984 0.004836 -0.000424 0.002751
106 2513 8.417465 -0.969010 0.209952 0.999379 0.006758 -0.007785 -0.033709
532 1312 4.802626 5.071335 0.046533 0.863686 -0.024341 -0.004576 0.503421
690 1435 -6.245720 -0.225830 -0.126991 0.999968 -0.001121 -0.002406 -0.007532
523 1293 7.860458 -0.819733 0.108984 0.360382 -0.014695 0.009358 0.932642
28 2419 -6.240452 3.080294 -0.022420 0.940965 -0.010670 -0.002575 -0.338326
520 1301 6.739792 3.252884 -0.004667 0.491426 -0.021290 0.010748 0.870592
718 1473 9.093441 0.013229 0.198977 0.999912 0.004492 -0.006662 0.010563
530 1310 4.518356 4.701782 0.028925 0.817813 -0.026399 -0.002067 0.574875
2297 2374 9.230810 0.272809 0.248035 0.997420 -0.004379 -0.004774 0.071495
769 1526 7.430010 -1.209915 0.134330 0.999514 0.021260 -0.002329 -0.022683
1546 2583 4.517997 -7.238770 0.112061 0.747666 0.012108 -0.012770 -0.663842
20 2317 -3.420369 9.360848 -0.281090 0.746691 0.007931 -0.021503 -0.664776
110 2514 7.000526 -1.051335 0.155126 0.999322 0.012215 -0.010328 -0.033166
682 1425 -9.267570 -0.187759 -0.174689 0.999966 -0.000945 -0.004642 0.006730
783 1555 7.118471 -0.337051 0.185307 0.997994 0.008191 -0.014004 0.061191
573 1340 7.531723 -0.173035 0.058785 0.999097 -0.001525 0.002503 -0.042379
850 2596 -8.901230 -0.372950 -0.183197 0.999972 0.003446 -0.006512 0.000824
149 2517 -7.031063 -0.131203 0.006359 0.749563 0.008299 0.001829 0.661878
784 2576 7.981709 -0.110886 0.224715 0.775133 0.020907 -0.004578 -0.631436
910 2640 -4.169334 7.276047 0.135571 0.794200 0.008410 0.003081 0.607590
34 2427 -7.565182 0.971702 -0.006072 0.985962 0.001248 0.003802 -0.166923
523 1295 7.222824 -0.097763 0.087151 0.405042 -0.014427 0.009467 0.914135
550 1293 -7.209091 -3.050873 -0.053552 0.864674 -0.009620 -0.000239 0.502242
136 2525 4.616432 8.103134 0.068646 0.914760 0.009068 0.013452 0.403671
871 2628 7.654449 -0.921414 0.176744 0.999551 0.006997 -0.010773 -0.027063
530 1287 5.894417 -5.822418 0.207826 0.414598 -0.023833 0.006801 0.909667
146 2514 -6.332632 -2.517563 -0.068507 0.781430 0.014039 -0.000348 0.623834
791 2569 2.906876 7.600067 0.036810 0.814568 0.014281 -0.007398 -0.579845
17 2387 -0.900088 7.896557 -0.162608 0.777424 0.005195 -0.013538 -0.628810
20 2323 -3.136435 8.083180 -0.230970 0.773442 0.008188 -0.012278 -0.633696
2296 2370 9.825254 0.242970 0.263228 0.997379 -0.003288 -0.005285 0.072093
794 2568 0.885696 8.737732 -0.039855 0.836797 0.015250 -0.007801 -0.547246
848 2596 -7.256210 -0.405961 -0.118238 0.999974 0.004889 -0.004450 0.002977
795 1517 -7.810501 -2.519974 -0.112515 0.991363 0.000626 0.005915 0.131013
2362 2420 5.775160 2.770821 -0.001142 0.935158 -0.010242 0.006872 0.354016
2339 2423 6.854736 4.037034 -0.040613 0.906983 -0.010269 0.006622 0.420990
58 2454 -6.456203 -0.469029 -0.109912 0.999986 0.004648 0.000422 -0.002609
858 2603 -7.550171 -0.317429 -0.092775 0.999987 -0.001672 -0.000777 -0.004807
549 1324 8.725418 2.285522 0.048184 0.999144 -0.020189 -0.000500 0.036091
779 1508 -7.866341 -0.673828 -0.189386 0.999817 0.000766 -0.003153 -0.018860
806 1530 -5.713104 -2.399483 0.005562 0.936428 -0.004891 0.010342 0.350674
732 1486 9.361687 0.077835 0.150697 0.999955 -0.002113 0.003955 0.008393
1571 2570 -7.576039 6.186920 -0.308065 0.724307 0.003886 -0.018210 -0.689225
23 2347 -5.403933 7.878057 -0.321841 0.775323 0.006008 -0.021838 -0.631159
577 1343 6.890305 -0.087509 0.094397 0.999744 0.001960 -0.000464 -0.022519
31 2421 -8.106594 2.479497 -0.012957 0.956306 -0.007808 0.001705 -0.292258
2344 2423 6.845895 4.020308 -0.039126 0.907517 -0.010250 0.006649 0.419836
21 2375 -3.840253 7.877053 -0.265807 0.776493 0.006801 -0.019888 -0.629775
600 1347 -9.734253 0.044296 -0.171103 0.999990 0.002528 -0.002219 -0.002840
837 2600 6.274902 -0.257885 0.072781 0.999937 -0.004499 0.005514 0.008668
820 2591 8.050858 -1.598354 0.051732 0.998115 0.013378 0.002334 -0.059854
732 1483 6.312109 0.007111 0.108738 0.999978 -0.001203 0.002761 0.005839
95 2505 9.287117 -0.289291 0.249254 0.999965 -0.000742 -0.006217 -0.005563
10 2418 6.747440 3.499177 -0.068879 0.935043 -0.011728 -0.002137 -0.354334
602 1366 6.310181 -0.056549 0.134654 0.999989 0.000484 -0.001705 -0.004304
523 1306 5.307816 4.672333 -0.031330 0.645985 -0.022534 0.001962 0.763015
139 2508 -7.446003 -5.759521 -0.132767 0.879028 0.005938 0.001602 0.476731
51 2445 -9.223816 -0.317805 -0.179839 0.999888 0.001440 -0.010882 -0.010202
68 2475 6.258156 -0.376813 0.173725 0.999975 0.001159 -0.006944 -0.000821
723 1461 -9.739029 -0.247101 -0.182912 0.999998 0.002057 0.000710 -0.000324
613 1378 7.794006 -0.065750 0.160553 0.999973 0.002132 -0.002001 -0.006717
639 1386 -8.439293 -0.017334 -0.065095 0.999905 0.002444 0.002017 -0.013380
152 2514 -8.667713 -3.642761 -0.181479 0.726543 0.010142 -0.003615 0.687036
105 2496 -8.168625 -0.247580 -0.167847 0.999875 0.005447 -0.002790 -0.014609
1538 2572 4.753014 4.293854 -0.008185 0.747829 -0.000081 -0.008093 -0.663842
21 2385 -3.831721 7.897846 -0.267026 0.775913 0.006828 -0.019998 -0.630486
2315 2420 7.412225 3.693162 -0.014136 0.912214 -0.013636 0.009559 0.409377
792 2583 7.630146 -5.890717 0.071941 0.826419 0.016584 -0.007450 -0.562763
11 2368 3.013080 7.929430 -0.202315 0.780292 -0.002634 -0.009506 -0.625338
560 1307 -6.773376 1.309052 -0.039788 0.995536 -0.011512 0.000197 0.093675
11 2322 2.920970 8.275844 -0.222932 0.774297 -0.001051 -0.006310 -0.632790
780 1552 7.473787 -0.706635 0.218511 0.999122 0.009465 -0.013632 0.038461
1540 2579 5.236567 -2.994293 0.096668 0.752329 0.018174 -0.003642 -0.658527
131 2524 7.338539 5.694801 0.084694 0.959393 0.000247 0.009756 0.281903
9 2337 4.189068 7.936446 -0.190099 0.780998 -0.001906 -0.013533 -0.624384
18 2365 -1.600245 7.873995 -0.155474 0.777412 0.003133 -0.011353 -0.628881
880 2633 8.096466 -0.758283 0.233834 0.999901 0.008701 -0.006154 0.009139
10 2388 3.604894 7.951008 -0.200899 0.781342 -0.002117 -0.011279 -0.623998
816 1571 -3.337280 8.059441 0.007669 0.818291 0.000727 0.011175 0.574695
526 1291 7.079102 -2.723114 0.143155 0.384150 -0.017962 0.004927 0.923083
754 1490 -6.244225 -0.068909 -0.115680 0.999976 0.004607 0.000755 0.005048
7 2394 5.362968 7.949580 -0.155467 0.782936 -0.001515 -0.015079 -0.621917
8 2324 4.741407 8.075942 -0.177926 0.780158 0.002392 -0.010433 -0.625491
643 1405 7.355499 0.070663 0.085092 0.999984 -0.004409 0.001010 0.003321
542 1321 8.336464 4.471558 0.104983 0.983854 -0.020822 -0.005668 0.177670
841 2591 -7.093674 -0.517751 -0.126572 0.999972 0.000058 -0.002285 0.007123
1542 2571 3.885778 5.281540 -0.049860 0.744565 -0.000136 -0.010785 -0.667462
141 2525 0.374367 8.976120 0.061920 0.851075 0.002748 0.007358 0.524985
794 2567 0.484299 9.634491 -0.045025 0.837096 0.015387 -0.008286 -0.546777
522 1296 7.296158 0.645798 0.075605 0.409467 -0.016720 0.010643 0.912110
1552 2570 1.752946 6.127563 -0.048472 0.731628 0.004028 -0.004560 -0.681677
21 2362 -3.832721 7.889475 -0.266239 0.775855 0.007013 -0.019897 -0.630559
22 2385 -4.604472 7.909198 -0.298027 0.775030 0.007275 -0.021416 -0.631519
9 2320 3.994193 8.723649 -0.221542 0.770067 -0.000633 -0.014093 -0.637806
13 2326 1.776089 7.892688 -0.170895 0.779414 0.002069 -0.006985 -0.626468
535 1286 2.300039 -7.695587 0.160293 0.531269 -0.023174 0.006749 0.846859
858 2620 9.243759 -0.537557 0.169915 0.999953 0.001148 0.001175 -0.009513
19 2361 -2.307292 7.876686 -0.173040 0.777286 0.002832 -0.012425 -0.629018
40 2449 6.923548 -0.338412 0.080264 0.999981 0.002111 0.002220 -0.005419
786 2581 8.404152 -4.995361 0.102642 0.788340 0.027556 -0.003598 -0.614612
810 1535 -6.074997 -2.495850 -0.020480 0.900642 -0.007169 0.005945 0.434462
87 2480 -8.783638 -0.367508 -0.191759 0.999983 0.004451 -0.003755 -0.000017
7 2389 5.347391 7.997113 -0.157082 0.781858 -0.000629 -0.014682 -0.623283
590 1339 -8.261887 0.066437 -0.115909 0.999998 0.000168 -0.002183 -0.000287
10 2331 3.597795 7.939762 -0.198349 0.781488 -0.003062 -0.012459 -0.623789
12 2356 2.394685 7.919382 -0.193227 0.779472 -0.002347 -0.008952 -0.626368
19 2378 -2.312629 7.869410 -0.174671 0.776517 0.002566 -0.012519 -0.629967
790 2569 3.436897 7.494522 0.088155 0.807154 0.016678 -0.007559 -0.590057
577 1328 -6.090179 0.300598 -0.066535 0.999937 0.003856 -0.002119 -0.010287
803 2570 -3.353020 6.892830 -0.057100 0.909827 0.005261 -0.005693 -0.414915
2296 2354 9.833647 0.242138 0.262992 0.997460 -0.003346 -0.005585 0.070927
132 2509 -5.811989 -2.743435 -0.069273 0.952904 0.000621 0.004722 0.303236
782 1551 6.311634 -0.586746 0.161846 0.998806 0.009199 -0.011344 0.046611
14 2345 1.112694 7.896855 -0.165046 0.779490 0.003700 -0.014985 -0.626224
19 2376 -2.315729 7.870662 -0.174173 0.776879 0.002627 -0.012458 -0.629522
21 2396 -3.805015 7.817737 -0.263090 0.778170 0.005608 -0.020374 -0.627699
830 2581 -9.356354 -1.024118 -0.052709 0.999752 0.002556 0.007644 0.020750
819 1564 -6.946869 3.314613 0.009897 0.782662 -0.008648 0.000958 0.622386
22 2408 -3.983249 6.292051 -0.233601 0.829270 0.002978 -0.023051 -0.558364
21 2394 -3.820583 7.852815 -0.264747 0.777085 0.005984 -0.020443 -0.629035
521 1295 8.013077 0.636230 0.088359 0.365124 -0.015925 0.013772 0.930721
745 1479 -9.945835 -0.080856 -0.183982 0.999977 0.005591 -0.000584 -0.003820
86 2495 8.175728 -0.230194 0.196727 0.999988 0.002923 -0.001285 0.003617
807 1522 -8.035278 -4.526253 0.014916 0.933962 -0.004984 0.015446 0.357004
767 1498 -8.573422 -0.094650 -0.176627 0.999951 -0.005027 -0.001040 0.008453
569 1315 -8.455475 1.299393 -0.044125 0.999922 0.000140 -0.001022 -0.012462
2298 2399 8.806414 0.343183 0.229922 0.996808 -0.006047 -0.009386 0.079049
628 1391 7.041130 0.110825 0.103458 0.999835 0.001615 0.000739 0.018080
15 2352 0.432579 7.873737 -0.175889 0.778693 0.005909 -0.017827 -0.627124
655 1415 6.343842 0.028885 0.107022 0.999999 -0.001474 -0.000278 -0.000733
867 2608 -8.718628 -0.325656 -0.168792 0.999926 0.000958 0.001597 -0.011985
815 1545 -6.792007 -2.042835 -0.006732 0.844682 0.000627 0.006628 0.535227
751 1502 6.100500 -0.066528 0.149750 0.999560 -0.001012 -0.002721 -0.029515
22 2371 -4.607718 7.890706 -0.297928 0.775809 0.007247 -0.021310 -0.630567
536 1287 1.316936 -7.337524 0.151008 0.566714 -0.023841 0.006816 0.823541
28 2440 8.813223 -0.208170 0.128537 0.999917 -0.003652 -0.006430 -0.010556
775 1504 -8.704885 -0.344162 -0.216210 0.999910 -0.005504 -0.003984 -0.011571
120 2518 6.613739 0.040230 0.164352 0.998935 0.006705 -0.003524 0.045522
912 2634 -6.833942 1.117554 0.063178 0.774229 0.010774 0.008899 0.632751
22 2433 7.557066 0.068411 0.177632 0.997474 0.009116 -0.015446 -0.068734
1531 2579 7.153822 -2.895279 0.195294 0.756398 0.021374 -0.007496 -0.653719
50 2459 7.806919 -0.405460 0.158253 0.999998 0.001308 0.000107 -0.001307
529 1287 6.598888 -5.416275 0.226956 0.389187 -0.023903 0.008218 0.920812
1533 2577 6.426750 -0.820877 0.155811 0.752434 0.012005 -0.009155 -0.658495
2323 2424 7.370961 4.594321 0.039845 0.895882 -0.011300 0.003397 0.444135
787 2571 5.518639 5.263687 0.165944 0.787425 0.011890 -0.006356 -0.616262
17 2331 -0.907966 7.880136 -0.160399 0.778719 0.004251 -0.014665 -0.627188
2327 2425 7.554616 5.049489 0.022704 0.888167 -0.008516 0.006342 0.459398
767 1530 9.900986 -1.275055 0.169927 0.999624 0.019807 -0.002396 -0.018832
554 1296 -8.241241 -1.451447 -0.068944 0.914084 -0.008160 -0.000567 0.405442
2297 2400 9.467010 0.339653 0.248022 0.996580 -0.005305 -0.010911 0.081733
21 2431 6.750131 0.323361 0.119795 0.995072 0.009195 -0.011812 -0.098022
10 2416 6.045686 4.087226 -0.081393 0.915918 -0.010180 -0.001373 -0.401235
11 2422 7.903246 2.379383 -0.074229 0.964787 -0.009269 0.003896 -0.262839
787 1516 -5.997032 -1.367966 -0.087413 0.999468 0.009444 0.004498 0.030900
561 1302 -9.735794 0.789078 -0.071735 0.977632 -0.009549 -0.000740 0.210105
637 1386 -6.500092 -0.025253 -0.090507 0.999927 0.001615 -0.001179 -0.011906
542 1285 -3.381523 -8.326050 -0.000672 0.679547 -0.017914 0.004242 0.733401
22 2329 -4.617760 7.878800 -0.295884 0.775883 0.007970 -0.020731 -0.630485
22 2384 -4.605090 7.908882 -0.298329 0.775685 0.007315 -0.021345 -0.630717
2302 2377 6.524656 0.370164 0.192419 0.997087 -0.007700 -0.005102 0.075718
781 2573 8.753695 2.614258 0.287870 0.762951 0.015667 -0.003643 -0.646256
879 2617 -6.329407 -0.677097 -0.115253 0.999969 0.001449 -0.002413 -0.007316
554 1326 8.189835 1.493530 0.066910 0.999820 -0.017891 0.000077 -0.006269
39 2431 -9.670261 0.229141 -0.107747 0.995135 0.012449 -0.000698 -0.097730
520 1300 6.960358 2.828140 0.011383 0.468273 -0.020192 0.011923 0.883273
2308 2415 7.725881 2.306273 0.063877 0.950013 -0.016281 0.006711 0.311713
34 2443 6.253305 -0.270188 0.084235 0.999960 -0.000393 -0.002916 -0.008439
19 2382 -2.315777 7.881769 -0.173719 0.776679 0.002579 -0.012463 -0.629768
551 1296 -6.799789 -1.771576 -0.081053 0.904385 -0.007579 -0.002528 0.426642
817 1563 -5.736084 3.295784 0.003179 0.808266 -0.011571 -0.002825 0.588698
527 1310 4.837807 5.594543 -0.006971 0.767505 -0.025799 0.001037 0.640522
777 1547 7.666952 -1.006287 0.215225 0.999744 0.014952 -0.009047 0.014372
22 2398 -4.564176 7.780734 -0.294667 0.777849 0.004711 -0.023124 -0.628008
817 1567 -4.999115 5.459774 0.005111 0.808081 -0.003685 0.004921 0.589040
907 2641 -1.209999 8.584930 0.128000 0.837690 0.009558 0.009903 0.545973
7 2408 6.007094 6.390838 -0.099777 0.835253 -0.004322 -0.015604 -0.549627
15 2427 8.231833 1.148547 0.095257 0.986700 0.000998 -0.006965 -0.162399
816 1530 -8.443192 -5.198116 -0.046005 0.839612 -0.002506 0.007833 0.543124
22 2352 -4.610203 7.865257 -0.298506 0.774572 0.006981 -0.021515 -0.632082
865 2623 6.815552 -0.655216 0.142290 0.999898 0.006383 -0.000204 -0.012781
11 2357 3.014782 7.920201 -0.202448 0.779727 -0.002759 -0.009583 -0.626041
892 2636 5.610733 2.738647 0.075264 0.977233 -0.010513 0.008992 0.211715
675 1434 7.298744 -0.197754 0.080420 0.999874 0.002689 0.000613 -0.015618
590 1357 8.674255 0.075333 0.155950 0.999996 -0.000628 0.001462 -0.002446
2360 2422 6.483578 3.565494 -0.017661 0.917033 -0.009749 0.007096 0.398628
2303 2355 6.057190 0.381231 0.180820 0.996770 -0.006908 -0.004876 0.079863
779 1550 7.382250 -0.834320 0.215551 0.999438 0.010720 -0.014298 0.028350
1539 2571 4.447851 5.296829 -0.030808 0.746487 0.000500 -0.009003 -0.665339
819 1559 -7.534363 0.838926 -0.008304 0.782142 -0.003263 -0.010385 0.623005
2373 2424 7.199004 4.500438 -0.047580 0.897940 -0.008963 0.008396 0.439947
518 1300 7.571609 3.385056 -0.006271 0.437116 -0.019232 0.013081 0.899104
11 2330 3.006291 7.917461 -0.198627 0.780316 -0.003357 -0.010817 -0.625283
2307 2417 8.703568 2.898646 0.058401 0.933590 -0.015419 0.005186 0.357974
720 1473 7.098124 -0.012436 0.154935 0.999929 0.003329 -0.006390 0.009508
626 1392 9.894562 0.177567 0.146441 0.999802 0.000047 -0.000166 0.019909
517 1297 8.783432 2.579376 0.026427 0.350634 -0.017339 0.013526 0.936254
773 1535 7.385952 -1.169357 0.160691 0.999813 0.016853 -0.006942 -0.006434
14 2350 1.108669 7.879579 -0.166102 0.778801 0.003627 -0.015141 -0.627078
133 2508 -6.794922 -3.635181 -0.068679 0.944528 0.003506 0.003021 0.328398
825 2594 8.487091 -0.680668 0.075984 0.999963 0.008409 0.001942 -0.000242
599 1348 -7.880066 0.043808 -0.136391 0.999994 0.001839 -0.002154 -0.002014
2297 2397 9.318026 0.303977 0.247699 0.997161 -0.004851 -0.006487 0.074857
22 2409 -3.862052 6.048424 -0.215094 0.839001 0.004125 -0.022351 -0.543655
20 2361 -3.064654 7.885168 -0.218379 0.776772 0.005025 -0.016507 -0.629546
816 1532 -8.252563 -4.762558 -0.041376 0.838378 -0.002564 0.007245 0.545035
23 2352 -5.400737 7.868510 -0.322560 0.774215 0.005947 -0.021962 -0.632513
704 1447 -6.843155 -0.331345 -0.156310 0.999967 0.003520 -0.005990 -0.004111
809 1525 -7.575104 -4.255135 -0.014506 0.915127 -0.005534 0.011410 0.402966
544 1284 -4.961563 -8.526962 -0.038776 0.708400 -0.014293 0.004298 0.705654
2302 2366 6.529686 0.375640 0.190764 0.997015 -0.007562 -0.005027 0.076673
641 1388 -8.403603 -0.050125 -0.084139 0.999954 -0.000679 0.001627 -0.009425
805 1522 -7.632957 -3.935585 0.024192 0.948366 0.000301 0.016119 0.316769
820 1564 -7.622864 3.064827 0.053739 0.770866 -0.006041 0.001600 0.636966
2346 2422 6.472834 3.573501 -0.018494 0.916991 -0.009362 0.007299 0.398730
15 2317 0.071006 9.375495 -0.236661 0.749889 0.009389 -0.022511 -0.661115
2343 2422 6.472867 3.551121 -0.017815 0.917661 -0.009510 0.007338 0.397183
2300 2375 7.541436 0.326550 0.229741 0.997133 -0.007678 -0.005912 0.075041
817 1552 -7.108688 -1.065399 -0.031440 0.812007 -0.002105 -0.003176 0.583635
916 2633 -9.190495 -0.751495 -0.030382 0.737433 0.013597 0.003061 0.675277
2297 2366 9.246088 0.278383 0.245694 0.997401 -0.004178 -0.004839 0.071767
2337 2421 6.116262 3.170272 -0.016920 0.926247 -0.008969 0.008816 0.376708
30 2417 -8.808170 3.675726 -0.033051 0.922271 -0.010767 -0.003788 -0.386375
21 2408 -3.205933 6.282327 -0.206018 0.830058 0.002663 -0.021601 -0.557253
809 1528 -6.909424 -3.517975 -0.018783 0.912957 -0.005657 0.009762 0.407900
721 1462 -6.560356 -0.261353 -0.134993 0.999995 0.002958 -0.000059 0.001491
7 2339 5.343804 7.969471 -0.156915 0.781876 -0.000957 -0.014690 -0.623260
9 2416 6.640659 4.108956 -0.053745 0.916195 -0.010062 -0.003410 -0.400592
719 1460 -6.906975 -0.278763 -0.147432 0.999990 0.004385 -0.000251 0.000644
618 1366 -7.809189 -0.104538 -0.102562 0.999995 -0.000227 0.000463 0.003217
22 2376 -4.609953 7.888742 -0.297568 0.775286 0.007276 -0.021315 -0.631209
815 2574 -7.214493 2.211094 -0.009336 0.986081 0.001291 -0.002316 -0.166246
1554 2570 1.171908 6.114105 -0.058950 0.729260 0.002742 -0.003451 -0.684223
2298 2357 8.662439 0.292754 0.231272 0.997399 -0.005257 -0.004831 0.071725
559 1327 6.427170 0.847427 0.037427 0.998871 -0.018498 0.001631 -0.043724
1535 2578 6.134060 -1.905136 0.124387 0.752149 0.016074 -0.005523 -0.658774
762 1515 6.814066 -0.892044 0.123753 0.998512 0.019040 0.002632 -0.051038
761 1494 -7.803067 -0.102600 -0.133961 0.999898 0.000054 0.001742 0.014149
30 2418 -8.430815 3.366335 -0.029681 0.932162 -0.011524 -0.003664 -0.361840
151 2517 -8.009305 -0.506325 -0.052719 0.732742 0.009884 -0.004439 0.680420
888 2620 -6.990891 -1.946285 -0.052780 0.993568 0.003809 0.005090 0.113060
129 2522 6.630211 3.863148 0.133737 0.972666 -0.000138 0.008000 0.232072
2333 2423 6.859061 4.028633 -0.041227 0.907298 -0.009976 0.006693 0.420317
16 2316 -0.625442 9.621965 -0.258949 0.743244 0.009434 -0.021684 -0.668602
16 2346 -0.228909 7.877636 -0.186556 0.778131 0.005996 -0.017269 -0.627836
693 1436 -8.086819 -0.238525 -0.218160 0.999925 -0.000309 -0.007509 -0.009679
708 1463 7.681690 -0.141617 0.095809 0.999951 0.001555 0.000761 0.009754
520 1308 5.705795 6.477737 -0.131784 0.630183 -0.028007 0.006531 0.775913
806 1572 4.956070 8.006248 -0.060863 0.922452 -0.000176 0.011446 0.385942
43 2437 -8.710915 -0.256379 -0.133353 0.999653 0.007674 -0.006609 -0.024317
81 2489 7.280533 -0.237221 0.165558 0.999989 -0.000341 0.000610 0.004584
584 1332 -8.980194 0.053757 -0.121887 0.999978 0.000537 -0.003822 0.005400
692 1451 9.562683 -0.280914 0.197678 0.999944 0.007344 -0.003544 0.006676
813 1531 -7.456039 -4.037041 0.010267 0.872047 -0.005382 0.010818 0.489273
731 1469 -8.214176 -0.143250 -0.188092 0.999996 0.000679 0.000946 -0.002503
2339 2421 6.130437 3.163179 -0.016664 0.926350 -0.009050 0.008727 0.376455
18 2332 -1.608926 7.874569 -0.155430 0.776489 0.002422 -0.011786 -0.630016
93 2487 -7.450478 -0.358339 -0.149902 0.999993 0.002449 -0.002929 -0.000087
14 2409 1.884378 6.063795 -0.097708 0.842476 0.001432 -0.015692 -0.538504
136 2509 -6.495834 -3.938232 -0.051475 0.915453 0.007029 0.007740 0.402290
21 2406 -3.426403 6.756445 -0.220493 0.813152 0.000542 -0.023291 -0.581585
819 1548 -8.317795 -2.669897 -0.047810 0.793377 -0.001675 0.000398 0.608728
560 1328 6.635513 0.699600 0.047975 0.998630 -0.017378 0.001669 -0.049322
810 2573 -5.237549 3.842255 -0.087872 0.962756 -0.004475 -0.006910 -0.270247
2336 2421 6.129049 3.150661 -0.018563 0.926729 -0.009018 0.008947 0.375516
19 2362 -2.311323 7.882770 -0.173879 0.776566 0.002808 -0.012460 -0.629907
784 1562 9.748257 0.230148 0.264186 0.997642 -0.000039 -0.008066 0.068163
8 2414 6.629131 4.725127 -0.039270 0.895881 -0.009275 -0.005621 -0.444161
817 1544 -7.674820 -2.806858 -0.046421 0.821268 0.000183 0.004702 0.570524
20 2320 -3.258662 8.652173 -0.249313 0.764997 0.005768 -0.017208 -0.643778
2364 2422 6.489821 3.557319 -0.016238 0.917219 -0.009736 0.007122 0.398201
104 2513 9.770294 -0.893829 0.316750 0.999458 0.004520 -0.011586 -0.030479
128 2505 -8.555458 -3.492077 -0.131424 0.976902 0.002824 0.001389 0.213665
15 2383 0.437729 7.910908 -0.175184 0.778988 0.006204 -0.017647 -0.626760
872 2610 -9.670898 -0.255522 -0.187806 0.999756 0.000747 -0.001145 -0.022036
907 2628 -6.450439 -2.890335 -0.016865 0.851999 0.019704 0.005671 0.523143
807 2587 8.156891 -4.945099 0.139298 0.944221 0.007237 -0.007192 -0.329154
817 1561 -6.057388 2.301247 0.002926 0.809651 -0.008025 -0.006459 0.586821
129 2521 5.690208 3.382763 0.134306 0.972749 0.000010 0.005104 0.231804
22 2320 -4.792781 8.662268 -0.330913 0.763896 0.008306 -0.021940 -0.644913
560 1330 8.214386 0.558807 0.059499 0.998469 -0.018565 0.001434 -0.052097
140 2522 -0.338856 6.094276 0.093587 0.866160 0.000575 0.008328 0.499697
813 1545 -5.995499 -1.560593 0.008867 0.866038 -0.001911 0.008783 0.499898
533 1290 2.994256 -5.421600 0.091940 0.537842 -0.020199 0.000136 0.842803
2301 2408 8.644581 0.892148 0.228376 0.986086 -0.009205 -0.006945 0.165836
665 1426 8.358788 0.037277 0.144366 0.999927 -0.008653 -0.005615 -0.006371
101 2492 -9.398254 -0.214061 -0.228694 0.999931 0.001340 -0.006210 -0.009874
877 2631 7.454788 -1.051579 0.207905 0.999713 0.008840 -0.013878 -0.017396
704 1445 -9.077923 -0.319016 -0.200398 0.999958 0.002921 -0.003647 -0.007857
6 2395 5.938810 7.939947 -0.145740 0.783604 -0.001655 -0.014584 -0.621087
598 1347 -7.942108 0.060822 -0.151490 0.999990 0.002212 -0.002768 -0.002658
634 1397 7.560295 0.138519 0.134978 0.999919 0.002176 -0.004004 0.011915
752 1488 -6.558599 -0.050812 -0.134177 0.999989 0.004733 0.000136 0.000781
796 1521 -6.087334 -2.126312 -0.117442 0.987776 0.002750 0.005593 0.155756
784 1512 -7.317249 -1.164795 -0.112765 0.999972 0.006663 0.002322 0.002529
600 1365 7.169418 -0.057251 0.134726 0.999985 0.000842 -0.001236 -0.005333
805 2584 6.037170 -3.482597 0.040263 0.929650 0.010400 -0.002726 -0.368286
774 1504 -8.165316 -0.305237 -0.195482 0.999890 -0.004912 -0.003275 -0.013577
777 1506 -8.285479 -0.490768 -0.211905 0.999838 -0.002752 -0.003197 -0.017516
2301 2391 7.003356 0.356647 0.202588 0.997131 -0.007876 -0.006177 0.075031
1555 2569 0.754807 7.099747 -0.050938 0.729303 0.007056 -0.001542 -0.684153
2297 2360 9.233736 0.275039 0.248230 0.997432 -0.004210 -0.004710 0.071342
118 2503 -7.619957 -1.123495 -0.172281 0.999456 0.010762 0.000751 0.031170
2330 2425 7.571688 5.055133 -0.084861 0.888183 -0.007415 0.011843 0.459278
2335 2426 7.915903 5.603333 -0.081728 0.879284 -0.006238 0.011426 0.476119
1566 2581 -3.654718 -5.290421 -0.060632 0.733296 0.019074 -0.011356 -0.679547
680 1440 8.965851 -0.293701 0.173786 0.999902 0.007562 -0.003670 -0.011207
568 1338 9.654083 -0.377899 0.075351 0.997967 -0.006792 0.002899 -0.063301
111 2498 -9.653770 -0.385273 -0.192293 0.999824 0.013200 -0.001879 -0.013159
895 2624 -5.675095 -2.268600 -0.039909 0.967379 -0.001897 0.006660 0.253240
538 1283 0.272530 -9.568130 0.217153 0.578758 -0.025883 0.008275 0.815046
786 2572 6.210114 4.163147 0.178094 0.782879 0.011291 -0.004605 -0.622055
2298 2356 8.649252 0.289681 0.230179 0.997405 -0.005336 -0.005000 0.071628
128 2521 6.188835 3.067165 0.127347 0.978066 0.000360 0.005825 0.208212
17 2396 -0.871025 7.816675 -0.161784 0.780126 0.003945 -0.014062 -0.625452
94 2501 6.147278 -0.251232 0.176858 0.999995 0.001708 -0.002640 -0.000147
894 2638 6.285797 4.194427 0.029147 0.966529 -0.011390 0.006434 0.256222
21 2409 -3.084024 6.039011 -0.188103 0.839767 0.003834 -0.020894 -0.542531
9 2328 4.193604 7.933813 -0.195075 0.780147 -0.000184 -0.010390 -0.625510
777 1543 6.871370 -1.036636 0.189656 0.999758 0.017576 -0.009573 0.009111
832 2582 -9.790665 -0.953631 -0.064418 0.999805 0.001737 0.004283 0.019219
784 2578 8.417519 -2.182190 0.188524 0.777169 0.027751 -0.000133 -0.628680
97 2491 -6.996964 -0.294007 -0.142619 0.999989 0.000168 -0.003813 -0.002819
785 2570 6.218679 6.037216 0.197103 0.777240 0.015895 -0.006936 -0.628965
11 2381 3.017285 7.942458 -0.203267 0.779775 -0.002679 -0.009576 -0.625981
23 2378 -5.397356 7.890724 -0.322104 0.774567 0.006186 -0.021820 -0.632086
50 2445 -8.155788 -0.351537 -0.138945 0.999914 0.001123 -0.009713 -0.008778
801 1517 -9.076073 -4.062485 -0.102395 0.973296 -0.003910 0.007829 0.229388
16 2329 -0.234377 7.875021 -0.184750 0.779104 0.006954 -0.016604 -0.626636
529 1309 4.477367 4.507355 0.014941 0.791463 -0.026750 -0.002336 0.610627
562 1303 -9.891464 0.989456 -0.076342 0.983293 -0.010291 -0.000534 0.181740
86 2494 7.117363 -0.248782 0.177894 0.999990 0.002872 -0.002284 0.002604
9 2395 4.215561 7.911824 -0.187407 0.782498 -0.002485 -0.013783 -0.622495
782 1560 9.610855 -0.178391 0.267155 0.998285 0.003251 -0.013784 0.056805
18 2408 -0.969875 6.283751 -0.113820 0.831142 -0.000230 -0.012696 -0.555915
729 1480 6.033249 -0.028137 0.115619 0.999982 -0.001832 0.002739 0.004975
112 2516 7.965683 -1.057782 0.222244 0.999492 0.011985 -0.011973 -0.026990
797 2570 0.065918 7.079636 -0.037462 0.860178 0.009746 -0.013843 -0.509713
775 1541 7.496280 -1.101471 0.190813 0.999815 0.016571 -0.009678 0.001506
789 1561 7.257805 0.880112 0.202790 0.994099 -0.002226 -0.009653 0.108025
724 1463 -8.354023 -0.228531 -0.135596 0.999997 0.001161 0.001908 0.000170
678 1439 9.816940 -0.305283 0.173630 0.999879 0.005797 -0.002874 -0.014110
22 2400 -4.529327 7.663566 -0.291193 0.781366 0.002178 -0.025202 -0.623560
7 2346 5.343788 7.966388 -0.157132 0.781646 -0.000947 -0.014618 -0.623550
2357 2425 7.563053 5.060885 -0.057621 0.887758 -0.007759 0.010507 0.460125
13 2348 1.769984 7.885528 -0.167948 0.778215 0.000332 -0.010885 -0.627904
141 2524 -0.111649 8.009552 0.061063 0.850524 -0.000113 0.007676 0.525879
10 2394 3.619150 7.911451 -0.201040 0.781809 -0.003004 -0.011922 -0.623397
11 2406 3.439497 6.813691 -0.166912 0.817107 -0.008289 -0.012411 -0.576293
802 2569 -3.423264 7.726532 -0.120674 0.902649 0.008989 -0.007447 -0.430218
614 1378 6.924843 -0.066315 0.136579 0.999977 0.001514 -0.001145 -0.006583
807 2585 6.382324 -3.549835 0.089816 0.944483 0.005811 -0.005597 -0.328460
820 1570 -6.885544 6.657853 0.048195 0.769291 0.002940 0.009868 0.638816
791 1566 9.160091 1.965027 0.181409 0.990537 0.004093 0.002151 0.137169
20 2371 -3.070865 7.881125 -0.219958 0.776885 0.004798 -0.016532 -0.629407
573 1342 9.356873 -0.335632 0.065432 0.999075 -0.001363 0.002931 -0.042888
7 2400 5.431365 7.750408 -0.151518 0.788056 -0.005673 -0.018398 -0.615303
685 1429 -7.870728 -0.188812 -0.092330 0.999997 0.000892 0.001823 0.001266
649 1412 8.937943 0.091309 0.170162 0.999991 -0.003474 -0.002252 0.000320
798 1564 5.228310 3.178680 0.147099 0.971758 -0.010263 -0.003546 0.235727
847 2608 6.704803 -0.269476 0.116435 0.999985 0.000439 0.005358 0.000381
696 1440 -6.687695 -0.337540 -0.071423 0.999970 0.002493 0.001275 -0.007159
120 2505 -6.323967 -1.269343 -0.101714 0.998368 0.008229 -0.000292 0.056516
19 2346 -2.317995 7.863262 -0.174246 0.776495 0.002361 -0.012535 -0.629994
11 2369 3.018043 7.926983 -0.202688 0.780314 -0.002712 -0.009522 -0.625310
896 2640 6.813553 5.925240 -0.046604 0.954336 -0.006987 0.008967 0.298520
11 2348 3.011948 7.914554 -0.204284 0.779175 -0.002924 -0.009616 -0.626725
798 2584 7.136551 -5.455093 0.190534 0.872574 0.015938 -0.014109 -0.488018
612 1360 -8.125153 -0.108093 -0.152961 0.999999 -0.000133 -0.000464 0.001015
775 1544 8.095799 -1.110947 0.211766 0.999788 0.017897 -0.008903 0.005056
1565 2581 -3.057403 -5.310837 -0.087172 0.734735 0.021576 -0.009359 -0.677947
102 2494 -8.103806 -0.242482 -0.195439 0.999912 0.002903 -0.005976 -0.011452
806 1522 -7.816116 -4.230858 0.025706 0.941132 -0.003281 0.016118 0.337639
1550 2567 1.940361 9.128113 -0.065920 0.737109 0.011271 -0.004749 -0.675663
2357 2426 7.907121 5.610929 -0.080192 0.878877 -0.006362 0.011270 0.476873
2300 2385 7.521167 0.336197 0.228085 0.997202 -0.007587 -0.005998 0.074127
724 1464 -7.199043 -0.219711 -0.121994 0.999997 0.001048 0.002058 0.000716
132 2506 -8.290138 -4.529606 -0.109903 0.951765 0.002767 0.000655 0.306815
1527 2570 6.975504 6.433502 0.034420 0.752480 0.005719 -0.016306 -0.658389
2364 2426 7.933982 5.589025 -0.078305 0.879371 -0.006578 0.011203 0.475960
53 2447 -9.135178 -0.380510 -0.137524 0.999947 0.003358 -0.005238 -0.008225
765 1519 6.988586 -1.080002 0.110325 0.998924 0.022772 0.004300 -0.040164
1573 2578 -8.482685 -2.050217 0.007356 0.726610 0.011724 -0.006902 -0.686915
558 1328 7.759735 0.922989 0.029392 0.999089 -0.022106 0.002699 -0.036412
69 2462 -9.212463 -0.440496 -0.181846 0.999993 -0.002894 -0.002006 0.001599
2298 2384 8.633541 0.297890 0.229486 0.997276 -0.005163 -0.004713 0.073421
2298 2376 8.653368 0.291897 0.230397 0.997322 -0.005214 -0.004733 0.072790
817 1568 -4.821243 6.042377 -0.009018 0.807867 -0.003720 0.003454 0.589343
753 1508 8.861698 -0.480560 0.199974 0.998222 0.008910 -0.000189 -0.058932
2300 2398 7.651675 0.369440 0.228942 0.996825 -0.008254 -0.008876 0.078699
663 1409 -7.908188 -0.041718 -0.147173 0.999998 0.001408 -0.000864 0.000943
14 2363 1.116282 7.898405 -0.164825 0.779371 0.004050 -0.014955 -0.626371
515 1307 6.963501 7.004211 -0.135660 0.553360 -0.026833 0.007481 0.832476
744 1498 8.954008 0.141052 0.189929 0.999974 -0.005629 -0.000980 -0.004271
2299 2386 8.062645 0.324473 0.226821 0.997223 -0.006446 -0.005365 0.073993
550 1292 -7.447433 -3.453049 -0.052742 0.851726 -0.010341 0.000926 0.523884
635 1383 -7.525780 0.001221 -0.124461 0.999895 0.000625 -0.002840 -0.014229
778 1546 6.986685 -0.967896 0.198634 0.999693 0.016449 -0.008781 0.016338
2351 2423 6.843524 4.035439 -0.040040 0.907085 -0.010218 0.006695 0.420769
18 2366 -1.601003 7.868575 -0.155754 0.777304 0.003230 -0.011390 -0.629014
656 1403 -7.463440 -0.065384 -0.118640 0.999994 0.003290 0.000916 0.001032
672 1432 8.031113 -0.167328 0.099317 0.999855 0.000436 0.003459 -0.016693
12 2340 2.395415 7.905493 -0.193058 0.779563 -0.002367 -0.009030 -0.626254
776 1539 6.596693 -1.074402 0.171035 0.999813 0.016008 -0.010635 0.002015
15 2409 1.204660 6.066492 -0.102881 0.842558 0.003464 -0.018571 -0.538275
11 2335 3.009126 7.918076 -0.203577 0.780263 -0.002906 -0.009708 -0.625370
2296 2374 9.816698 0.239537 0.264468 0.997404 -0.003346 -0.005201 0.071747
776 1547 8.183430 -1.051132 0.225097 0.999775 0.015567 -0.008944 0.011338
17 2324 -0.935372 7.994583 -0.169616 0.776695 0.008529 -0.009449 -0.629749
1524 2574 8.601305 2.516037 0.185226 0.758744 0.003676 -0.014550 -0.651216
8 2415 6.921889 4.407434 -0.031560 0.906344 -0.009215 -0.004640 -0.422415
804 2583 5.438477 -2.976761 0.016653 0.921989 0.012885 -0.001633 -0.386997
551 1325 8.739059 1.907578 0.099903 0.999744 -0.016295 -0.001926 0.015567
793 1567 8.956383 2.645554 0.141110 0.986980 0.001844 0.002411 0.160817
821 2578 -6.601135 -0.217122 0.032634 0.998964 0.012304 0.010077 -0.042625
142 2525 -0.516766 8.999519 0.086099 0.835907 0.003460 0.006071 0.548827
19 2409 -1.558043 6.033497 -0.113618 0.840407 0.000461 -0.013045 -0.541798
1529 2575 7.118217 1.329483 0.162918 0.753198 0.006930 -0.013009 -0.657629
1557 2568 -0.020163 8.083069 -0.002343 0.727620 0.010947 0.002314 -0.685889
812 1533 -6.919571 -3.353775 -0.006548 0.881312 -0.006361 0.009074 0.472405
84 2491 6.185333 -0.245070 0.105466 0.999987 0.001346 0.001712 0.004508
582 1349 8.201813 0.079193 0.164452 0.999995 -0.000791 -0.001327 -0.002916
777 1504 -9.735275 -0.445480 -0.252456 0.999953 -0.005705 -0.004615 -0.006311
62 2471 8.357075 -0.413163 0.139123 0.999936 0.010826 0.002680 0.001605
750 1486 -6.889755 -0.037506 -0.142158 0.999988 0.004402 0.000452 -0.002101
14 2329 1.105072 7.884868 -0.163089 0.779881 0.004572 -0.014390 -0.625746
2355 2426 7.941315 5.562521 -0.078155 0.880153 -0.006288 0.011272 0.474515
1570 2577 -6.479298 -1.030304 -0.064158 0.729631 0.009601 -0.013294 -0.683645
2308 2416 8.037002 2.590778 0.051763 0.942135 -0.016253 0.006483 0.334776
13 2383 1.776540 7.913832 -0.167397 0.779026 0.000574 -0.010847 -0.626898
2307 2408 6.030609 0.950991 0.084216 0.985408 -0.007147 -0.000392 0.170060
815 1537 -7.477570 -3.471172 -0.013497 0.849351 -0.000654 0.005708 0.527797
53 2463 9.108139 -0.405445 0.175944 0.999996 0.001937 -0.001992 -0.000757
884 2635 8.322723 0.185350 0.173992 0.998059 0.005717 0.006316 0.061693
540 1290 -1.948448 -5.933853 0.027642 0.696679 -0.022664 0.000683 0.717025
837 2601 7.398254 -0.236104 0.067126 0.999930 -0.003770 0.006102 0.009403
788 1558 6.264526 0.432144 0.170015 0.994591 0.000456 -0.015646 0.102679
15 2389 0.434177 7.920497 -0.174665 0.779230 0.006262 -0.017767 -0.626455
597 1365 9.840714 -0.033081 0.191434 0.999986 0.000260 -0.001702 -0.005032
897 2621 -8.454132 -4.329269 0.044720 0.953778 -0.005044 0.011313 0.300256
665 1411 -7.667633 -0.033600 -0.162873 0.999995 0.001326 -0.003005 -0.000073
13 2325 1.761374 7.935341 -0.171235 0.779401 0.002940 -0.007037 -0.626479
886 2636 8.446854 0.896198 0.126524 0.995233 0.006581 0.010320 0.096757
10 2399 3.664936 7.787058 -0.200513 0.784725 -0.006020 -0.014260 -0.619651
62 2458 -6.233452 -0.461092 -0.056567 0.999995 0.001850 0.002065 0.001380
2296 2390 9.802900 0.245108 0.262424 0.997344 -0.003229 -0.005769 0.072534
23 2412 -4.092147 5.200249 -0.191486 0.869844 -0.000633 -0.016796 -0.493041
