idx1 idx2 t_1 t_2 t_3 q_1 q_2 q_3 q_4
234 1662 -10.634491 0.149444 -0.244936 -0.033646 -0.015030 -0.006196 0.999302
2483 2533 10.201813 4.228878 0.029821 0.916714 -0.007697 -0.027331 0.398535
2545 3865 -9.922974 -3.386536 -0.171889 0.715375 0.008988 -0.012538 0.698571
2470 3874 9.088379 5.266342 0.330505 0.642834 -0.005549 -0.021058 0.765696
783 1409 11.600952 0.078308 0.140322 0.035441 -0.002939 0.009372 0.999323
2472 3875 7.939545 6.725468 0.316500 0.629398 -0.007602 -0.020823 0.776767
43 1845 9.043490 4.338665 -0.142520 0.959191 -0.019301 0.000945 -0.282097
159 1743 -10.298645 0.047340 -0.229557 -0.006403 -0.020269 -0.001955 0.999772
3988 4053 9.448875 -5.431183 0.300114 0.884642 -0.005623 -0.011822 -0.466088
787 1439 -10.152054 3.089310 -0.182248 0.156108 -0.013063 -0.001639 0.987652
762 1434 10.941872 1.438858 0.223798 0.001190 -0.012397 0.003822 0.999915
261 1606 -7.750992 -6.781482 -0.380991 0.544403 -0.005900 -0.019097 0.838586
2491 3860 9.696075 -2.855217 0.174388 0.390146 -0.013075 -0.000591 0.920660
795 1436 -10.463120 5.155563 -0.166543 0.314605 -0.015042 -0.014860 0.948987
809 1396 -5.071106 -9.209373 -0.154474 0.592242 -0.007714 -0.006715 0.805695
25 1832 7.591726 7.901210 -0.054090 0.844024 -0.003594 -0.014007 -0.536110
49 1819 4.559747 10.889254 -0.423699 0.678062 -0.000665 -0.014418 -0.734863
2468 3875 9.842651 5.977547 0.418736 0.659591 -0.006642 -0.024382 0.751200
213 1666 10.059143 0.099851 0.244962 -0.023629 -0.014853 -0.013417 0.999520
59 1818 5.676628 8.827591 -0.173932 0.518446 0.015451 -0.024386 -0.854623
3978 4036 9.866314 -1.847778 0.184025 0.960630 0.013374 -0.007631 -0.277404
700 1518 6.614197 -8.014091 0.366650 0.677444 -0.006729 0.002312 -0.735540
22 73 9.975514 6.548324 0.030639 0.797274 -0.011677 0.016086 0.603290
27 1840 9.061476 5.841981 0.051233 0.929046 -0.010697 -0.011211 -0.369639
98 1810 -11.050617 2.737864 -0.338638 0.025904 -0.020481 0.029902 0.999007
240 1615 10.431641 -4.475212 0.049899 0.412670 -0.000398 -0.023180 0.910585
2503 3856 8.100708 -8.457679 0.319108 0.501164 -0.021072 0.015996 0.864947
2472 2522 11.313019 -1.447357 0.010402 0.959179 0.018545 0.019464 0.281520
259 1592 -4.789337 -10.282300 -0.490865 0.672677 0.009138 -0.010944 0.739799
803 1430 -9.536240 5.223696 -0.048447 0.466741 -0.012270 -0.008918 0.884264
27 1825 6.432682 9.696883 -0.118921 0.770248 0.010952 -0.020382 -0.637325
104 1800 -10.841446 2.505238 -0.078914 0.030017 -0.017384 0.019143 0.999215
719 1474 9.107126 4.787186 -0.026350 -0.276925 -0.010777 0.007772 0.960800
219 1656 10.300888 0.443360 0.215370 -0.011948 -0.016109 -0.000373 0.999799
261 1600 -7.158188 -8.173696 -0.445498 0.618192 0.005796 -0.016622 0.785830
767 1452 -10.414764 2.029541 -0.218539 0.023546 -0.014774 0.019065 0.999432
76 1803 10.958797 4.395823 0.022194 -0.063874 -0.022377 0.037609 0.996998
735 1494 -10.182373 1.075958 -0.056770 -0.025584 -0.009112 0.018109 0.999467
212 1667 10.438110 0.036047 0.286727 -0.023644 -0.018195 -0.011216 0.999492
64 1815 6.690458 7.947987 -0.023976 -0.391732 -0.021498 0.024907 0.919491
788 1404 10.991592 -2.229706 0.143249 0.132563 -0.003562 -0.001096 0.991168
23 1836 8.760834 6.812811 0.015451 0.886291 -0.006122 -0.015339 -0.462835
29 1829 6.495852 8.664621 -0.093742 0.815297 0.002987 -0.011841 -0.578915
710 1478 8.658493 7.212326 0.119164 -0.472317 -0.014179 -0.003317 0.881309
40 1824 4.719734 9.972677 -0.285420 0.756139 0.004584 -0.015100 -0.654221
63 1815 6.644503 8.365166 -0.062133 -0.417085 -0.020678 0.025154 0.908284
4003 4059 8.855652 -5.631180 0.299895 0.915222 -0.009624 -0.011750 -0.402663
109 1773 10.498402 1.065174 0.188358 0.035150 -0.016746 0.004949 0.999229
232 1632 10.254944 -0.211528 0.283998 0.142712 -0.016509 -0.002061 0.989625
207 1674 10.435715 -0.436429 0.151113 -0.036908 -0.015065 -0.001098 0.999204
2475 3877 5.920807 9.401455 0.196781 0.607740 -0.013537 -0.017604 0.793826
204 1698 -10.437424 -1.562081 -0.155936 0.010160 -0.011671 -0.016449 0.999745
136 1765 -10.417217 0.075211 -0.101229 -0.002842 -0.010854 -0.006201 0.999918
2483 3862 9.941559 -3.411415 -0.028149 0.483904 0.003260 -0.005179 0.875100
237 1623 10.486572 -2.384529 0.130062 0.268083 -0.006302 -0.018667 0.963194
705 1483 7.871811 6.924194 0.085232 0.564347 0.010160 0.006883 -0.825447
773 1421 11.155411 1.332245 0.241628 -0.040621 -0.014350 0.010856 0.999013
785 1409 10.541046 -0.586334 0.133679 0.063370 -0.003233 0.009289 0.997942
225 1643 11.027176 0.713126 0.251602 0.015195 -0.016073 0.001243 0.999754
696 1490 8.458786 7.170326 -0.092383 0.705424 -0.005264 -0.011381 -0.708675
237 1659 -11.158661 0.389727 -0.154931 -0.022181 -0.012804 -0.004735 0.999661
247 1597 6.581543 -8.816030 -0.329264 0.639989 0.015264 -0.018202 0.768017
2125 2179 10.464348 5.873192 0.014405 0.776080 -0.025024 -0.010121 0.630057
3998 4059 9.105072 -6.439270 0.304365 0.897933 -0.007539 -0.011317 -0.439923
75 1806 9.367810 4.641234 -0.004844 -0.088042 -0.019385 0.039226 0.995155
775 1419 10.965637 1.338181 0.268071 -0.039654 -0.017572 0.011278 0.998995
26 1833 7.589787 7.605442 -0.040310 0.855662 -0.004184 -0.013233 -0.517348
241 1653 -10.736816 0.591921 -0.184217 -0.007914 -0.013155 -0.004060 0.999874
777 1418 10.244080 1.241135 0.263359 -0.033351 -0.018450 0.011297 0.999210
238 1657 -10.642227 0.462670 -0.133932 -0.016568 -0.012442 -0.005059 0.999773
4006 4060 9.323547 -6.102676 0.268750 0.911574 -0.008733 -0.010043 -0.410921
814 1405 -10.667816 -4.119934 -0.122910 0.650334 0.001317 -0.014627 0.759506
2469 3874 9.539429 5.078171 0.349033 0.650041 -0.005598 -0.021519 0.759574
28 1824 6.206839 10.011149 -0.137601 0.758655 0.011516 -0.021328 -0.651041
164 1739 -10.957687 0.099539 -0.140051 0.001347 -0.017048 -0.004826 0.999842
2546 3866 -10.470551 -2.450272 -0.201092 0.711060 0.005428 -0.016171 0.702924
748 1471 -10.400162 1.264999 -0.152910 -0.025192 -0.016980 0.020694 0.999324
798 1397 6.410660 -7.962978 0.038780 0.350174 -0.013396 -0.012124 0.936510
731 1464 10.873535 2.706329 -0.001409 -0.058427 -0.014462 0.021234 0.997961
24 74 9.597418 7.188485 -0.019307 0.778709 -0.013224 0.017292 0.627007
258 1593 -3.825745 -10.010534 -0.465516 0.669424 0.012145 -0.012323 0.742679
2473 2526 11.832245 -0.488739 -0.009895 0.948282 0.007457 0.010590 0.317165
228 1637 11.176392 0.474381 0.299481 0.076853 -0.023962 0.007224 0.996728
1912 1964 7.698067 -8.190911 0.191532 0.760923 0.016213 -0.008631 -0.648582
790 1401 11.018448 -3.655334 0.097324 0.179337 -0.008660 -0.004708 0.983738
65 1811 8.105244 8.844192 -0.023185 -0.358556 -0.023206 0.027307 0.932820
799 1433 -9.780029 5.239872 -0.224022 0.394011 -0.017684 -0.017703 0.918765
2494 3858 10.362518 -4.360336 0.286505 0.391001 -0.024749 0.008220 0.920021
36 1829 5.538268 8.708043 -0.209725 0.816806 -0.001789 -0.007794 -0.576857
2509 3856 4.199707 -10.489456 0.163354 0.620232 -0.015317 0.011954 0.784177
122 1780 -11.825382 1.215416 -0.166079 0.029312 -0.016094 -0.006559 0.999419
2539 3876 -5.529480 9.039337 0.298594 0.772088 -0.007561 -0.018873 0.635191
32 1824 5.588503 10.045140 -0.203964 0.760407 0.009000 -0.019765 -0.649083
773 1422 10.521561 1.276443 0.226490 -0.038754 -0.013773 0.010142 0.999102
44 1849 10.988973 3.186988 -0.155005 0.976608 -0.014758 0.000526 -0.214520
47 1823 4.501843 9.843193 -0.377977 0.723485 -0.000798 -0.013270 -0.690212
795 1396 9.388412 -7.061134 0.026059 0.284444 -0.011668 -0.009798 0.958572
2546 3874 -10.268616 6.107635 0.044792 0.730149 -0.010625 -0.015065 0.683039
2467 3873 10.591339 3.679390 0.363811 0.658588 -0.004074 -0.022660 0.752151
692 1507 10.487000 0.533821 0.288350 0.758751 0.002471 -0.018293 -0.651119
172 1731 -10.127281 0.030724 -0.051496 0.006221 -0.011052 -0.008824 0.999881
714 1477 8.659973 5.910217 -0.046986 -0.390765 -0.008299 0.001914 0.920451
169 1734 -10.442810 0.075083 -0.154867 0.004343 -0.015492 -0.010424 0.999816
1920 1970 7.420639 -7.078150 0.158194 0.858484 0.010138 -0.007387 -0.512687
128 1755 10.995514 0.041670 0.219747 0.013689 -0.018030 -0.005071 0.999731
769 1425 11.621140 1.306274 0.220634 -0.038810 -0.013921 0.009782 0.999102
239 1616 11.079605 -4.175071 0.039563 0.390041 0.001256 -0.022779 0.920515
229 1636 10.737350 0.363733 0.301009 0.092495 -0.023642 0.006620 0.995410
766 1454 -11.520187 2.145142 -0.282176 0.017918 -0.015323 0.025325 0.999401
250 1639 -10.587967 0.369414 -0.108759 0.065479 -0.015361 0.004050 0.997727
95 1818 -11.622851 2.899220 -0.108196 0.011124 -0.009496 0.023214 0.999623
689 1504 11.683578 2.238182 0.229720 0.760799 -0.000212 -0.015237 -0.648809
87 1841 -10.811126 0.304161 -0.037124 -0.375612 0.001538 0.019199 0.926577
238 1619 11.109207 -3.432102 0.074914 0.342666 -0.001515 -0.023554 0.939161
719 1517 -8.515135 -7.212372 0.104776 -0.309231 -0.006999 -0.004539 0.950950
242 1610 9.583618 -5.748384 0.009314 0.494156 -0.004868 -0.022412 0.869071
41 1847 10.182672 3.971318 -0.122909 0.970864 -0.018004 -0.002353 -0.238941
183 1703 10.243080 -0.880564 0.192196 0.007754 -0.014709 -0.013921 0.999765
134 1768 -11.651104 0.183235 -0.099653 -0.000928 -0.013012 -0.002908 0.999911
736 1459 11.829842 1.945267 0.021164 -0.002751 -0.007742 0.024814 0.999658
742 1483 -11.856400 1.408173 -0.077073 -0.000363 -0.017182 0.004837 0.999841
3985 4049 9.429081 -4.104767 0.236763 0.908903 -0.002371 -0.010924 -0.416858
796 1396 8.555908 -7.504997 0.006401 0.305751 -0.011919 -0.011414 0.951968
754 1464 -10.149559 1.443954 -0.135080 -0.030007 -0.017062 0.015121 0.999290
30 1846 11.004984 4.405191 0.065341 0.968180 -0.016328 -0.008878 -0.249564
92 1789 10.716515 2.283590 -0.238404 -0.001305 -0.004233 0.026000 0.999652
810 1425 -10.678802 5.141151 0.001261 0.588510 -0.010094 -0.006255 0.808403
235 1625 11.445053 -1.765481 0.233086 0.231530 -0.011320 -0.015766 0.972634
253 1592 1.069916 -10.253878 -0.408580 0.672764 0.014908 -0.007115 0.739673
751 1468 -10.924706 1.311066 -0.252945 -0.031501 -0.019251 0.022427 0.999067
809 1395 -4.931488 -9.677689 -0.164060 0.590384 -0.008334 -0.005019 0.807064
241 1610 10.488388 -5.746688 0.016585 0.494067 -0.004510 -0.023014 0.869108
202 1701 -11.279129 -1.446501 -0.160330 0.003323 -0.012977 -0.015321 0.999793
693 1508 10.114655 -0.113777 0.313638 0.754350 0.002264 -0.020782 -0.656140
36 1827 5.329432 9.222942 -0.233897 0.795134 0.001644 -0.010871 -0.606334
22 1827 7.673053 9.086802 -0.098022 0.789612 0.005671 -0.019061 -0.613284
157 1745 -10.342987 0.085958 -0.219174 -0.004441 -0.020801 -0.000198 0.999774
689 1506 11.841980 1.261810 0.263974 0.764247 0.001771 -0.014974 -0.644748
31 1836 7.363900 6.897021 -0.059043 0.889321 -0.005648 -0.010068 -0.457138
1909 1960 8.656883 -7.984945 0.263202 0.747265 0.015904 -0.005705 -0.664311
45 1821 4.382939 10.641621 -0.386214 0.716191 -0.000617 -0.013906 -0.697766
708 1521 -0.411499 -11.381393 0.101757 0.531067 -0.000629 0.006533 -0.847305
221 1650 11.694916 0.588803 0.271963 -0.008376 -0.018238 -0.001921 0.999797
702 1484 7.957642 7.636932 0.025774 0.615941 0.005811 -0.000906 -0.787770
48 1825 4.583582 9.140810 -0.347694 0.734112 -0.000727 -0.011119 -0.678937
2129 2183 8.726341 7.536751 -0.096990 0.735229 -0.026768 -0.017541 0.677063
776 1419 10.294968 1.294235 0.269976 -0.037677 -0.018289 0.011097 0.999061
261 1622 -11.601822 -2.836146 -0.299951 0.293547 -0.007821 -0.018704 0.955730
263 1608 -10.058914 -6.358598 -0.422785 0.522230 -0.005953 -0.021140 0.852522
691 1498 10.334412 4.717735 0.126241 0.744047 0.001776 -0.012492 -0.668008
2482 3877 2.162598 10.300110 0.099483 0.531258 -0.018032 -0.017028 0.846847
83 1851 -10.515781 -4.359873 -0.033598 0.548448 0.010418 -0.016618 -0.835954
730 1464 11.562759 3.008514 -0.071004 -0.070794 -0.011316 0.020901 0.997208
2507 3877 -1.816345 11.542789 -0.308114 0.608228 -0.034866 -0.006609 0.792968
782 1442 -10.639191 2.297455 -0.200229 0.077364 -0.014285 0.006001 0.996882
2477 3877 4.881348 9.709970 0.092271 0.587998 -0.014496 -0.013931 0.808612
746 1450 11.463753 1.602249 0.068936 0.018022 -0.014225 0.015479 0.999617
33 1843 9.262276 5.133320 -0.014710 0.954964 -0.014344 -0.003963 -0.296350
135 1766 -10.402378 0.112030 -0.102447 -0.000093 -0.012234 -0.004575 0.999915
770 1425 10.817612 1.257034 0.222449 -0.036669 -0.015005 0.010657 0.999158
78 1801 11.401276 3.470018 0.024137 -0.025129 -0.021711 0.034793 0.998843
800 1393 5.772583 -9.937819 0.026615 0.390841 -0.017706 -0.008097 0.920252
23 1835 8.548056 7.055963 -0.008077 0.875653 -0.006664 -0.015606 -0.482642
805 1430 -10.147232 6.222607 -0.010480 0.513857 -0.011051 -0.009872 0.857748
76 1856 -5.114454 -9.295244 0.218282 0.683459 0.010106 -0.030166 -0.729295
26 1842 9.911021 5.322070 0.074875 0.945112 -0.013343 -0.009903 -0.326325
247 1645 -11.329666 0.446545 -0.116203 0.012117 -0.011763 -0.005990 0.999839
794 1435 -9.480438 4.260918 -0.167271 0.295023 -0.014639 -0.015094 0.955258
724 1512 -9.856474 -3.821243 -0.044158 -0.216585 -0.004666 0.014429 0.976146
2475 2527 11.468903 0.300659 -0.028768 0.939570 0.004404 0.013496 0.342063
30 1829 6.343822 8.675932 -0.117807 0.815588 0.002026 -0.011697 -0.578512
3983 4047 9.751774 -3.607697 0.214649 0.919524 -0.000602 -0.007139 -0.392968
1921 1976 8.423073 -8.459019 0.203239 0.868284 0.008498 -0.002318 -0.495990
732 1500 -10.215210 0.350342 -0.081797 -0.069092 -0.012794 0.023837 0.997243
1917 1970 7.514961 -8.191385 0.194172 0.820777 0.009692 -0.008561 -0.571103
253 1635 -10.977676 0.100291 -0.062041 0.121326 -0.011861 0.008171 0.992508
261 1601 -7.255569 -7.918555 -0.431374 0.606512 0.003009 -0.017382 0.794879
43 1824 4.573327 9.856771 -0.303734 0.748742 0.003196 -0.014324 -0.662699
3993 4058 9.563416 -7.145447 0.237446 0.873911 -0.004746 -0.006210 -0.486023
693 1496 9.440048 5.323143 0.107939 0.732318 0.003365 -0.017181 -0.680738
811 1397 -7.260117 -8.354935 -0.159569 0.624271 -0.002751 -0.007991 0.781162
722 1515 -9.912350 -5.380539 -0.008937 -0.249914 -0.006703 0.001395 0.968244
238 1621 10.384415 -2.921581 0.094686 0.301790 -0.003496 -0.021053 0.953135
243 1606 9.283081 -6.711843 -0.047357 0.544493 -0.004428 -0.018750 0.838544
246 1647 -11.609497 0.490214 -0.137451 0.002792 -0.014635 -0.005538 0.999874
246 1598 7.406250 -8.546029 -0.282520 0.633427 0.014052 -0.018614 0.773451
692 1498 9.911041 4.626030 0.148216 0.741027 0.002461 -0.013891 -0.671327
41 1822 4.561601 10.533417 -0.326504 0.737106 0.002753 -0.014760 -0.675610
35 1829 5.659019 8.702794 -0.183398 0.817062 -0.000599 -0.008169 -0.576492
39 1845 9.412220 4.610437 -0.106973 0.963123 -0.018643 -0.001150 -0.268413
88 1793 10.597281 2.083420 0.052709 0.015487 -0.008579 0.034194 0.999258
39 1821 4.617308 10.898255 -0.326922 0.733931 0.003176 -0.015456 -0.679041
2475 2525 11.017822 -0.081612 -0.023670 0.941386 0.001975 0.014432 0.337018
248 1594 5.873550 -9.574798 -0.397250 0.655339 0.017659 -0.015118 0.754976
702 1482 8.180954 8.496841 0.015610 0.616871 0.006770 0.002774 -0.787030
114 1768 10.926266 0.537859 0.156498 0.036829 -0.014941 0.003048 0.999205
697 1518 8.709946 -7.056129 0.430676 0.717966 -0.011350 -0.000766 -0.695986
28 1841 9.220848 5.588884 0.048563 0.938299 -0.011503 -0.009739 -0.345497
2486 3861 10.062164 -3.375820 0.083417 0.446596 -0.003383 -0.001238 0.894729
1913 1966 7.601974 -8.404993 0.153470 0.771342 0.012848 -0.009286 -0.636224
692 1514 11.133453 -3.365089 0.432846 0.759723 -0.006777 -0.015621 -0.650024
88 1840 -11.401881 0.483116 -0.003845 -0.356874 0.001971 0.018622 0.933965
702 1483 8.067474 8.063202 0.012802 0.616348 0.006062 0.001922 -0.787448
39 1848 10.908167 3.870537 -0.087648 0.977398 -0.015942 -0.003077 -0.210782
232 1665 -11.027847 -0.058309 -0.269336 -0.036988 -0.012146 -0.008869 0.999202
229 1635 11.336380 0.266704 0.320006 0.105653 -0.022430 0.005611 0.994134
3999 4058 8.629028 -5.717255 0.292781 0.907162 -0.007465 -0.010791 -0.420577
29 1837 7.897703 6.616912 -0.007101 0.899051 -0.004369 -0.010479 -0.437698
2529 3878 1.352036 11.544159 0.170511 0.842182 -0.022610 -0.013050 0.538561
3984 4051 10.447552 -5.001038 0.247341 0.890314 -0.003609 -0.009565 -0.455232
3978 4043 11.155243 -2.937988 0.198176 0.935289 0.008223 -0.005491 -0.353747
3975 4036 11.463161 -2.073273 0.166707 0.957877 0.017930 -0.004807 -0.286578
1912 1966 7.784378 -8.679499 0.189037 0.760314 0.012393 -0.010537 -0.649352
32 1825 5.658476 9.747197 -0.192499 0.772313 0.008339 -0.018111 -0.634930
1921 1971 7.526588 -6.985596 0.178846 0.869856 0.008442 -0.006559 -0.493190
70 1809 8.832272 6.905859 -0.062469 -0.233338 -0.019324 0.034501 0.971591
3991 4055 9.108002 -5.963715 0.268588 0.881600 -0.002980 -0.008713 -0.471908
2517 3856 -1.674942 -11.260178 0.032850 0.759526 -0.018961 0.002131 0.650197
785 1440 -10.183304 2.709534 -0.162589 0.125010 -0.013149 0.002377 0.992066
35 1828 5.545343 8.969219 -0.195678 0.805935 0.000904 -0.009365 -0.591930
695 1491 8.686066 6.987198 -0.057088 0.714854 -0.003138 -0.015324 -0.699099
67 1810 8.545579 8.206316 -0.053342 -0.309416 -0.021368 0.031111 0.950177
168 1718 10.916748 -0.170723 0.220395 0.004535 -0.016719 -0.009971 0.999800
202 1680 10.859848 -1.022642 0.144151 -0.034466 -0.010101 -0.017918 0.999194
812 1404 -8.898361 -4.996780 -0.076049 0.633156 0.001609 -0.012456 0.773922
4007 4059 8.878876 -5.581467 0.189975 0.916220 -0.008957 -0.006782 -0.400518
122 1761 10.528049 0.059221 0.178106 0.028150 -0.018365 -0.006685 0.999413
64 1812 7.650894 8.943903 -0.028167 -0.382195 -0.022756 0.025217 0.923457
98 1809 -10.500234 2.699913 -0.328353 0.021814 -0.020779 0.030954 0.999067
250 1593 3.945999 -9.951464 -0.405320 0.665574 0.015535 -0.013244 0.746052
34 1824 5.321602 10.051285 -0.221577 0.761006 0.007974 -0.017954 -0.648447
262 1613 -9.922226 -5.166994 -0.364538 0.453671 -0.004266 -0.023875 0.890839
729 1465 11.260994 3.225922 -0.100300 -0.084144 -0.008800 0.018422 0.996244
2502 3857 8.096710 -7.136755 0.287334 0.479140 -0.023004 0.015605 0.877298
1920 1972 7.739418 -7.648338 0.162660 0.858226 0.008810 -0.004538 -0.513177
723 1515 -10.743135 -4.989532 -0.025153 -0.230522 -0.007730 0.003017 0.973032
177 1709 10.874344 -0.565577 0.172565 0.006831 -0.015050 -0.002407 0.999860
789 1439 -10.895401 3.885803 -0.173366 0.196197 -0.012913 -0.005651 0.980463
3976 4031 10.416691 -1.609253 0.163747 0.973062 0.016447 -0.007808 -0.229823
136 1766 -11.610428 0.074142 -0.110324 -0.001463 -0.012097 -0.005795 0.999909
812 1416 -10.259018 0.557014 0.031419 0.610094 -0.004176 -0.003227 0.792312
2525 3877 2.075119 10.565643 0.132059 0.839370 -0.031333 -0.019213 0.542316
30 1841 8.906317 5.613612 0.002859 0.938770 -0.012756 -0.008471 -0.344204
2470 3866 10.933990 -3.089355 -0.009007 0.621402 0.010385 -0.020314 0.783160
787 1406 10.746429 -1.555710 0.142152 0.106238 0.000014 0.003227 0.994336
766 1453 -10.514175 2.109497 -0.263362 0.022419 -0.015758 0.022658 0.999368
71 1809 8.707520 6.368151 -0.079452 -0.204593 -0.018098 0.035876 0.978022
3995 4059 9.487984 -7.231323 0.225476 0.880096 -0.005831 -0.007043 -0.474708
188 1697 10.347961 -1.522556 0.092152 0.037535 -0.011003 -0.022258 0.998987
133 1750 11.512169 0.103571 0.164274 0.005124 -0.013410 -0.007942 0.999865
2519 3856 -3.006378 -11.141495 -0.092934 0.784914 -0.017994 -0.002819 0.619337
698 1486 8.203995 8.237885 -0.140825 0.677271 -0.005361 -0.008198 -0.735669
22 1836 9.017209 6.771722 0.024005 0.885796 -0.005720 -0.014564 -0.463812
104 1778 10.116360 1.690870 0.027390 0.019069 -0.010112 0.014021 0.999669
778 1415 11.305161 1.258255 0.289733 -0.025335 -0.015740 0.013442 0.999465
21 1837 9.511617 6.489737 0.054970 0.895742 -0.004996 -0.013160 -0.444351
769 1426 10.948090 1.242081 0.204255 -0.035710 -0.013377 0.007884 0.999242
224 1674 -10.214081 -0.618410 -0.157323 -0.053252 -0.013007 -0.002900 0.998492
193 1711 -11.424881 -0.788231 -0.197254 0.006458 -0.014886 -0.012805 0.999786
48 1851 11.673143 1.789271 -0.201535 0.977802 -0.010237 0.008739 -0.209098
1915 1967 7.388573 -8.015664 0.159960 0.796060 0.010464 -0.009322 -0.605055
186 1699 10.687958 -1.400127 0.119209 0.037989 -0.011859 -0.020170 0.999004
244 1602 8.789673 -7.631721 -0.131555 0.594101 0.002789 -0.018594 0.804170
2541 3876 -6.756073 8.860580 0.236568 0.761271 -0.009218 -0.018546 0.648103
1908 1958 9.092255 -7.744388 0.278174 0.750093 0.017422 -0.008596 -0.661047
750 1469 -10.751602 1.302124 -0.317698 -0.026337 -0.022806 0.024836 0.999084
253 1590 1.156418 -10.931644 -0.440685 0.680998 0.014926 -0.004038 0.732122
221 1679 -11.323044 -1.092880 -0.184203 -0.058034 -0.009923 -0.012682 0.998185
65 1812 7.714535 8.483168 -0.021909 -0.356826 -0.022697 0.026301 0.933525
693 1515 10.748993 -4.114822 0.478450 0.754465 -0.006794 -0.013623 -0.656164
729 1508 -11.609039 -1.264679 0.101030 -0.127807 -0.002929 0.024254 0.991498
2498 3877 -4.106537 10.673965 -0.351424 0.452104 -0.036051 -0.010754 0.891171
2129 2179 8.609291 5.889076 -0.062061 0.775612 -0.028285 -0.008556 0.630518
101 1805 -11.219458 2.544878 -0.146823 0.025036 -0.016605 0.025808 0.999216
2524 3857 -5.051331 -9.755585 -0.280624 0.816279 -0.015950 -0.007304 0.577391
35 1845 9.865099 4.709527 -0.045711 0.964444 -0.017393 -0.003641 -0.263690
55 1822 4.940926 8.746788 -0.263125 0.614784 0.005733 -0.017641 -0.788477
691 1494 10.173401 6.342873 0.083928 0.736712 -0.000641 -0.012477 -0.676091
2469 3866 11.226868 -3.310577 0.002062 0.628767 0.010329 -0.020929 0.777243
2521 3857 -3.757141 -9.945251 -0.148430 0.799573 -0.020998 -0.005099 0.600180
693 1493 9.353760 6.551331 0.070293 0.728410 -0.000523 -0.016228 -0.684949
1911 1964 7.977867 -8.430314 0.227351 0.751493 0.015484 -0.009815 -0.659486
53 1853 11.821058 -0.734245 -0.087503 0.967289 -0.004534 0.002860 -0.253620
59 1815 6.243605 9.882190 -0.192241 0.509763 0.017481 -0.026758 -0.859721
699 1484 8.190292 8.731010 -0.143533 0.662958 -0.002568 -0.002192 -0.748649
2518 3877 2.062775 11.074326 -0.110442 0.793584 -0.040208 -0.014023 0.606968
803 1395 1.870575 -9.892166 -0.000635 0.463493 -0.008772 0.000045 0.886057
150 1735 10.278008 0.136286 0.159890 0.007265 -0.012186 -0.006977 0.999875
93 1819 -9.985648 2.779263 0.088284 0.005247 -0.000488 0.025149 0.999670
48 1848 9.966330 2.685756 -0.202833 0.964405 -0.018396 0.002377 -0.263780
2483 3861 10.524658 -4.331550 -0.054139 0.484482 0.004226 -0.005288 0.874775
711 1477 8.940948 7.265396 0.088370 -0.456306 -0.012827 -0.002619 0.889727
136 1747 11.729858 0.249834 0.194474 -0.003914 -0.016010 -0.004832 0.999852
2506 3876 -1.856934 10.450506 -0.290174 0.585451 -0.034153 -0.004692 0.809975
2478 3877 4.382751 9.839648 0.070832 0.577730 -0.014199 -0.013310 0.815996
813 1416 -10.966476 0.840858 0.014616 0.621153 -0.004361 -0.003923 0.783667
110 1793 -11.489410 2.353142 -0.204836 0.037957 -0.014355 0.005458 0.999161
26 1831 7.259500 8.127617 -0.061322 0.834428 -0.000963 -0.013002 -0.550962
771 1425 10.059601 1.206268 0.211057 -0.034438 -0.015373 0.011355 0.999224
2489 3859 10.919922 -4.114395 0.143910 0.410600 -0.014136 0.001099 0.911706
152 1750 -10.881821 0.128408 -0.211501 -0.001289 -0.017861 -0.005908 0.999822
741 1456 10.299423 1.559494 0.160221 0.018525 -0.016026 0.024174 0.999408
777 1416 11.356186 1.329361 0.286451 -0.030947 -0.016532 0.012301 0.999309
715 1518 -5.483940 -8.915451 0.123726 -0.397954 -0.002376 -0.010902 0.917338
2537 3876 -4.285645 9.222092 0.411413 0.784349 -0.002348 -0.009299 0.620246
53 1851 10.595522 -0.027375 -0.084991 0.959107 -0.007472 0.004340 -0.282912
1912 1963 7.673767 -7.970135 0.188900 0.762461 0.017031 -0.006160 -0.646781
194 1710 -11.529404 -0.746969 -0.183801 0.008577 -0.015288 -0.012573 0.999767
30 1832 6.749750 7.947757 -0.090021 0.846083 -0.003442 -0.010451 -0.532938
716 1517 -5.922619 -8.194168 0.077099 -0.377679 -0.005887 -0.010384 0.925860
692 1502 10.103928 2.909241 0.210153 0.750376 0.004304 -0.018631 -0.660735
740 1457 10.256386 1.586212 0.194012 0.016674 -0.018382 0.025641 0.999363
48 1850 11.078836 2.079103 -0.192367 0.973007 -0.011213 0.005581 -0.230435
27 1826 6.497766 9.424723 -0.106129 0.780563 0.009131 -0.018138 -0.624747
695 1494 8.739700 5.790474 0.000852 0.716834 -0.003646 -0.016199 -0.697047
2486 3878 -0.700134 11.457008 -0.140433 0.484150 -0.028116 -0.015689 0.874393
204 1678 10.368713 -0.819549 0.116520 -0.039323 -0.009781 -0.011515 0.999112
53 1819 4.905661 10.193172 -0.365534 0.629492 0.002575 -0.017008 -0.776816
236 1623 11.407471 -2.302083 0.183193 0.265102 -0.008030 -0.017657 0.964025
736 1496 -11.834145 1.147964 -0.044718 -0.023811 -0.009892 0.022163 0.999422
41 1849 11.295310 3.481600 -0.117081 0.979326 -0.013912 -0.001160 -0.201804
35 1823 5.135166 10.340780 -0.257188 0.756118 0.006616 -0.017452 -0.654169
691 1513 11.553864 -2.652039 0.380634 0.762529 -0.007449 -0.016814 -0.646692
3983 4048 10.031811 -3.942749 0.222862 0.912550 -0.000397 -0.008723 -0.408872
92 1823 -10.346565 2.650522 0.155209 -0.038001 0.002028 0.029631 0.998836
55 1854 11.755650 -2.193338 0.023375 0.960430 0.001285 -0.004027 -0.278488
236 1660 -10.980301 0.295012 -0.187391 -0.027260 -0.013933 -0.003750 0.999524
135 1749 10.451523 0.221025 0.173278 -0.002315 -0.014067 -0.005541 0.999883
26 1827 6.798171 9.160609 -0.109754 0.792179 0.006253 -0.017318 -0.610011
802 1432 -10.149841 5.970805 -0.091789 0.453840 -0.013470 -0.011702 0.890904
2533 3878 -0.997726 11.539139 0.471075 0.818517 0.000827 -0.000779 0.574482
37 1823 4.920017 10.328531 -0.293889 0.755131 0.004911 -0.016792 -0.655340
2477 3876 5.226257 8.678999 0.088263 0.584900 -0.013201 -0.012144 0.810906
107 1796 -10.834934 2.449480 -0.178661 0.040217 -0.017717 0.012162 0.998960
2469 3869 10.559235 -0.156349 0.159772 0.635167 0.000445 -0.015064 0.772228
15 67 11.365357 3.554542 0.225971 0.892000 -0.014303 0.010532 0.451686
168 1735 -10.569756 0.074169 -0.165166 0.004596 -0.015243 -0.010711 0.999816
56 1816 5.626745 10.438509 -0.289645 0.570249 0.011121 -0.022379 -0.821092
30 1826 6.015150 9.457427 -0.155725 0.781786 0.007437 -0.016645 -0.623280
134 1767 -10.458057 0.176096 -0.089818 0.001273 -0.012953 -0.004004 0.999907
780 1412 11.699524 0.967056 0.276992 -0.003802 -0.015696 0.015288 0.999753
786 1439 -9.750992 2.773682 -0.160529 0.138799 -0.012301 0.000249 0.990244
250 1640 -11.189087 0.423697 -0.119090 0.053448 -0.013941 0.002624 0.998470
732 1503 -11.537582 0.141754 -0.104450 -0.078675 -0.008215 0.023447 0.996591
795 1399 8.235138 -6.320511 0.031844 0.284050 -0.010890 -0.010638 0.958688
261 1613 -8.878754 -5.119468 -0.332210 0.455059 -0.004100 -0.022777 0.890160
53 1850 10.051989 0.349245 -0.081433 0.952687 -0.008573 0.001312 -0.303831
691 1509 11.128891 -0.416687 0.301971 0.764069 0.001421 -0.016597 -0.644919
3999 4060 9.452881 -6.748016 0.327895 0.898067 -0.007482 -0.012300 -0.439623
761 1458 -11.032776 1.820435 -0.212621 -0.009591 -0.014728 0.020848 0.999628
2476 3876 5.725067 8.519053 0.146083 0.594951 -0.012556 -0.014197 0.803539
703 1521 3.909286 -10.814545 0.273190 0.619155 -0.004185 0.001138 -0.785257
28 1845 10.840469 4.632656 0.105471 0.963402 -0.014974 -0.009179 -0.267485
697 1490 8.253143 6.875031 -0.104952 0.694185 -0.005792 -0.009965 -0.719704
725 1468 10.899395 4.149826 0.073098 -0.156975 -0.016530 0.021570 0.987229
1918 1968 7.243172 -7.251265 0.152246 0.834035 0.009405 -0.008327 -0.551569
253 1588 1.206635 -11.600248 -0.470482 0.687831 0.014234 -0.002833 0.725726
34 1825 5.392136 9.753455 -0.210625 0.772896 0.007346 -0.016282 -0.634282
256 1632 -11.990189 -0.381466 -0.131055 0.161404 -0.007802 0.000138 0.986858
136 1748 10.471382 0.243336 0.174411 -0.003390 -0.014860 -0.005183 0.999870
813 1402 -9.598495 -5.614265 -0.129555 0.645310 -0.001652 -0.009926 0.763854
779 1443 -10.039246 1.857025 -0.271537 0.053851 -0.015371 0.007721 0.998401
139 1762 -10.299252 0.095644 -0.121645 -0.005649 -0.012640 -0.006986 0.999880
32 1826 5.725351 9.475467 -0.179813 0.782579 0.006548 -0.015830 -0.622315
91 1825 -10.019948 2.614679 0.137850 -0.064145 0.000325 0.031580 0.997441
1909 1961 8.674812 -8.185519 0.261988 0.743621 0.014797 -0.005129 -0.668418
218 1656 11.519196 0.471769 0.174086 -0.013346 -0.013333 -0.001189 0.999821
147 1755 -11.195831 0.144283 -0.155619 0.000043 -0.014603 -0.005416 0.999879
80 1801 10.260246 2.752758 0.007319 0.006315 -0.018231 0.030652 0.999344
245 1647 -10.714935 0.532341 -0.142878 0.004592 -0.015476 -0.004211 0.999861
252 1635 -10.057465 0.072450 -0.087578 0.120173 -0.013517 0.007916 0.992629
2532 3877 -0.701035 10.530426 0.335879 0.824429 -0.004513 0.000030 0.565948
14 66 11.572191 3.151596 0.281782 0.904486 -0.014412 0.007405 0.426195
2466 3872 11.193512 2.480858 0.334342 0.660499 -0.002833 -0.020249 0.750548
1924 1976 8.476212 -7.253948 0.162930 0.899214 0.006873 -0.000351 -0.437455
124 1778 -11.808971 1.019258 -0.146092 0.023326 -0.015573 -0.009279 0.999564
240 1616 10.181702 -4.223104 0.045820 0.392019 0.000239 -0.022673 0.919678
55 1852 10.532452 -1.363295 0.006453 0.950758 -0.003346 0.001379 -0.309914
170 1734 -11.624977 0.104288 -0.130954 0.005898 -0.013616 -0.010716 0.999833
760 1458 -10.073441 1.783066 -0.166300 -0.011789 -0.013735 0.019157 0.999653
802 1392 3.937042 -10.892225 -0.005517 0.434001 -0.013070 -0.004424 0.900807
224 1645 11.005890 0.669264 0.255834 0.007666 -0.016853 -0.000887 0.999828
61 1854 8.561649 -5.372907 0.205620 0.909990 0.009597 -0.015276 -0.414237
795 1435 -9.799957 4.643364 -0.153051 0.315145 -0.014175 -0.015649 0.948808
704 1484 7.795853 6.883575 0.089592 0.581798 0.009492 0.002402 -0.813275
749 1470 -10.631355 1.278854 -0.263491 -0.026597 -0.021811 0.023686 0.999128
2126 2180 10.021614 6.265579 0.029533 0.764598 -0.022418 -0.013866 0.643968
167 1736 -10.628448 0.042662 -0.167356 0.002239 -0.015197 -0.009820 0.999834
703 1485 7.762161 6.868805 0.076974 0.600285 0.008144 -0.002991 -0.799739
32 1822 5.472120 10.646093 -0.234029 0.743748 0.007931 -0.019457 -0.668130
23 1831 7.866524 8.089168 -0.056906 0.832700 -0.001969 -0.015483 -0.553505
161 1725 10.249741 0.040773 0.176019 0.000463 -0.015035 -0.001153 0.999886
58 1854 10.337753 -3.824557 0.156603 0.938752 0.004963 -0.010755 -0.344391
2123 2174 11.179131 4.198570 0.006848 0.833209 -0.029719 0.000281 0.552158
747 1472 -10.194069 1.279999 -0.058098 -0.024919 -0.013144 0.017823 0.999444
22 1830 7.995921 8.308772 -0.055353 0.820240 0.000060 -0.015057 -0.571821
20 70 10.050823 4.989955 0.122807 0.848193 -0.011110 0.012303 0.529428
258 1592 -3.797348 -10.279228 -0.483360 0.673181 0.011641 -0.010487 0.739312
158 1744 -10.317986 0.057833 -0.225911 -0.007199 -0.020436 -0.000907 0.999765
259 1622 -9.643921 -2.780059 -0.246709 0.295210 -0.007406 -0.017411 0.955245
44 1846 9.408221 3.965530 -0.159613 0.962517 -0.020033 0.000620 -0.270480
48 1820 4.487391 10.704206 -0.416133 0.690484 -0.001808 -0.013480 -0.723220
2545 3872 -9.713898 4.098297 0.086116 0.728998 -0.004419 -0.010470 0.684421
35 1824 5.187750 10.051977 -0.241773 0.761268 0.007000 -0.017259 -0.648170
261 1607 -7.920654 -6.486295 -0.363894 0.536171 -0.006028 -0.019133 0.843870
721 1471 10.390099 4.950317 0.042555 -0.230245 -0.016106 0.012891 0.972914
2467 3874 10.440765 4.740021 0.407489 0.662096 -0.005104 -0.023664 0.749028
52 1820 4.743942 10.087442 -0.370446 0.647737 0.000703 -0.015238 -0.761711
2527 3877 1.598175 10.540237 0.076762 0.842255 -0.032130 -0.016616 0.537865
2135 2185 6.519287 8.543732 -0.180751 0.724841 -0.030652 -0.017039 0.688024
64 1855 6.809423 -7.346189 0.165092 0.878220 0.013496 -0.017125 -0.477760
81 1852 -9.134994 -5.251873 0.067656 0.571278 0.008352 -0.014214 -0.820591
693 1509 10.200027 -0.645012 0.339220 0.757202 0.001025 -0.020019 -0.652873
763 1455 -9.901672 1.942825 -0.183276 0.004263 -0.013816 0.024410 0.999597
2539 3861 -7.646759 -6.942581 -0.444842 0.748520 0.017853 -0.018654 0.662610
36 1822 4.950543 10.658298 -0.299088 0.744348 0.004638 -0.016772 -0.667565
259 1598 -5.072159 -8.646794 -0.413645 0.639259 0.008466 -0.016028 0.768778
245 1601 8.015915 -7.807729 -0.185918 0.603368 0.006953 -0.018351 0.797222
41 1827 4.909616 9.090163 -0.263567 0.788538 -0.000008 -0.008698 -0.614924
2487 3861 9.893616 -3.070869 0.102782 0.434095 -0.004827 -0.000740 0.900854
3990 4053 8.790932 -5.159424 0.258370 0.891149 -0.006886 -0.010809 -0.453530
63 1857 8.605062 -8.184207 0.205063 0.903493 0.021034 -0.016391 -0.427773
749 1448 10.490891 1.766617 0.253244 0.011403 -0.021152 0.014381 0.999608
2475 3863 10.746826 -4.832943 -0.146953 0.574771 0.008664 -0.007227 0.818237
158 1745 -11.532074 0.044888 -0.259723 -0.005530 -0.021693 -0.000390 0.999749
709 1479 8.437569 7.161255 0.121547 -0.493936 -0.015660 -0.002276 0.869354
99 1807 -10.368425 2.648561 -0.263774 0.024109 -0.020349 0.030882 0.999025
770 1450 -10.880447 1.990097 -0.225006 0.029647 -0.017637 0.016358 0.999271
90 1792 9.741421 2.258446 -0.133608 0.005590 -0.001521 0.032527 0.999454
2489 3877 -1.817657 10.519058 -0.159256 0.444318 -0.030860 -0.015921 0.895196
692 1497 9.866287 5.043503 0.132408 0.739169 0.003724 -0.014749 -0.673348
231 1665 -10.064590 -0.011846 -0.241822 -0.035590 -0.012106 -0.008589 0.999256
1924 1974 8.037628 -6.698406 0.152475 0.900051 0.007001 -0.001305 -0.435726
157 1728 11.163795 0.041506 0.198807 0.006930 -0.013109 -0.001838 0.999889
719 1518 -9.047913 -7.621170 0.102866 -0.306121 -0.005338 -0.007727 0.951946
2503 3876 -2.750885 10.248740 -0.386138 0.526026 -0.036157 -0.002310 0.849697
2538 3876 -4.897064 9.126389 0.358183 0.778122 -0.005316 -0.015290 0.627905
262 1616 -10.646851 -4.414381 -0.357348 0.393743 -0.002798 -0.021805 0.918958
699 1489 7.969269 6.630775 -0.085256 0.666149 -0.007307 -0.005444 -0.745763
738 1458 11.055084 1.738525 0.100161 0.008571 -0.012538 0.025258 0.999566
241 1611 10.330338 -5.544328 0.023206 0.483564 -0.004566 -0.024097 0.874965
733 1499 -10.599854 0.587555 -0.122794 -0.055027 -0.013802 0.019807 0.998193
240 1613 10.909164 -4.972862 0.032160 0.452009 -0.001175 -0.024546 0.891675
2526 3857 -5.774078 -9.695023 -0.332679 0.821270 -0.009653 -0.006985 0.570415
31 1846 10.858520 4.412385 0.048159 0.968347 -0.016872 -0.008572 -0.248892
2476 2528 11.387360 0.782429 -0.046585 0.935485 0.003569 0.010936 0.353181
2547 3866 -11.061096 -2.576141 -0.252258 0.706782 0.003072 -0.017150 0.707217
237 1658 -10.451050 0.416153 -0.141627 -0.020209 -0.013108 -0.004045 0.999702
694 1490 8.973602 7.599564 -0.047161 0.721583 -0.004351 -0.014053 -0.692172
813 1401 -9.530533 -6.058983 -0.138308 0.647664 -0.002512 -0.008915 0.761869
94 1816 -9.871722 2.818220 0.008137 0.018735 -0.004783 0.027345 0.999439
2476 2526 10.948273 0.403992 -0.056917 0.936188 0.000419 0.014539 0.351199
157 1746 -11.655373 0.088064 -0.249097 -0.005492 -0.021428 0.000576 0.999755
745 1477 -11.666786 1.243332 -0.073528 -0.016123 -0.014136 0.012598 0.999691
263 1605 -9.640137 -7.085965 -0.448311 0.557579 -0.005547 -0.020422 0.829854
215 1662 10.804138 0.256449 0.207822 -0.021355 -0.013647 -0.009565 0.999633
262 1618 -11.251709 -3.911404 -0.354937 0.358459 -0.003915 -0.023303 0.933246
806 1391 -0.684845 -11.858406 -0.102353 0.526769 -0.008503 -0.004679 0.849953
750 1446 11.547501 1.761505 0.321967 0.010204 -0.020931 0.014985 0.999617
12 62 11.509779 1.847221 0.379773 0.946190 -0.011654 0.001984 0.323395
2466 3873 11.047272 3.537766 0.369178 0.663480 -0.004565 -0.022166 0.747852
798 1396 6.748123 -8.257339 0.033616 0.349460 -0.014479 -0.011155 0.936773
793 1436 -9.841354 4.353325 -0.180953 0.274215 -0.015693 -0.014494 0.961431
751 1467 -10.020485 1.372940 -0.239864 -0.031329 -0.019530 0.020687 0.999104
3991 4054 8.787506 -5.469360 0.247678 0.888163 -0.004702 -0.009414 -0.459408
747 1473 -10.921005 1.228027 -0.062016 -0.024067 -0.012701 0.016790 0.999489
758 1438 11.319916 1.660126 0.180042 -0.002440 -0.011052 0.000052 0.999936
232 1666 -11.858780 -0.116084 -0.283314 -0.036685 -0.013728 -0.008551 0.999196
91 1827 -10.568748 2.461185 0.157835 -0.099859 0.000132 0.026246 0.994655
29 1824 6.033199 10.016674 -0.154618 0.759239 0.010877 -0.020610 -0.650395
149 1753 -11.099846 0.131355 -0.167370 -0.001154 -0.017586 -0.003791 0.999837
796 1395 8.949448 -7.794827 0.002249 0.303565 -0.013051 -0.009987 0.952669
810 1422 -10.054703 3.269173 -0.005155 0.582493 -0.008519 -0.007373 0.812758
762 1457 -10.924004 1.896637 -0.215174 -0.004102 -0.015912 0.024574 0.999563
23 1841 10.138029 5.516173 0.080696 0.936688 -0.014445 -0.013348 -0.349614
47 1849 10.655969 2.624856 -0.213022 0.971066 -0.016205 0.002985 -0.238241
58 1817 5.728584 9.486086 -0.215305 0.535563 0.014228 -0.024621 -0.844017
1919 1973 7.905357 -8.325537 0.155629 0.846023 0.009136 -0.002611 -0.533062
239 1656 -10.891647 0.478520 -0.138784 -0.014513 -0.012410 -0.005974 0.999800
262 1615 -10.397903 -4.667435 -0.351066 0.414374 -0.003454 -0.022378 0.909825
23 1839 9.517281 6.009171 0.056297 0.917388 -0.011305 -0.014500 -0.397570
2518 3876 1.787613 10.022720 -0.092816 0.791320 -0.038477 -0.012594 0.610061
97 1784 10.783272 2.137684 0.193096 0.005161 -0.020731 0.019559 0.999581
2520 3876 1.967804 9.840286 -0.031927 0.810970 -0.038285 -0.015667 0.583623
23 1828 7.503004 8.874991 -0.096569 0.800938 0.003334 -0.018079 -0.598465
2507 3876 -1.525848 10.495941 -0.268275 0.605236 -0.033499 -0.004779 0.795326
699 1520 7.287750 -9.056549 0.403422 0.686357 -0.014087 -0.000065 -0.727129
234 1663 -11.357895 0.076580 -0.259470 -0.034261 -0.012845 -0.007792 0.999300
25 1833 7.777166 7.592739 -0.042965 0.855080 -0.004778 -0.014068 -0.518283
2128 2179 9.077194 5.873886 -0.037582 0.776041 -0.027997 -0.009222 0.629993
246 1602 7.081375 -7.567348 -0.218963 0.590349 0.005524 -0.020029 0.806880
21 1828 8.032807 8.826423 -0.059059 0.799658 0.004415 -0.015774 -0.600233
246 1601 7.151566 -7.781276 -0.233122 0.601918 0.008431 -0.018878 0.798291
32 1841 8.626411 5.638897 -0.026563 0.939203 -0.013353 -0.007434 -0.343022
2132 2186 7.595024 8.981888 -0.082822 0.723245 -0.024295 -0.018552 0.689915
30 1839 8.279776 6.099572 -0.013269 0.919741 -0.009869 -0.009527 -0.392286
697 1492 8.222687 6.049789 -0.063594 0.695195 -0.003636 -0.013030 -0.718693
692 1513 11.063599 -2.754181 0.411813 0.759594 -0.006823 -0.018191 -0.650107
1916 1966 7.186630 -7.433450 0.183508 0.808321 0.009846 -0.010895 -0.588560
2471 2523 11.807037 -1.572472 0.028203 0.959764 0.018048 0.018147 0.279638
