idx1 idx2 t_1 t_2 t_3 q_1 q_2 q_3 q_4
3393 4592 -8.164154 2.817688 -0.018721 0.005520 -0.008917 0.024843 0.999636
3330 4619 8.436111 0.503113 -0.016972 0.291221 -0.003821 0.019281 0.956452
926 4186 -4.795502 -5.965454 -0.067146 0.845690 -0.028000 -0.002286 0.532931
1795 4403 9.243652 2.673279 -0.109772 0.946993 0.009932 0.016196 0.320691
990 4255 8.261887 0.103027 0.148258 0.999975 -0.002139 -0.006536 0.001063
1018 4270 9.841919 0.288635 0.184044 0.999986 0.003239 -0.003643 -0.001551
1790 4392 2.112915 -6.438755 0.016884 0.879185 0.012181 0.022351 0.475800
926 4208 8.858963 0.756409 0.062187 0.999310 -0.003913 -0.010788 0.035289
3354 4618 -7.141251 2.917725 -0.070724 0.037168 -0.009619 0.020609 0.999049
2010 4578 -1.172180 -9.447876 0.268417 0.857179 -0.016180 0.018067 -0.514447
1018 4258 -6.236938 0.278381 -0.103310 0.999985 -0.004016 -0.002907 -0.001753
2007 4576 0.836243 -7.257507 0.298275 0.900556 -0.018665 0.009971 -0.434224
3404 4587 -7.661850 4.597961 -0.167131 0.213671 -0.015655 0.018860 0.976597
1808 4398 -5.804993 -1.576233 0.150772 0.997553 0.000048 0.008565 0.069389
911 4187 8.000793 -3.425659 0.451019 0.661570 -0.026471 -0.002087 0.749409
1798 4391 -6.561279 -6.478333 0.061035 0.969012 0.009203 0.010359 0.246623
1970 4557 7.509750 0.903137 -0.142246 0.999938 -0.010837 -0.000590 -0.002302
1852 4443 7.872131 0.115234 -0.077850 0.999915 -0.002606 0.012588 0.001868
3390 4594 -8.623291 2.733154 0.060942 -0.004445 -0.004361 0.018977 0.999799
1872 4463 8.727417 0.305786 -0.002899 0.999972 -0.004391 0.001114 0.005819
3391 4580 8.860901 1.977478 -0.133776 0.021431 -0.009317 0.006511 0.999705
994 4246 -6.730927 0.067322 -0.189938 0.999956 0.000946 -0.008525 0.003466
1956 4545 8.522339 1.646057 -0.029572 0.999842 -0.004849 0.005098 0.016312
1041 4265 -7.448822 3.127228 -0.033569 0.857001 -0.007079 -0.008102 -0.515200
3386 4594 -5.579163 2.366028 0.042374 -0.023508 -0.007000 0.014415 0.999594
3371 4593 9.654480 2.206360 0.009008 0.011192 -0.020041 0.020616 0.999523
1957 4533 -8.521271 1.693481 0.158928 0.999903 -0.004743 0.001580 -0.012990
944 4202 -9.892624 0.210083 -0.071518 0.996223 -0.018849 -0.023728 0.081367
1926 4505 -5.912201 1.240540 0.084961 0.999855 -0.003884 0.004750 -0.015876
3419 4580 -8.032776 3.562347 -0.266844 0.601944 -0.022897 0.015577 0.798055
2017 4573 -9.675964 -1.798096 0.176018 0.754879 -0.011790 0.031276 -0.655012
919 4200 6.895752 1.177063 0.415886 0.958713 -0.026604 -0.014557 0.282752
3327 4622 6.830566 1.888245 0.019981 0.369534 -0.016467 0.025705 0.928714
1787 4400 8.822510 4.101540 -0.148109 0.842083 0.015794 0.031175 0.538214
3389 4581 9.014114 2.164124 -0.116877 0.015199 -0.013387 0.007694 0.999765
1883 4473 8.002808 0.617188 0.118057 0.999865 -0.009974 -0.002016 0.012873
1936 4526 9.194122 1.707336 0.408836 0.999393 -0.012522 0.002342 0.032432
1033 4262 -7.270203 2.872498 -0.096275 0.956958 -0.011315 -0.000193 -0.290003
937 4195 -9.089157 -1.465210 -0.226761 0.962600 -0.023672 -0.024789 0.268746
1856 4435 -8.013794 0.072815 -0.138222 0.999961 -0.005895 0.001190 0.006326
1902 4480 -7.466949 1.072205 -0.017464 0.999966 -0.003096 0.005730 -0.004979
1792 4401 8.374268 2.536331 -0.164467 0.912215 0.015148 0.027703 0.408491
2002 4562 -8.739380 3.903503 -0.258709 0.956324 0.000493 0.002938 -0.292293
1878 4467 6.322998 0.493347 0.055260 0.999930 -0.002116 0.007325 0.008977
1023 4260 -5.961441 0.706604 -0.096092 0.998690 -0.011798 0.000868 -0.049765
1015 4267 7.281555 0.318115 0.129139 0.999943 0.006639 -0.004800 0.006775
1814 4401 -6.700104 -0.759583 0.105194 0.999796 0.007974 0.011188 0.014823
3400 4587 -5.922209 3.237610 -0.077663 0.112527 -0.010186 0.022820 0.993334
1005 4252 -6.686768 0.125244 -0.147369 0.999945 -0.003388 -0.006873 0.006996
1781 4392 7.858643 -3.899750 -0.011627 0.748318 0.011402 0.018705 0.662976
3408 4586 -7.884583 5.531799 -0.272245 0.321976 -0.014823 0.024154 0.946323
968 4227 -6.510117 0.017517 0.025101 0.999974 0.004708 0.003837 -0.003606
925 4187 -3.679443 -5.497864 0.019325 0.853931 -0.030495 -0.003141 0.519480
1937 4515 -7.100067 1.814453 0.419189 0.999614 -0.006789 0.000001 -0.026951
1855 4446 7.997833 0.077271 -0.085533 0.999958 -0.006247 0.006569 0.000663
3418 4579 -7.057861 2.003082 -0.199789 0.583426 -0.024699 0.010948 0.811714
914 4193 6.537659 -0.721283 0.401665 0.820408 -0.024234 -0.014615 0.571075
1950 4526 -9.264008 1.718567 0.226494 0.999696 0.000140 -0.000657 -0.024648
939 4217 8.202209 0.017883 0.044884 0.999866 0.002395 -0.016024 -0.002140
948 4225 9.811874 -0.118652 0.206734 0.999932 -0.000749 -0.010608 -0.004586
1945 4523 -6.869415 1.682495 0.310715 0.999663 0.002557 -0.001340 -0.025790
3367 4609 -7.251221 2.478149 -0.002179 0.004224 -0.013584 0.016732 0.999758
971 4228 -8.169739 0.012512 -0.209595 0.999937 0.008068 -0.007260 -0.002376
1831 4425 9.102173 -0.356201 0.046959 0.999983 0.003074 0.003660 0.003365
2007 4564 -8.513184 4.707764 -0.245861 0.897293 -0.001947 0.001919 -0.441427
1935 4524 7.863190 1.638000 0.423416 0.999552 -0.007108 0.003070 0.028889
1851 4443 9.157471 0.098267 -0.075394 0.999914 -0.002283 0.012718 0.001888
1793 4399 6.002563 0.083282 -0.059074 0.923786 0.013306 0.026727 0.381741
1819 4402 -9.849915 -0.594177 0.152634 0.999884 0.007668 0.011964 0.005371
1912 4490 -7.457001 1.366272 -0.031189 0.999562 -0.004952 0.000223 -0.029167
1788 4390 2.456543 -8.394978 0.062958 0.848912 0.003849 0.020583 0.528117
1858 4449 8.093170 -0.033264 -0.114014 0.999950 -0.008941 0.004456 -0.000219
1840 4433 9.451111 -0.170715 -0.026283 0.999944 -0.004969 0.008827 0.002812
934 4194 -7.343521 -1.907043 -0.231705 0.951843 -0.023959 -0.023573 0.304736
3423 4576 -9.880676 -0.183258 -0.095701 0.660509 -0.022664 0.005740 0.750452
1995 4573 8.030163 -1.638733 0.224838 0.994100 -0.022147 -0.004423 -0.106095
3354 4606 8.545746 2.420532 -0.079549 0.005117 -0.013840 0.023391 0.999616
3382 4597 -5.965302 2.333801 0.070026 -0.017193 -0.009113 0.016035 0.999681
974 4232 -6.098969 0.021667 -0.149139 0.999876 0.004679 -0.014970 -0.000214
936 4196 -7.703491 -1.125488 -0.187843 0.969306 -0.022244 -0.027155 0.243337
2011 4573 -4.938354 -3.542725 0.131031 0.837707 -0.019698 0.008786 -0.545693
1959 4547 7.496918 1.649231 -0.003490 0.999904 -0.008166 -0.000174 0.011166
1023 4258 -8.595886 0.968567 -0.116890 0.998726 -0.012042 0.000014 -0.048984
3335 4626 -2.887676 5.897583 0.041051 0.230302 0.005693 0.018983 0.972916
1026 4261 -5.986763 1.133240 -0.115891 0.994200 -0.015119 0.001112 -0.106472
1016 4256 -7.891510 0.223206 -0.107521 0.999979 -0.004112 -0.003026 0.003872
1046 4271 -7.663391 -2.658020 0.324799 0.779395 -0.005837 -0.008849 -0.626441
1039 4265 -6.594330 2.371033 -0.043068 0.886444 -0.005320 -0.007018 -0.462749
3375 4591 8.356705 2.307800 0.034620 0.004421 -0.024139 0.018918 0.999519
1827 4422 9.396606 -0.389954 -0.046059 0.999946 -0.003984 0.009321 0.002263
1829 4424 9.947906 -0.376648 -0.005051 0.999976 -0.000058 0.006175 0.002892
1888 4479 9.723633 0.724915 0.062538 0.999772 -0.003340 0.004556 0.020575
3335 4627 -4.070881 6.505188 0.066734 0.236457 0.007076 0.020414 0.971401
943 4202 -9.041290 0.158875 -0.117470 0.995999 -0.018941 -0.025666 0.083472
1856 4447 8.024048 0.017090 -0.101097 0.999950 -0.007900 0.005965 0.000241
1911 4500 7.724304 1.169250 0.102661 0.999791 -0.010091 0.001478 0.017690
1008 4251 -9.912247 0.108398 -0.221985 0.999929 -0.004471 -0.006800 0.008555
3401 4586 -5.120983 3.225037 -0.079262 0.135749 -0.008299 0.021857 0.990467
1961 4538 -6.585800 1.707764 0.000999 0.999943 -0.009327 0.000246 -0.005226
916 4201 9.044952 2.843811 0.549026 0.945062 -0.022779 -0.018242 0.325583
1046 4270 -7.962830 -1.347229 0.285324 0.780293 -0.005404 -0.007994 -0.625337
954 4214 -8.097275 0.217896 -0.153236 0.999795 -0.001554 -0.015857 -0.012402
1861 4439 -9.372559 0.182800 -0.122360 0.999965 -0.002522 -0.000790 0.007855
3386 4583 8.752014 2.408813 -0.109772 0.000092 -0.017071 0.009261 0.999811
1956 4546 9.806335 1.684631 -0.023918 0.999828 -0.005893 0.003069 0.017347
1994 4572 7.419647 -1.112915 0.180031 0.995748 -0.022725 -0.007267 -0.088976
3321 4625 7.307678 3.605713 0.065568 0.482796 -0.019618 0.014125 0.875398
928 4184 -6.922073 -7.006470 -0.241676 0.828288 -0.025947 -0.006598 0.559660
1819 4414 6.623077 -0.458374 0.019020 0.999842 -0.004840 0.016876 0.002587
3367 4598 7.046768 2.294495 0.004338 0.006853 -0.018257 0.025970 0.999471
1785 4395 6.927063 -1.359772 -0.062302 0.805903 0.017645 0.017772 0.591516
927 4186 -5.577621 -5.906006 -0.155075 0.850105 -0.027073 -0.005308 0.525887
1964 4539 -8.950790 1.489075 -0.094231 0.999913 -0.009107 0.003508 -0.008884
1970 4558 8.803162 0.884949 -0.124016 0.999954 -0.009000 0.001726 -0.002629
3353 4608 6.787918 2.420898 -0.114753 0.008817 -0.011246 0.020768 0.999681
3389 4583 6.425797 2.278992 -0.135359 0.015495 -0.015514 0.013060 0.999673
3422 4577 -9.255554 0.771759 -0.075621 0.648467 -0.018142 0.003740 0.761015
1965 4541 -7.496582 1.369629 -0.198318 0.999932 -0.008850 0.002167 -0.007262
3337 4627 -5.670098 6.211914 0.089469 0.200825 0.007550 0.019210 0.979409
3393 4579 8.718262 1.863525 -0.089590 0.024820 -0.008744 0.005013 0.999640
1932 4521 7.924072 1.677002 0.464714 0.999526 -0.004925 0.007068 0.029561
3360 4603 7.187820 2.406250 -0.055634 0.004321 -0.014889 0.025646 0.999550
2011 4568 -7.475281 2.247314 -0.176392 0.835623 -0.015943 0.007531 -0.549020
1999 4562 -7.520782 2.488403 -0.200954 0.978814 -0.003009 0.006117 -0.204638
1787 4393 4.961670 -4.543167 -0.043198 0.835469 0.015157 0.022176 0.548880
3346 4622 -6.096176 3.529358 -0.072181 0.069291 -0.004850 0.022892 0.997321
1860 4451 8.175323 0.003845 -0.081955 0.999977 -0.005133 0.004398 0.000382
3330 4628 -1.076797 7.717224 0.021848 0.344161 0.005558 0.021860 0.938638
3328 4622 6.319580 2.225830 -0.022473 0.349956 -0.012749 0.024458 0.936359
1959 4536 -6.912994 1.673584 0.039753 0.999948 -0.007466 0.001286 -0.006841
1789 4397 6.332947 -0.455468 -0.079193 0.868066 0.016428 0.022917 0.495647
945 4222 8.891998 -0.120789 0.109428 0.999959 0.003409 -0.006347 -0.005391
1043 4266 -7.779114 2.688354 0.041718 0.826593 -0.005899 -0.010406 -0.562671
1788 4391 3.053528 -7.207539 0.032722 0.850043 0.008502 0.022639 0.526157
920 4185 0.168396 -6.819397 0.219353 0.776855 -0.031212 -0.000080 0.628902
1853 4445 9.270081 0.112610 -0.094383 0.999933 -0.003558 0.010891 0.000689
929 4188 -6.428635 -4.691162 -0.281258 0.882510 -0.028146 -0.016768 0.469149
1784 4393 6.705261 -3.558945 -0.058594 0.789314 0.015545 0.020947 0.613434
1898 4475 -9.033630 0.974060 -0.120644 0.999979 -0.005983 0.000458 0.002352
909 4192 9.226196 0.694580 0.400642 0.725243 -0.022625 -0.008888 0.688060
999 4260 7.841843 0.111450 0.177578 0.999970 0.002794 -0.007067 -0.000044
1815 4411 6.141235 -0.440552 0.067299 0.999965 -0.002382 0.000735 0.007944
928 4189 -5.282898 -4.278442 -0.204414 0.891354 -0.024819 -0.016721 0.452316
1814 4411 7.018951 -0.383545 0.052422 0.999927 -0.003207 0.001926 0.011444
931 4211 8.153992 0.308655 0.063438 0.999716 0.002686 -0.022164 0.008242
3392 4581 6.864120 2.048706 -0.152727 0.022846 -0.011703 0.009909 0.999621
1780 4395 8.597290 0.364014 -0.003517 0.738493 0.015051 0.015803 0.673907
930 4212 9.847565 0.361450 0.102440 0.999720 0.002242 -0.021110 0.010375
1927 4505 -7.303192 1.327148 0.054550 0.999769 -0.004049 0.003231 -0.020824
1966 4541 -8.684189 1.318115 -0.257805 0.999920 -0.009362 0.000352 -0.008556
913 4185 6.536011 -5.432281 0.486633 0.662180 -0.027929 0.003187 0.748814
1994 4559 -8.791164 1.913269 -0.243019 0.995590 -0.005689 0.006955 -0.093379
921 4184 -0.915253 -7.520874 0.126450 0.775190 -0.028231 -0.002323 0.631090
1033 4261 -8.382462 3.607605 -0.108810 0.957022 -0.010896 0.003254 -0.289788
3407 4585 -6.437042 4.443787 -0.224569 0.295749 -0.014180 0.020474 0.954940
3382 4598 -7.268188 2.299194 0.078003 -0.018944 -0.008354 0.017307 0.999635
1952 4540 6.887421 1.578674 0.105537 0.999769 -0.007304 0.001743 0.020161
1840 4421 -6.661682 -0.228088 0.024986 0.999897 -0.007079 0.012422 0.000291
1997 4561 -7.777073 2.227844 -0.158672 0.988106 -0.001443 0.009177 -0.153494
1840 4420 -8.010345 -0.228638 0.039223 0.999886 -0.007516 0.013059 -0.000104
939 4201 -6.542648 0.016663 -0.106880 0.993633 -0.020366 -0.024896 0.107970
1923 4512 8.053009 1.587341 0.561600 0.999537 -0.005543 0.005266 0.029437
931 4189 -7.516937 -4.184937 -0.327057 0.895678 -0.025933 -0.018566 0.443556
1822 4405 -8.624451 -0.504517 0.078384 0.999969 0.001746 0.007673 0.000212
3401 4588 -7.633071 3.942078 -0.034122 0.132425 -0.005910 0.023965 0.990885
950 4212 -6.427505 0.236328 -0.077843 0.999680 -0.001670 -0.023277 -0.009671
1813 4412 9.250977 -0.238647 0.071739 0.999812 -0.009029 0.004800 0.016480
915 4183 4.797913 -7.358826 0.388496 0.662707 -0.030177 -0.005303 0.748248
3418 4571 -3.955933 -7.653839 -0.104860 0.590270 -0.012233 -0.001259 0.807110
3403 4588 -8.504333 4.592651 -0.096554 0.180291 -0.010060 0.021822 0.983319
1893 4470 -9.359314 0.805908 -0.033310 0.999954 -0.005890 0.002912 0.006883
1996 4562 -6.070799 1.539368 -0.187618 0.991338 -0.002729 0.007059 -0.131120
1790 4389 -0.069275 -9.750542 0.108971 0.877788 0.001558 0.016759 0.478753
1936 4525 7.841095 1.631714 0.418594 0.999550 -0.010128 0.001500 0.028178
948 4210 -6.521500 0.283020 -0.100113 0.999642 -0.002528 -0.025094 -0.008870
3404 4573 8.651489 -3.016296 0.015154 0.216805 -0.002213 -0.001508 0.976211
923 4182 -3.107635 -8.620605 0.107880 0.767563 -0.030273 -0.002120 0.640252
1847 4427 -7.137421 -0.127502 -0.057480 0.999987 -0.002232 0.003498 0.002870
918 4183 1.871735 -7.916199 0.347244 0.714993 -0.033817 -0.000853 0.698310
968 4226 -7.731674 0.030151 0.012177 0.999983 0.003807 -0.000441 -0.004111
1951 4540 8.144943 1.591309 0.117428 0.999725 -0.007309 0.001596 0.022196
1910 4488 -7.449677 1.340393 -0.025368 0.999679 -0.005249 0.000679 -0.024768
3372 4595 6.088043 2.296387 0.016083 0.005313 -0.017856 0.016732 0.999686
1980 4566 9.560440 0.760437 -0.079422 0.999905 -0.012002 -0.005674 0.003785
1795 4401 7.079529 1.005585 -0.059685 0.947071 0.013639 0.022246 0.319962
3353 4619 -7.597870 3.055847 -0.060979 0.045204 -0.005995 0.022119 0.998714
913 4191 6.793213 -1.617371 0.428436 0.769875 -0.028019 -0.010256 0.637494
1043 4269 -6.274597 -1.063690 0.184189 0.826378 -0.004735 -0.009837 -0.563007
3348 4612 5.491684 2.536621 -0.067743 0.013800 -0.006890 0.023800 0.999596
1850 4430 -6.908783 -0.069519 -0.076103 0.999974 -0.004773 0.002700 0.004647
3389 4582 7.716476 2.222412 -0.125294 0.015217 -0.016353 0.011052 0.999689
1836 4418 -6.020447 -0.309265 0.047836 0.999945 -0.004113 0.009659 -0.000186
925 4204 6.086090 0.671814 0.140930 0.995651 -0.015762 -0.012649 0.090929
3352 4620 -8.099625 3.159912 -0.059874 0.049949 -0.004391 0.022056 0.998497
1808 4396 -8.500336 -1.957581 0.146194 0.997202 -0.004078 0.002222 0.074601
982 4236 -8.820740 0.058655 -0.189674 0.999950 0.005306 -0.008204 -0.001768
1017 4269 8.982193 0.325684 0.166527 0.999976 0.005463 -0.003285 0.002627
3393 4593 -9.456802 2.843384 0.010525 0.003008 -0.006541 0.023585 0.999695
976 4233 -6.798737 0.040955 -0.130131 0.999841 0.003310 -0.017445 -0.001234
1997 4574 7.928097 -2.705933 0.206051 0.988813 -0.022386 0.003248 -0.147436
3380 4587 8.849792 2.299072 0.021421 0.015951 -0.019217 0.015468 0.999567
1926 4504 -7.339600 1.259155 0.040016 0.999772 -0.003453 0.004110 -0.020671
1929 4519 9.324951 1.757874 0.551186 0.999366 -0.009951 0.002352 0.034080
1898 4476 -7.640869 0.948059 -0.109802 0.999978 -0.005611 0.000542 0.003332
1902 4492 8.880676 1.307800 0.089523 0.999350 -0.011778 0.003453 0.033892
1882 4472 7.953125 0.617737 0.039101 0.999841 -0.013157 0.002347 0.011768
940 4216 6.342300 0.054626 0.032265 0.999868 0.001923 -0.015944 -0.002230
1786 4393 5.513977 -4.251648 -0.047508 0.819934 0.015708 0.020916 0.571859
966 4236 6.638519 -0.030151 0.171211 0.999950 -0.005401 -0.007872 0.002644
979 4235 -7.192352 0.057312 -0.091541 0.999973 0.003032 -0.006381 -0.001790
1008 4254 -6.000168 0.156555 -0.133934 0.999938 -0.005336 -0.007314 0.006321
1796 4393 -2.413391 -5.560669 0.069748 0.952771 0.012526 0.013632 0.303125
1906 4494 6.224457 1.188049 0.123581 0.999696 -0.010084 0.004175 0.022113
1933 4510 -8.537354 1.748108 0.354874 0.999615 -0.000365 0.003102 -0.027572
1865 4445 -6.781067 0.306702 -0.090843 0.999971 -0.001066 0.005253 0.005326
1916 4495 -6.057831 1.199341 0.054977 0.999572 -0.002874 0.004439 -0.028754
1829 4423 8.592438 -0.379333 -0.008324 0.999983 -0.000871 0.005209 0.002356
1903 4492 7.537506 1.242981 0.089836 0.999497 -0.010871 0.003014 0.029621
1789 4390 1.632446 -8.547023 0.074181 0.863951 0.003817 0.020180 0.503155
1036 4275 4.347443 -8.016602 0.206924 0.923524 -0.006051 -0.003092 -0.383477
1940 4530 9.167419 1.642090 0.309044 0.999500 -0.011799 0.006836 0.028522
1997 4562 -6.568359 1.834167 -0.161900 0.988113 -0.002302 0.008735 -0.153467
984 4239 -6.920731 0.039734 -0.146748 0.999942 0.003019 -0.010244 -0.000824
1780 4396 8.716064 1.702545 0.005707 0.739302 0.014251 0.015587 0.673041
1867 4447 -6.860748 0.205750 -0.194931 0.999971 -0.005932 0.001860 0.004331
951 4210 -9.255264 0.326660 -0.166290 0.999609 -0.003829 -0.026057 -0.009258
915 4187 4.861115 -4.832397 0.366035 0.731798 -0.031313 -0.009241 0.680736
2001 4563 -7.295486 2.692261 -0.239346 0.964992 -0.002531 0.001975 -0.262259
946 4206 -8.363037 0.408447 -0.094009 0.999723 -0.009252 -0.019758 0.008762
1839 4431 7.965088 -0.191711 0.025986 0.999951 -0.007703 0.005681 0.002414
3346 4623 -7.401627 3.723450 -0.067289 0.075560 -0.000788 0.022070 0.996896
1007 4265 9.226501 0.236084 0.208042 0.999958 0.004797 -0.006901 0.003417
908 4193 9.751770 1.862549 0.381989 0.729187 -0.021569 -0.006595 0.683939
1823 4417 6.768890 -0.444031 0.020218 0.999976 -0.001911 0.006117 0.002354
1883 4462 -7.347534 0.452454 -0.241028 0.999995 0.001308 -0.000000 0.002688
914 4196 7.502930 1.074860 0.449341 0.867693 -0.021045 -0.020160 0.496243
2014 4571 -7.988953 -0.288025 0.092010 0.792614 -0.019571 0.019606 -0.609094
984 4237 -9.429001 0.052917 -0.193741 0.999956 0.005125 -0.007607 -0.001393
993 4245 -7.216507 0.061401 -0.197819 0.999964 0.000768 -0.007895 0.002511
1882 4471 6.568115 0.603699 0.032738 0.999850 -0.013415 0.002286 0.010707
1912 4502 9.127136 1.172546 0.134308 0.999714 -0.009704 -0.000376 0.021823
1034 4262 -7.569977 3.327393 -0.098236 0.947616 -0.011068 -0.000662 -0.319216
950 4209 -9.284775 0.354614 -0.130943 0.999678 -0.004206 -0.023477 -0.008614
927 4188 -4.922958 -4.797058 -0.152657 0.877559 -0.025302 -0.012373 0.478637
3361 4613 -6.751251 2.613892 -0.016039 0.011180 -0.008818 0.019652 0.999704
1908 4486 -7.445251 1.283752 0.013985 0.999799 -0.004168 0.002555 -0.019407
3387 4594 -6.385040 2.530823 0.065697 -0.017998 -0.006414 0.015664 0.999694
3397 4577 8.551857 1.131409 0.063750 0.056311 -0.007475 0.001604 0.998383
1832 4412 -9.614716 -0.372131 -0.038841 0.999998 -0.000593 -0.000259 -0.001618
994 4257 7.578476 0.098206 0.167278 0.999966 0.001357 -0.008084 -0.000123
1908 4496 6.275146 1.167419 0.080200 0.999730 -0.011494 0.008243 0.018416
1968 4556 8.387619 0.995911 -0.102913 0.999933 -0.010951 -0.003592 -0.001380
1823 4407 -6.878326 -0.490417 0.024124 0.999971 0.001721 0.007398 -0.000455
1817 4402 -8.012329 -0.633057 0.029938 0.999935 0.006665 0.005309 0.007493
968 4225 -8.938919 0.040344 0.008080 0.999984 0.003287 0.000007 -0.004350
1833 4427 9.548920 -0.320435 0.066437 0.999994 0.000786 0.000435 0.003388
1821 4415 6.062103 -0.460144 -0.015533 0.999860 -0.002234 0.016420 0.002203
1985 4569 9.489426 0.783630 0.050117 0.999613 -0.024659 -0.012632 0.002463
1810 4409 7.621124 -0.010742 0.058769 0.999064 -0.009088 0.011061 0.040808
1018 4257 -7.550842 0.299805 -0.120895 0.999978 -0.005315 -0.003595 -0.001230
3400 4576 7.900206 -0.035461 -0.024569 0.112245 -0.002692 0.000819 0.993676
1811 4399 -6.871155 -1.110962 0.156792 0.999213 -0.000040 0.012311 0.037713
970 4226 -9.674438 0.025513 -0.181881 0.999926 0.006897 -0.009250 -0.003665
3364 4601 6.058807 2.351562 -0.019149 0.006696 -0.010373 0.027627 0.999541
1831 4413 -7.123810 -0.382263 -0.021950 0.999983 -0.002045 0.005265 -0.001266
984 4250 7.138290 0.065796 0.112827 0.999954 0.000433 -0.008151 0.004905
1954 4544 9.658905 1.671448 0.011593 0.999759 -0.005360 0.005811 0.020490
1948 4526 -6.691483 1.614563 0.305206 0.999798 -0.001268 0.002872 -0.019832
3389 4595 -9.194092 2.665283 0.093771 -0.009589 -0.003795 0.017987 0.999784
969 4228 -6.223129 -0.005493 -0.023293 0.999964 0.007686 0.002624 -0.001985
995 4247 -6.230301 0.069397 -0.174416 0.999948 0.001831 -0.009007 0.004113
3333 4626 -1.338478 6.065796 0.011840 0.268240 0.005110 0.020868 0.963111
3324 4621 9.122192 -0.080200 0.186512 0.419076 -0.021377 0.022218 0.907426
1928 4517 7.994537 1.710144 0.549629 0.999503 -0.011842 0.003161 0.029038
1804 4395 -6.699341 -2.909485 0.084442 0.992879 0.006306 0.000486 0.118952
999 4249 -6.565582 0.080994 -0.193714 0.999921 0.000835 -0.010798 0.006195
1896 4473 -9.171204 0.918213 -0.093033 0.999969 -0.005955 0.000137 0.005005
1781 4397 8.701416 2.751343 -0.002296 0.752160 0.015766 0.019470 0.658503
1838 4430 7.798004 -0.210205 0.042542 0.999952 -0.008314 0.004528 0.002440
942 4219 7.992645 -0.001587 0.083359 0.999863 0.003177 -0.016188 -0.000846
1798 4392 -5.392090 -5.854218 0.047997 0.969058 0.012844 0.010318 0.246283
917 4186 3.048065 -5.895996 0.342194 0.746919 -0.034704 -0.002825 0.663999
1978 4563 7.456039 0.708191 -0.071953 0.999981 -0.002178 -0.005570 0.001137
3403 4573 9.439819 -2.525879 -0.028385 0.187955 0.001208 0.000208 0.982176
939 4218 9.297256 0.003235 0.068108 0.999862 0.002759 -0.016310 -0.001294
1961 4536 -9.238190 1.782166 -0.001129 0.999902 -0.008460 0.000575 -0.011120
3362 4614 -8.993332 2.654297 -0.035976 0.014321 -0.010036 0.020036 0.999645
3365 4598 8.990601 2.267578 -0.019420 0.008363 -0.017284 0.026984 0.999450
944 4206 -6.620636 0.351013 -0.086563 0.999713 -0.008537 -0.019102 0.011572
3321 4622 9.496460 0.289429 0.219213 0.466028 -0.027800 0.021170 0.884078
923 4205 8.187134 1.242554 0.216377 0.994563 -0.014140 -0.012015 0.102459
995 4258 8.113617 0.081604 0.167347 0.999973 0.002747 -0.006675 -0.000645
1017 4268 7.631317 0.303772 0.140884 0.999967 0.005803 -0.004403 0.003446
962 4234 7.908188 -0.095032 0.145668 0.999874 -0.006988 -0.014216 -0.000641
1793 4400 6.973328 1.043152 -0.095428 0.924365 0.013679 0.027447 0.380274
1982 4554 -7.400085 0.729431 -0.244301 0.999905 -0.011660 0.004861 0.005420
3345 4623 -6.648819 3.786011 -0.068856 0.080884 -0.000794 0.021022 0.996500
933 4190 -8.623154 -3.586243 -0.318886 0.909969 -0.026086 -0.018936 0.413419
3385 4596 -7.297821 2.230652 0.090248 -0.023870 -0.004580 0.014277 0.999602
1809 4409 8.391052 0.180664 0.049568 0.998607 -0.008576 0.011013 0.050887
1882 4473 9.346252 0.609314 0.037514 0.999825 -0.013365 0.003151 0.012666
950 4211 -7.394806 0.276306 -0.091125 0.999645 -0.001842 -0.024813 -0.009402
927 4184 -6.134598 -7.081238 -0.166321 0.824747 -0.024761 -0.004013 0.564942
3372 4593 8.678543 2.244263 0.030617 0.009035 -0.020960 0.018787 0.999562
933 4191 -8.155121 -3.149109 -0.296852 0.920332 -0.028576 -0.019493 0.389603
1982 4566 7.946121 0.785461 -0.143852 0.999889 -0.013616 -0.002356 0.005516
1820 4415 7.029022 -0.457031 -0.026451 0.999841 -0.002878 0.017404 0.002578
3394 4591 -7.569168 2.804565 -0.087720 0.007628 -0.013062 0.025660 0.999555
1995 4574 9.270193 -1.903931 0.275063 0.994213 -0.023462 -0.001637 -0.104825
1004 4250 -8.633499 0.096375 -0.181618 0.999947 -0.001800 -0.006579 0.007595
939 4199 -8.000595 -0.375000 -0.183319 0.986588 -0.021766 -0.026925 0.159513
939 4197 -9.381393 -0.896179 -0.284119 0.975817 -0.022521 -0.031226 0.215166
943 4221 9.435104 -0.041016 0.136124 0.999907 0.003265 -0.013177 -0.000973
1000 4247 -9.828934 0.057922 -0.267460 0.999933 0.001567 -0.009819 0.005798
3373 4604 -6.578766 2.374817 0.031878 -0.005287 -0.014671 0.015261 0.999761
972 4228 -9.135529 0.029724 -0.235306 0.999939 0.007187 -0.007721 -0.002929
2005 4575 2.076263 -6.011902 0.302364 0.926238 -0.019618 0.005273 -0.376391
1942 4518 -9.713913 1.966431 0.398247 0.999263 -0.001887 0.002732 -0.038240
3401 4577 6.048336 -0.021179 -0.011997 0.135849 -0.001802 0.000352 0.990727
1817 4401 -9.377228 -0.658447 0.032753 0.999905 0.008882 0.007387 0.007541
1872 4451 -8.223572 0.210022 -0.194603 0.999992 -0.000837 0.002257 0.002904
1955 4543 7.140884 1.607483 0.014336 0.999826 -0.005498 0.006768 0.016511
1013 4254 -8.951431 0.166077 -0.195541 0.999932 -0.005509 -0.007310 0.007191
939 4200 -7.262146 -0.208496 -0.131050 0.990581 -0.021273 -0.024958 0.132937
929 4185 -7.418747 -6.330261 -0.303703 0.844241 -0.027780 -0.008213 0.535178
1826 4408 -8.576782 -0.441650 0.010475 0.999951 0.001030 0.009629 -0.001818
912 4197 8.859924 2.564087 0.458397 0.857618 -0.020115 -0.014124 0.513696
1929 4508 -5.847443 1.487305 0.234772 0.999845 -0.004822 -0.001048 -0.016892
957 4215 -9.869446 0.210815 -0.158119 0.999858 0.000272 -0.011969 -0.011766
977 4244 6.117935 0.028564 0.053326 0.999988 -0.001873 -0.001749 0.004092
1806 4394 -9.565369 -2.786438 0.122299 0.995328 -0.000227 0.002678 0.096510
1007 4251 -9.283173 0.110840 -0.213409 0.999934 -0.003604 -0.007134 0.008119
3368 4597 7.375885 2.277832 0.054574 0.007583 -0.021101 0.023342 0.999475
3329 4622 5.756683 2.466553 -0.036997 0.329412 -0.008526 0.022164 0.943886
997 4258 6.612869 0.093994 0.141037 0.999970 0.003127 -0.006875 -0.000053
1826 4421 9.101898 -0.398193 0.006783 0.999931 -0.005497 0.010118 0.002218
963 4222 -7.777878 0.060669 -0.192017 0.999912 0.000562 -0.011261 -0.006843
1963 4539 -7.720123 1.563965 -0.049789 0.999925 -0.009397 0.003289 -0.007050
1023 4259 -7.285614 0.829041 -0.106445 0.998709 -0.011524 0.000410 -0.049447
1036 4264 -6.248993 2.317139 -0.084496 0.925917 -0.006601 -0.003216 -0.377652
912 4191 7.393341 -1.209778 0.417900 0.753921 -0.026712 -0.008694 0.656361
3367 4597 8.349609 2.262268 0.023746 0.008584 -0.019064 0.024699 0.999475
1854 4444 6.623199 0.152222 -0.057594 0.999950 -0.002500 0.009561 0.001443
1018 4256 -8.865952 0.309204 -0.142746 0.999974 -0.006096 -0.003685 -0.000752
914 4188 5.719208 -3.866302 0.389511 0.734154 -0.027790 -0.009337 0.678347
3393 4591 -6.861542 2.783142 -0.040995 0.006024 -0.010200 0.024214 0.999636
1969 4555 6.017456 0.971375 -0.148079 0.999939 -0.010953 -0.000635 -0.001275
1886 4477 9.590210 0.659424 0.043716 0.999822 -0.002154 0.004700 0.018107
1918 4506 6.553741 1.159485 0.262604 0.999855 -0.003915 0.001469 0.016462
1833 4413 -9.362762 -0.349060 -0.030731 0.999983 -0.002427 0.005025 -0.001800
1949 4526 -7.975098 1.664612 0.283108 0.999750 -0.000501 0.001919 -0.022264
970 4228 -7.199783 -0.000977 -0.130970 0.999954 0.008499 -0.003648 -0.002052
3357 4606 5.961945 2.445129 -0.051689 0.003637 -0.014084 0.020273 0.999687
964 4221 -9.901169 0.086304 -0.301888 0.999829 -0.000114 -0.017087 -0.006958
3319 4624 8.927185 2.153198 0.163919 0.500710 -0.024584 0.013956 0.865148
3350 4622 -9.158340 3.437317 -0.124404 0.061133 -0.008645 0.023463 0.997815
1045 4269 -7.573669 -0.349426 0.211098 0.795140 -0.005176 -0.010895 -0.606303
1855 4433 -9.367645 0.019775 -0.143730 0.999974 -0.002626 -0.000726 0.006666
1009 4254 -6.618576 0.157166 -0.146645 0.999938 -0.005116 -0.007288 0.006571
1903 4493 8.910095 1.322144 0.096809 0.999362 -0.011751 0.003949 0.033494
3362 4602 6.649277 2.373169 -0.020866 0.005697 -0.012866 0.026958 0.999536
3321 4628 5.256592 7.043274 -0.077173 0.499291 -0.017134 0.020397 0.866023
911 4186 8.051697 -4.042633 0.460320 0.641609 -0.026678 0.001653 0.766562
1868 4460 9.956207 0.219116 -0.001518 0.999963 -0.007141 0.003796 0.002825
1843 4422 -8.933502 -0.206665 -0.037666 0.999974 0.000600 0.007082 0.000627
1799 4403 7.202942 0.668823 0.016571 0.978060 0.013167 0.008699 0.207724
1969 4556 7.300598 0.961426 -0.130051 0.999937 -0.010773 -0.002534 -0.001741
1004 4249 -9.929916 0.081970 -0.207550 0.999939 -0.001659 -0.007592 0.007741
1793 4392 -0.588257 -6.667480 0.080437 0.919546 0.009609 0.019229 0.392392
3411 4571 4.039429 -7.482422 -0.065781 0.413529 -0.003881 -0.000546 0.910482
1011 4266 8.116806 0.282471 0.203484 0.999916 0.007164 -0.008704 0.006350
3403 4587 -7.294563 4.114136 -0.103306 0.184722 -0.012823 0.020159 0.982500
914 4195 7.190979 0.430786 0.432030 0.852885 -0.022290 -0.019197 0.521267
3322 4628 4.682709 7.096069 -0.078957 0.487558 -0.014798 0.020765 0.872716
3370 4607 -7.551788 2.418579 0.001957 -0.001168 -0.012004 0.014394 0.999823
1954 4531 -7.554901 1.623779 0.183601 0.999913 -0.001929 -0.001356 -0.012997
963 4221 -8.950974 0.078369 -0.222534 0.999869 0.000613 -0.014302 -0.007498
1877 4456 -7.861633 0.329956 -0.174789 0.999996 0.000996 0.001644 0.001856
1946 4534 6.623093 1.455750 0.237133 0.999795 -0.008294 0.005510 0.017617
1841 4433 8.259216 -0.166321 -0.049492 0.999942 -0.002570 0.010127 0.002635
3363 4600 8.311111 2.318176 0.004109 0.008362 -0.012222 0.028441 0.999485
3400 4589 -8.457630 3.821289 -0.048120 0.101119 -0.005721 0.026678 0.994500
3391 4581 7.570282 2.053467 -0.145617 0.021221 -0.011936 0.009149 0.999661
1946 4535 7.953751 1.491638 0.230892 0.999719 -0.008596 0.006169 0.021216
913 4184 6.638092 -6.099304 0.502640 0.643354 -0.027674 0.003308 0.765058
3328 4619 9.354401 -0.321838 0.088925 0.333038 -0.011585 0.024025 0.942534
983 4249 6.764816 0.054382 0.111874 0.999935 0.000813 -0.010130 0.005091
1045 4270 -7.207092 -1.640930 0.257652 0.794397 -0.005893 -0.010310 -0.607280
1778 4395 9.123352 0.928253 -0.000870 0.717578 0.015199 0.015887 0.696129
1983 4555 -6.886139 0.741028 -0.269012 0.999876 -0.014707 0.002719 0.004954
1029 4272 6.698643 -3.116272 0.099030 0.983520 -0.007084 -0.001979 -0.180646
1797 4404 9.453552 2.290527 -0.071556 0.966074 0.011068 0.011256 0.257782
1881 4461 -6.070007 0.438416 -0.101395 0.999932 -0.004999 0.010372 0.001477
3352 4621 -9.415802 3.304871 -0.061486 0.055888 -0.006154 0.022375 0.998166
2015 4573 -8.151184 -2.438995 0.175621 0.780356 -0.017027 0.024765 -0.624613
1786 4390 4.121277 -7.987839 0.001472 0.818342 0.005861 0.017394 0.574436
3330 4630 -3.120621 9.471497 0.016923 0.355189 -0.004951 0.020541 0.934554
3325 4627 3.550751 6.388306 -0.056888 0.435729 -0.011122 0.020362 0.899777
952 4225 6.157593 -0.079712 0.154968 0.999913 -0.002416 -0.011797 -0.005147
1985 4555 -8.358917 0.790344 -0.286331 0.999868 -0.015943 0.002921 0.001377
910 4189 8.562927 -1.704987 0.412468 0.682100 -0.021326 -0.006009 0.730920
3409 4572 5.278320 -5.885864 -0.019665 0.358749 -0.003354 0.001690 0.933425
984 4238 -8.174805 0.044556 -0.171463 0.999946 0.004544 -0.009196 -0.001233
1957 4534 -7.180893 1.648987 0.136780 0.999928 -0.005674 0.004863 -0.009351
1831 4412 -8.500061 -0.387329 -0.040779 0.999999 -0.000516 -0.000430 -0.001351
1791 4400 7.746033 2.034401 -0.153008 0.898483 0.015284 0.030365 0.437690
1971 4547 -6.382004 0.994019 -0.275219 0.999965 -0.007363 0.001097 -0.003849
1914 4502 6.397736 1.024170 0.095268 0.999906 -0.007635 0.001261 0.011263
1777 4396 9.351685 2.503571 0.012970 0.709287 0.014460 0.015708 0.704595
1902 4490 6.146973 1.164001 0.081436 0.999568 -0.011511 0.006145 0.026314
917 4183 2.868469 -7.798767 0.371513 0.698410 -0.033393 -0.002605 0.714910
1016 4268 8.122437 0.325195 0.146034 0.999957 0.006500 -0.004088 0.005103
979 4246 6.726349 0.039001 0.051743 0.999982 -0.000455 -0.003823 0.004462
923 4206 9.030151 1.372131 0.201370 0.995932 -0.012265 -0.009810 0.088716
1913 4501 6.370422 1.053406 0.097519 0.999894 -0.008976 0.002021 0.011243
3375 4603 -7.230713 2.298584 0.012804 -0.011253 -0.013103 0.017374 0.999699
3377 4589 9.036377 2.295532 0.123024 0.009714 -0.021847 0.020419 0.999505
940 4200 -8.051819 -0.213806 -0.168724 0.990458 -0.021187 -0.026327 0.133598
966 4237 7.887939 -0.032410 0.188965 0.999947 -0.005394 -0.008069 0.003122
944 4222 9.756943 -0.076782 0.135147 0.999957 0.003161 -0.008240 -0.002465
3422 4572 -8.299377 -5.480347 -0.084637 0.652845 -0.009152 -0.000009 0.757434
1976 4563 9.258896 0.699463 -0.104130 0.999994 -0.002254 -0.002343 -0.000613
993 4243 -9.768921 0.053345 -0.241875 0.999975 0.000014 -0.006875 0.000945
3352 4619 -6.789459 3.033447 -0.055602 0.043967 -0.005294 0.022121 0.998773
3411 4585 -7.779510 5.964783 -0.279411 0.406711 -0.012230 0.023180 0.913180
1908 4485 -8.801697 1.355713 -0.000702 0.999740 -0.002729 0.002328 -0.022482
1966 4554 8.102295 1.128113 -0.152683 0.999955 -0.009443 0.000943 0.000905
1026 4272 8.488701 -1.907227 0.111389 0.994106 -0.007990 -0.001489 -0.108098
1987 4568 6.848175 0.603699 -0.103577 0.999670 -0.023660 -0.006705 -0.007453
1030 4262 -6.281097 1.819397 -0.133881 0.978748 -0.013221 -0.001692 -0.204628
1969 4545 -6.828644 1.084595 -0.321846 0.999958 -0.007380 0.001006 -0.005373
932 4210 6.472763 0.274475 0.005455 0.999756 0.001359 -0.021036 0.006412
1938 4527 7.832855 1.622009 0.358101 0.999545 -0.014614 0.004607 0.025964
3406 4586 -7.166779 4.831909 -0.214659 0.268944 -0.016243 0.017143 0.962866
1947 4524 -8.100845 1.706543 0.314957 0.999648 0.002649 0.000836 -0.026370
983 4250 8.061157 0.061890 0.144402 0.999945 0.000675 -0.009116 0.004947
1033 4263 -6.144928 2.128967 -0.076782 0.956986 -0.010426 -0.001217 -0.289941
980 4247 7.029099 0.040161 0.070713 0.999965 0.000883 -0.006625 0.004939
1005 4263 7.833588 0.198425 0.142735 0.999959 0.001457 -0.008672 0.001462
923 4185 -2.567017 -6.739319 0.088242 0.812071 -0.028661 0.000496 0.582852
3372 4606 -8.204224 2.370239 0.032707 -0.004814 -0.012361 0.013340 0.999822
1947 4525 -6.755325 1.632996 0.303810 0.999766 -0.000337 0.000854 -0.021587
3325 4622 7.832794 1.308044 0.092347 0.406717 -0.020470 0.023081 0.913032
1979 4564 7.855164 0.723267 -0.055504 0.999953 -0.005767 -0.007330 0.002555
920 4204 9.124115 2.114685 0.322937 0.984080 -0.018108 -0.015564 0.176110
1821 4404 -9.011627 -0.524231 0.142807 0.999954 0.003025 0.008963 0.001145
969 4239 7.542023 0.002991 0.015327 0.999984 -0.001896 -0.000925 0.005061
1821 4406 -6.260651 -0.504944 0.123138 0.999937 -0.000712 0.011199 0.000100
924 4205 7.570068 0.976196 0.170235 0.995977 -0.015422 -0.010291 0.087664
1807 4407 7.167389 0.157715 0.097961 0.997521 -0.008578 0.007866 0.069394
1024 4258 -9.046326 1.259460 -0.114723 0.997771 -0.012982 0.000751 -0.065442
1894 4483 7.271729 0.893494 0.039749 0.999640 -0.005216 0.006204 0.025573
1852 4432 -6.797577 -0.026855 -0.050575 0.999973 -0.002013 0.003882 0.005801
1842 4422 -7.713562 -0.209656 0.014809 0.999950 -0.001074 0.009848 0.000343
3334 4627 -3.271904 6.649353 0.048814 0.255035 0.007024 0.021581 0.966664
972 4243 9.688980 0.045105 0.187538 0.999944 -0.005367 -0.006694 0.006101
1783 4396 7.951233 0.694061 -0.053909 0.777036 0.016293 0.018026 0.628986
1935 4523 6.508026 1.581055 0.438004 0.999696 -0.005581 0.002679 0.023880
1791 4389 -1.161255 -9.741737 0.125885 0.891626 0.000984 0.016592 0.452467
3394 4579 8.007706 1.836731 -0.043500 0.026370 -0.011662 0.006403 0.999563
924 4206 8.416534 1.080566 0.152580 0.997140 -0.013536 -0.008128 0.073896
3418 4572 -4.335571 -6.447693 -0.091141 0.589518 -0.011652 -0.000894 0.807667
1816 4413 8.004333 -0.414307 0.119553 0.999928 -0.007312 0.007631 0.005689
1980 4565 8.292236 0.746948 -0.100868 0.999933 -0.009420 -0.005421 0.003795
987 4239 -9.662415 0.055115 -0.156715 0.999964 0.001989 -0.008107 -0.001087
1813 4410 6.508972 -0.345642 0.057854 0.999846 -0.004632 0.004065 0.016403
1020 4270 8.875427 0.068054 0.153740 0.999896 -0.001168 -0.003440 -0.013919
1038 4275 2.169312 -8.573242 0.267761 0.897351 -0.006010 -0.005433 -0.441240
1013 4266 6.985825 0.295593 0.157990 0.999933 0.005949 -0.007664 0.006301
1818 4413 6.187683 -0.454346 0.078735 0.999923 -0.006779 0.009953 0.002998
1929 4506 -8.661682 1.522949 0.084457 0.999648 -0.003811 0.001913 -0.026157
3399 4575 9.774529 0.080566 -0.026675 0.094495 -0.001526 0.001736 0.995522
1847 4426 -8.476227 -0.140869 -0.061745 0.999982 0.000360 0.005459 0.002545
914 4185 5.662415 -5.780334 0.417908 0.680289 -0.028526 -0.000642 0.732385
1046 4274 -6.825989 -6.615631 0.417801 0.776728 -0.005144 -0.004272 -0.629798
956 4217 -6.806244 0.131714 -0.159393 0.999817 0.001085 -0.015956 -0.010375
1835 4415 -8.918579 -0.337341 0.046173 0.999938 0.000155 0.011085 -0.000757
3371 4605 -5.930847 2.408569 0.038704 -0.002710 -0.013484 0.016362 0.999771
1892 4470 -8.037659 0.770691 -0.027267 0.999947 -0.005973 0.002763 0.007827
998 4260 8.541351 0.098938 0.186283 0.999972 0.003629 -0.006488 -0.000484
1832 4414 -6.876282 -0.371643 -0.015495 0.999964 -0.000913 0.008339 -0.001069
912 4192 7.563049 -0.591705 0.420586 0.773155 -0.025535 -0.008910 0.633637
1972 4559 8.010101 0.807190 -0.107307 0.999986 -0.004629 0.000240 -0.002514
1016 4257 -6.576355 0.225952 -0.087486 0.999983 -0.003332 -0.002932 0.003393
1984 4556 -6.352554 0.760071 -0.286079 0.999871 -0.015671 -0.000364 0.003382
1887 4465 -8.475220 0.525085 -0.097313 0.999951 0.007067 -0.001567 0.006625
3361 4602 7.578445 2.375427 -0.036106 0.005348 -0.011747 0.026047 0.999576
926 4206 7.098862 0.674133 0.108253 0.998645 -0.008677 -0.009975 0.050324
3415 4583 -7.500244 5.680359 -0.395679 0.515385 -0.024442 0.023454 0.856285
1837 4416 -9.902710 -0.296997 0.011963 0.999980 -0.001990 0.005961 -0.000805
1905 4495 8.960785 1.323120 0.129318 0.999417 -0.011741 0.006165 0.031457
1804 4406 7.959656 0.399109 0.103088 0.994637 -0.000679 0.005115 0.103295
1958 4546 7.399414 1.637756 -0.034836 0.999892 -0.007251 0.002295 0.012596
1017 4267 6.287811 0.288574 0.112343 0.999964 0.005829 -0.004723 0.003863
1924 4512 6.681580 1.547852 0.512383 0.999623 -0.005717 0.008112 0.025588
1908 4497 7.664001 1.214661 0.069626 0.999649 -0.011822 0.007318 0.022515
1795 4390 -4.558289 -8.167480 0.156639 0.941869 0.000040 0.014431 0.335668
1798 4393 -4.218140 -5.223022 0.043388 0.969143 0.014599 0.009607 0.245876
3405 4586 -6.872818 4.330994 -0.201336 0.238211 -0.016499 0.016995 0.970924
3321 4623 8.760620 1.382874 0.150497 0.471565 -0.024406 0.018576 0.881296
3418 4576 -5.892639 -1.629913 -0.086155 0.585497 -0.020940 0.001748 0.810399
1879 4457 -9.086975 0.379517 -0.071388 0.999967 -0.001316 0.007777 0.001338
1009 4266 9.318817 0.266724 0.206299 0.999934 0.006342 -0.007649 0.005681
3378 4590 6.789719 2.365540 0.084475 0.004893 -0.023866 0.019820 0.999506
1852 4442 6.533447 0.108337 -0.059036 0.999917 -0.002392 0.012333 0.002548
3404 4585 -5.277893 3.498352 -0.170401 0.211664 -0.014318 0.018490 0.977062
988 4252 6.101517 0.091064 0.080551 0.999973 -0.002085 -0.005871 0.003545
932 4194 -5.829437 -1.966003 -0.208313 0.950676 -0.021908 -0.023659 0.308502
3369 4595 9.004227 2.239197 0.045676 0.009519 -0.020650 0.021575 0.999507
3351 4607 9.693665 2.424805 -0.138251 0.005978 -0.010822 0.022017 0.999680
1977 4549 -9.615234 0.826111 -0.289925 0.999985 -0.004104 0.003394 -0.000697
1005 4251 -7.987701 0.111206 -0.174770 0.999946 -0.002919 -0.006288 0.007601
1022 4269 6.562332 -0.210754 0.095200 0.999432 -0.002898 -0.002160 -0.033490
981 4237 -6.622681 0.039856 -0.133720 0.999961 0.004832 -0.007164 -0.001079
3340 4625 -5.491776 4.838257 0.021445 0.141756 0.006911 0.014907 0.989764
3329 4627 0.692444 6.770264 -0.019356 0.359410 0.000982 0.020670 0.932949
1790 4399 7.346069 1.411522 -0.122490 0.884352 0.015140 0.030209 0.465596
1928 4516 6.630157 1.659180 0.554146 0.999629 -0.011883 0.001816 0.024416
3383 4596 -5.539276 2.386780 0.038277 -0.014650 -0.008296 0.015682 0.999734
3391 4591 -5.444214 2.722900 -0.009809 0.003138 -0.009036 0.022057 0.999710
3333 4620 5.625847 2.206665 -0.065578 0.231812 -0.000946 0.021879 0.972513
1032 4274 7.035294 -5.637146 0.110512 0.964197 -0.005630 0.002738 -0.265110
1042 4275 -2.206329 -8.672363 0.381676 0.838064 -0.008575 -0.006637 -0.545462
3318 4626 8.139221 4.328918 0.104795 0.523455 -0.027306 0.015413 0.851470
1917 4505 6.525116 1.070129 0.177673 0.999890 -0.003162 -0.000682 0.014431
3327 4623 5.879456 2.802246 -0.023518 0.375375 -0.012864 0.023569 0.926482
1784 4392 6.371704 -4.849335 -0.050491 0.789074 0.013655 0.020892 0.613789
3339 4616 6.750450 1.935547 -0.076486 0.102134 0.001086 0.016095 0.994639
2011 4574 -4.423645 -4.701965 0.172733 0.838381 -0.019602 0.011863 -0.544603
1040 4275 -0.068207 -8.798035 0.341606 0.868397 -0.008111 -0.007070 -0.495751
941 4203 -6.594711 0.183044 -0.163284 0.997381 -0.016233 -0.028328 0.064531
998 4248 -7.159668 0.069641 -0.202080 0.999926 0.002440 -0.010484 0.005557
1875 4466 8.884186 0.429382 0.067604 0.999958 -0.002071 -0.000125 0.008905
983 4236 -9.754852 0.061340 -0.212936 0.999948 0.005366 -0.008368 -0.001823
3381 4598 -6.364716 2.302185 0.070511 -0.018370 -0.009250 0.017119 0.999641
1907 4486 -6.092529 1.185364 0.001740 0.999900 -0.004100 0.001198 -0.013414
1809 4397 -7.965546 -1.630615 0.173935 0.997991 -0.001778 0.005429 0.063094
3345 4611 9.037033 2.277893 -0.118796 0.025772 -0.004778 0.021970 0.999414
3328 4626 2.397797 5.814636 -0.062579 0.373853 -0.004900 0.021482 0.927225
1964 4551 6.621246 1.307861 -0.155045 0.999961 -0.005899 0.005284 0.003744
1019 4269 8.015823 0.194580 0.145424 0.999975 0.002058 -0.003716 -0.005561
1875 4465 7.490021 0.395996 0.019630 0.999962 -0.002741 -0.002881 0.007680
911 4188 7.915588 -2.762390 0.430649 0.682609 -0.023605 -0.004665 0.730383
1916 4506 9.308258 1.233154 0.286682 0.999731 -0.006298 0.000724 0.022282
3361 4612 -5.443420 2.580627 -0.011064 0.009487 -0.009427 0.019871 0.999712
1934 4512 -7.112305 1.741882 0.431396 0.999701 -0.001597 0.005493 -0.023763
1867 4445 -9.540527 0.339722 -0.164825 0.999977 -0.002682 0.002002 0.005763
3327 4629 0.356781 8.599426 -0.168752 0.409784 -0.011341 0.026070 0.911738
1037 4275 3.300568 -8.271912 0.236870 0.910908 -0.005957 -0.004580 -0.412538
1939 4529 9.174316 1.666992 0.318451 0.999449 -0.013384 0.008027 0.029304
1993 4573 9.285805 -1.046814 0.254654 0.997164 -0.022271 -0.006923 -0.071556
3365 4611 -7.919403 2.549316 0.024264 0.009920 -0.008540 0.020275 0.999708
1826 4419 6.398285 -0.407471 0.023796 0.999932 -0.006777 0.009392 0.001314
3393 4580 7.439255 1.955017 -0.126648 0.024297 -0.010565 0.008646 0.999611
1015 4268 8.624985 0.341125 0.157955 0.999947 0.006613 -0.004480 0.006358
1810 4398 -7.408203 -1.354675 0.180321 0.998710 -0.001049 0.009730 0.049822
909 4186 9.485962 -3.124054 0.450302 0.603735 -0.026518 0.001912 0.796737
927 4206 6.423340 0.535950 0.107231 0.999019 -0.006341 -0.012277 0.042065
1876 4465 6.158813 0.404724 0.015030 0.999966 -0.001374 -0.003587 0.007271
1000 4248 -8.539673 0.066895 -0.237179 0.999922 0.001502 -0.010601 0.006317
996 4258 7.354111 0.087524 0.150040 0.999975 0.002576 -0.006441 -0.000481
1837 4428 6.294037 -0.256531 0.007271 0.999987 -0.002649 0.002870 0.003129
3322 4630 3.285706 9.395935 -0.195165 0.497690 -0.025380 0.020832 0.866731
1787 4396 6.559631 -0.858009 -0.073051 0.837424 0.016122 0.019207 0.545977
1788 4389 1.868408 -9.567806 0.092972 0.848635 0.001705 0.017493 0.528685
937 4217 9.761459 -0.023560 -0.016190 0.999928 0.002117 -0.010555 -0.005085
1885 4474 6.737976 0.636108 0.076866 0.999880 -0.003647 0.002248 0.014853
945 4203 -9.970932 0.333801 -0.038185 0.997956 -0.016069 -0.022605 0.057562
1890 4481 9.837830 0.800720 0.076874 0.999662 -0.004308 0.008354 0.024211
1991 4559 -7.126770 1.267090 -0.256783 0.998697 -0.010401 0.005515 -0.049659
1044 4269 -6.925659 -0.704773 0.187721 0.810361 -0.004871 -0.011332 -0.585798
1928 4507 -5.863892 1.423340 0.175316 0.999844 -0.005690 0.002353 -0.016564
914 4192 6.334503 -1.383759 0.393837 0.803287 -0.026871 -0.014433 0.594807
1837 4429 7.635986 -0.239258 0.018341 0.999971 -0.005332 0.004662 0.002827
1819 4415 7.975189 -0.453003 -0.004623 0.999868 -0.003475 0.015528 0.003082
3360 4613 -5.834702 2.611877 -0.003326 0.011013 -0.007635 0.019762 0.999714
2014 4573 -7.343384 -2.730865 0.145981 0.793924 -0.017779 0.019850 -0.607433
957 4230 7.698517 -0.115662 0.132507 0.999990 0.003714 -0.000352 -0.001806
1949 4537 6.734909 1.496765 0.138966 0.999748 -0.005730 0.006983 0.020549
966 4224 -8.245834 0.056396 -0.200974 0.999931 0.000759 -0.010359 -0.005304
1962 4551 9.088120 1.575256 -0.031700 0.999942 -0.006974 0.003415 0.007495
994 4245 -8.015259 0.059753 -0.215366 0.999965 0.001240 -0.007778 0.002637
978 4234 -7.488052 0.059692 -0.112915 0.999918 0.002848 -0.012213 -0.002209
3372 4604 -5.609802 2.382690 0.030836 -0.004433 -0.014922 0.016067 0.999749
1043 4275 -3.377258 -8.595001 0.401695 0.821619 -0.008387 -0.007054 -0.569929
3348 4623 -8.921234 3.639221 -0.113683 0.069593 -0.003800 0.022093 0.997322
3336 4616 8.667009 1.107422 -0.078548 0.151591 0.001532 0.018106 0.988275
1989 4557 -8.463608 1.145813 -0.227402 0.999513 -0.017109 0.005734 -0.025472
975 4243 6.788025 0.033203 0.083729 0.999977 -0.003769 -0.002934 0.004666
1777 4393 9.348511 -1.513153 -0.007896 0.706800 0.012891 0.018411 0.707054
1998 4575 8.398621 -3.485291 0.245609 0.985002 -0.023683 0.006137 -0.170800
3336 4627 -4.871670 6.398926 0.085279 0.218354 0.007734 0.019568 0.975642
1841 4421 -7.853363 -0.217407 0.043579 0.999894 -0.004683 0.013729 0.000125
3317 4626 8.645813 4.139771 0.139885 0.534900 -0.029597 0.014810 0.844261
1893 4471 -7.979034 0.802429 -0.035889 0.999946 -0.006395 0.001611 0.007975
3406 4572 8.102356 -4.610291 -0.015017 0.274255 -0.002985 -0.004640 0.961641
1833 4425 6.863220 -0.340210 0.045967 0.999986 0.002690 0.003419 0.002833
1020 4256 -9.826385 0.549072 -0.165878 0.999852 -0.010503 -0.003362 -0.013117
3321 4627 5.921326 5.887085 -0.011686 0.494086 -0.018547 0.017560 0.869036
1898 4488 8.763062 1.164001 0.126457 0.999374 -0.012659 0.002024 0.032950
3326 4623 6.429291 2.562500 0.003952 0.394092 -0.015646 0.023089 0.918646
1802 4394 -6.424561 -3.696594 0.020401 0.988320 0.010626 0.000245 0.152021
991 4255 7.407700 0.104614 0.140057 0.999971 -0.001741 -0.007192 0.001031
1963 4540 -6.400330 1.535278 -0.063469 0.999939 -0.009265 0.002633 -0.005374
1791 4391 0.416992 -7.624138 0.063614 0.892826 0.008207 0.021117 0.449830
2011 4578 -2.359802 -9.329895 0.244160 0.840436 -0.015497 0.020080 -0.541317
1784 4395 7.367126 -0.969238 -0.066177 0.790752 0.017570 0.018221 0.611612
3417 4573 -3.693054 -5.419342 -0.075630 0.567797 -0.012860 0.000233 0.823065
1888 4467 -6.972443 0.603638 -0.019257 0.999928 0.005953 0.005434 0.008778
3327 4628 1.258209 7.598328 -0.130103 0.404533 -0.006074 0.026569 0.914116
1843 4423 -7.585083 -0.209473 -0.038895 0.999981 0.002053 0.005605 0.001086
3323 4629 3.379700 8.251953 -0.125637 0.480786 -0.017688 0.020922 0.876408
1944 4522 -6.918320 1.708862 0.352737 0.999634 0.001595 0.000244 -0.026994
1970 4544 -9.202393 1.069946 -0.312252 0.999940 -0.007144 0.004770 -0.006809
3420 4580 -8.573608 3.920837 -0.226044 0.618871 -0.020640 0.015250 0.785071
1775 4394 9.892212 0.213715 -0.018974 0.692589 0.014289 0.017904 0.720967
1877 4468 9.056335 0.518616 0.141991 0.999907 -0.006012 0.007153 0.009898
1995 4560 -8.047371 1.957764 -0.224823 0.993772 -0.004134 0.005201 -0.111232
1855 4447 9.340118 -0.005859 -0.117470 0.999945 -0.007225 0.007485 -0.000101
985 4240 -6.572891 0.040649 -0.115696 0.999963 0.001471 -0.008398 -0.000471
1834 4426 7.076752 -0.324585 0.025833 0.999980 0.003715 0.003973 0.003077
1839 4419 -8.186188 -0.240967 0.006149 0.999920 -0.008903 0.008953 -0.000626
3416 4572 -2.233948 -6.776428 -0.070955 0.546338 -0.011251 -0.001359 0.837484
997 4260 9.259842 0.090088 0.195091 0.999975 0.003333 -0.005998 -0.000820
1875 4464 6.109558 0.363525 -0.019836 0.999967 -0.004026 -0.002804 0.006340
3319 4626 7.629150 4.493774 0.075615 0.511900 -0.024985 0.015939 0.858528
3409 4583 -5.158691 3.507629 -0.234272 0.351344 -0.021313 0.022825 0.935725
3372 4607 -9.501083 2.359192 0.028145 -0.004258 -0.011264 0.010676 0.999870
3421 4576 -8.283020 -0.774902 -0.044966 0.635989 -0.017358 0.002784 0.771495
1914 4492 -7.450500 1.351257 0.017204 0.999475 -0.003440 -0.000816 -0.032176
1904 4483 -6.089447 1.081909 -0.017342 0.999974 -0.000853 0.003863 -0.005927
3358 4604 7.687424 2.420532 -0.051686 0.003555 -0.015847 0.023193 0.999598
1783 4391 6.589478 -5.840530 -0.029335 0.774383 0.009814 0.019274 0.632347
1818 4403 -7.556091 -0.585388 0.069534 0.999953 0.003713 0.005467 0.007053
1814 4413 9.770416 -0.300171 0.065071 0.999842 -0.007946 0.010961 0.011514
1047 4267 -9.427124 2.940613 0.197952 0.768991 -0.004604 -0.007476 -0.639196
3398 4590 -8.727417 3.483521 -0.088364 0.061593 -0.011099 0.025862 0.997703
1786 4396 6.905518 -0.483566 -0.060974 0.821965 0.016761 0.017979 0.569006
3381 4599 -7.662384 2.269958 0.069002 -0.019570 -0.004507 0.018863 0.999619
952 4228 9.838577 -0.123840 0.253670 0.999972 -0.000295 -0.006631 -0.003331
1021 4259 -6.358368 0.507874 -0.116814 0.999671 -0.009561 -0.001703 -0.023695
1921 4509 6.618042 1.367798 0.389946 0.999742 -0.005181 0.001245 0.022080
1951 4541 9.460678 1.633118 0.087742 0.999694 -0.006930 0.002142 0.023662
1921 4511 9.425110 1.556030 0.493248 0.999478 -0.005395 0.004989 0.031451
1935 4525 9.208588 1.713074 0.405937 0.999377 -0.010080 0.002969 0.033678
3363 4611 -6.009415 2.554199 -0.040597 0.010591 -0.012593 0.020728 0.999649
1012 4253 -9.703751 0.141357 -0.218201 0.999919 -0.004713 -0.008503 0.008141
3368 4610 -9.531891 2.477966 -0.031925 0.005263 -0.013835 0.016894 0.999747
919 4199 6.240906 0.795044 0.386673 0.950737 -0.026429 -0.016329 0.308434
1782 4391 7.171692 -5.518433 -0.015541 0.760744 0.008945 0.018314 0.648730
1832 4425 7.987518 -0.350403 0.042885 0.999983 0.003000 0.003829 0.003096
2006 4578 3.657471 -8.929260 0.345181 0.914697 -0.015377 0.011997 -0.403670
1014 4256 -6.870880 0.191040 -0.122955 0.999965 -0.003935 -0.004853 0.005427
1000 4262 9.827179 0.136047 0.213909 0.999944 0.002673 -0.010133 -0.000208
1776 4393 9.656860 -1.292847 -0.010246 0.698688 0.012739 0.018610 0.715069
936 4213 6.354630 0.126953 0.003654 0.999849 0.000932 -0.016956 -0.003582
2003 4563 -8.046417 3.732056 -0.245464 0.946470 -0.002308 0.001871 -0.322778
912 4185 7.324860 -5.032623 0.481682 0.643481 -0.026619 0.004558 0.764981
1868 4458 7.113922 0.212830 -0.032425 0.999949 -0.009431 0.002232 0.002563
980 4248 8.318558 0.046936 0.092754 0.999957 0.000819 -0.007407 0.005459
951 4225 7.077194 -0.087769 0.172760 0.999918 -0.002048 -0.011567 -0.004991
938 4217 8.988800 0.000366 0.030975 0.999894 0.001974 -0.013965 -0.003457
1882 4460 -8.833038 0.448730 -0.183853 0.999988 -0.001593 0.004426 0.000336
1813 4398 -9.929291 -0.978943 0.140114 0.999652 0.003727 0.008234 0.024779
3335 4617 8.026588 1.160706 -0.066491 0.175663 -0.001135 0.018970 0.984266
919 4202 8.209473 1.928528 0.393028 0.971282 -0.024466 -0.015563 0.236152
2011 4575 -3.907166 -5.858154 0.204723 0.839091 -0.019343 0.014884 -0.543442
3385 4586 5.711151 2.369995 -0.111031 0.004750 -0.011429 0.013868 0.999826
1996 4574 8.614639 -2.341125 0.230076 0.991884 -0.022694 0.001122 -0.125103
3407 4586 -7.516052 5.192627 -0.231440 0.296599 -0.015242 0.020585 0.954658
3320 4623 9.180664 1.211670 0.184055 0.483419 -0.026763 0.018311 0.874786
1967 4556 9.526611 1.059387 -0.105827 0.999938 -0.010735 -0.002762 -0.000799
2005 3414 1.145752 -9.892334 0.459137 -0.129331 -0.000128 0.020884 0.991382
953 4228 8.919022 -0.116577 0.219864 0.999974 0.000379 -0.006143 -0.003413
1811 4409 6.821228 -0.159912 0.072227 0.999421 -0.008986 0.010228 0.031185
908 4191 9.697998 0.530457 0.385834 0.687471 -0.024930 -0.006732 0.725748
1810 4408 6.255127 -0.121277 0.072151 0.999052 -0.009663 0.012909 0.040426
1944 4533 7.878632 1.502380 0.262794 0.999724 -0.009724 0.003438 0.021108
1776 4396 9.568481 2.722992 0.010651 0.701203 0.014339 0.015926 0.712639
1002 4249 -8.593140 0.077820 -0.186565 0.999943 -0.000273 -0.007720 0.007314
1005 4264 9.176422 0.205444 0.180313 0.999973 0.003213 -0.006135 0.001994
1870 4450 -6.890411 0.185059 -0.201523 0.999985 -0.004572 0.000576 0.002959
3412 4584 -7.178772 5.507568 -0.289579 0.434708 -0.016377 0.023298 0.900120
2012 4567 -8.485291 3.757385 -0.191887 0.820391 -0.009505 0.011454 -0.571608
1876 4456 -6.533356 0.308838 -0.172470 0.999996 0.000889 0.001007 0.002133
1970 4546 -6.624466 1.031128 -0.292236 0.999953 -0.008526 0.000640 -0.004610
3321 4624 8.028809 2.479858 0.102206 0.477178 -0.019795 0.014721 0.878459
964 4235 7.274719 -0.047363 0.218109 0.999868 -0.009052 -0.013329 0.001440
1906 4485 -6.098206 1.155334 -0.023285 0.999937 -0.002362 -0.000316 -0.010906
3420 4572 -6.348450 -5.991943 -0.090651 0.625144 -0.008853 -0.001152 0.780455
1915 4493 -7.442871 1.327515 0.032005 0.999458 -0.003037 0.000307 -0.032759
1777 4392 9.344116 -2.845978 -0.008087 0.706524 0.011020 0.018121 0.707370
3368 4596 8.676636 2.248474 0.059989 0.009263 -0.020754 0.022481 0.999488
3349 4610 7.338120 2.475342 -0.085081 0.011116 -0.010879 0.023121 0.999610
2010 4575 -2.936279 -6.081238 0.218952 0.855893 -0.019855 0.012752 -0.516614
3335 4618 6.795128 1.627625 -0.061434 0.182043 -0.003017 0.019787 0.983086
1993 4558 -9.528206 1.850647 -0.258636 0.996951 -0.008699 0.006902 -0.077231
1930 4508 -7.229950 1.565186 0.240479 0.999758 -0.003092 -0.000170 -0.021781
1011 4254 -7.819656 0.152222 -0.183266 0.999929 -0.004295 -0.008352 0.007228
3413 4583 -6.795227 4.832153 -0.292961 0.462326 -0.022342 0.024049 0.886101
1016 4255 -9.202240 0.219971 -0.126865 0.999967 -0.005570 -0.003219 0.004775
962 4222 -6.826355 0.058533 -0.128693 0.999930 0.001658 -0.008829 -0.007638
3413 4570 2.478882 -8.896606 -0.046505 0.470844 -0.006834 0.001999 0.882187
1959 4548 8.778992 1.671936 0.015984 0.999896 -0.008213 0.000902 0.011843
3329 4618 9.958282 -0.714172 0.058528 0.306911 -0.009020 0.021823 0.951444
1812 4410 7.348846 -0.225891 0.066666 0.999699 -0.007132 0.003715 0.023150
1044 4267 -7.792114 1.845367 0.086578 0.811073 -0.005427 -0.012701 -0.584778
3367 4599 5.749390 2.327332 -0.022094 0.005709 -0.013462 0.027606 0.999511
1041 4275 -1.144104 -8.754791 0.364731 0.853266 -0.008464 -0.006981 -0.521359
3337 4617 6.784659 1.764526 -0.081183 0.139617 -0.000695 0.017394 0.990051
1905 4493 6.201569 1.188599 0.110428 0.999667 -0.009961 0.002068 0.023692
3418 4570 -3.571289 -8.857178 -0.129879 0.590922 -0.011251 0.000191 0.806647
1786 4394 5.973877 -3.000656 -0.057457 0.820502 0.016830 0.019299 0.571069
947 4209 -6.575012 0.313416 -0.106720 0.999659 -0.003447 -0.024513 -0.008149
924 4204 6.741241 0.856323 0.182396 0.994343 -0.017484 -0.012588 0.104001
3349 4609 8.644547 2.441956 -0.094320 0.009045 -0.012659 0.021621 0.999644
1845 4437 8.700043 -0.075928 -0.035492 0.999967 -0.001995 0.007252 0.002747
1951 4529 -6.491180 1.581116 0.210484 0.999896 -0.001351 0.001414 -0.014287
1976 4561 6.720978 0.717102 -0.143795 1.000000 0.000116 0.000064 -0.000684
1786 4392 5.049133 -5.500717 -0.036301 0.819711 0.013818 0.020960 0.572226
1864 4443 -8.096069 0.288513 -0.078979 0.999966 -0.000391 0.004961 0.006564
1973 4548 -7.132751 0.925354 -0.310036 0.999978 -0.005847 -0.000315 -0.002914
1915 4494 -6.063202 1.233032 0.050713 0.999569 -0.003784 0.003061 -0.028927
965 4236 7.578400 -0.036072 0.250130 0.999895 -0.007849 -0.011863 0.002458
3326 4622 7.342407 1.610840 0.054617 0.388302 -0.019210 0.025318 0.920983
3338 4627 -6.465572 6.060547 0.100709 0.184583 0.007245 0.017924 0.982626
1955 4544 8.439575 1.637085 -0.007332 0.999810 -0.004876 0.006348 0.017763
3419 4570 -4.736450 -8.688446 -0.133003 0.609698 -0.010343 0.000492 0.792564
1941 4517 -9.740570 1.991028 0.420868 0.999254 -0.004137 0.003192 -0.038248
1034 4273 4.269119 -5.569824 0.135422 0.946775 -0.003719 0.001603 -0.321869
1832 4426 9.334473 -0.344666 0.049744 0.999983 0.003689 0.002809 0.003340
1783 4398 8.542053 3.351379 -0.057434 0.780082 0.015975 0.025695 0.624943
1877 4455 -9.280914 0.321350 -0.191727 0.999993 0.002340 0.002082 0.001855
960 4233 8.557404 -0.103516 0.106209 0.999856 -0.004724 -0.016220 -0.000992
1925 4514 8.058380 1.684692 0.508537 0.999463 -0.009359 0.008449 0.030236
929 4187 -6.768478 -5.267517 -0.280716 0.868853 -0.030587 -0.013269 0.493943
934 4191 -8.920135 -3.110779 -0.316513 0.921050 -0.029636 -0.019829 0.387805
3394 4590 -6.258926 2.725952 -0.086976 0.015033 -0.010198 0.025895 0.999499
1010 4252 -9.838348 0.119446 -0.230675 0.999923 -0.003767 -0.008086 0.008483
961 4232 6.348221 -0.094055 0.078278 0.999920 -0.001919 -0.012342 -0.001313
1988 4557 -7.820374 0.999512 -0.217110 0.999706 -0.016865 0.005966 -0.016369
1043 4271 -5.277222 -3.558746 0.270599 0.824876 -0.005849 -0.010179 -0.565189
3418 4580 -7.438721 3.225311 -0.281317 0.583047 -0.024156 0.014985 0.811938
1909 4488 -6.080627 1.250488 0.022034 0.999804 -0.005978 0.003549 -0.018515
1012 4267 8.890671 0.306519 0.217850 0.999906 0.008001 -0.008388 0.007167
3371 4594 8.359283 2.241943 -0.004040 0.008989 -0.018421 0.018593 0.999616
1905 4484 -6.092804 1.113708 -0.025688 0.999964 -0.001430 0.001016 -0.008293
1002 4263 9.830917 0.168274 0.171619 0.999961 0.002798 -0.008239 0.000652
2011 4570 -6.453369 -0.071350 -0.024864 0.836121 -0.019944 0.007487 -0.548131
1940 4528 6.482971 1.547363 0.328484 0.999698 -0.012612 0.006658 0.019982
2001 4575 5.845932 -4.916260 0.318813 0.966639 -0.021822 0.003061 -0.255193
3372 4605 -6.907547 2.377441 0.033047 -0.004883 -0.014419 0.014559 0.999777
3349 4622 -8.378403 3.450500 -0.131536 0.062110 -0.008770 0.023865 0.997744
1889 4466 -9.710907 0.598877 -0.094482 0.999948 0.007067 0.000081 0.007316
3345 4622 -5.345474 3.578003 -0.073637 0.074622 -0.004858 0.021866 0.996959
1858 4448 6.731415 0.004272 -0.116806 0.999944 -0.009095 0.005328 0.000247
1803 4406 8.643555 0.626343 0.111763 0.992995 0.001578 0.004249 0.118066
1873 4463 7.381195 0.318054 -0.017128 0.999977 -0.003083 0.001193 0.005805
1894 4484 8.623840 0.945496 0.046577 0.999569 -0.006352 0.004518 0.028284
1984 4567 7.689926 0.787537 -0.059517 0.999776 -0.019152 -0.007835 0.004343
1918 4495 -8.812042 1.305908 0.054550 0.999388 -0.000509 0.005284 -0.034566
1964 4541 -6.315262 1.419800 -0.140793 0.999941 -0.008579 0.003388 -0.005744
3326 4627 2.860107 6.515564 -0.088621 0.417596 -0.009895 0.022840 0.908290
916 4187 4.048218 -5.120178 0.339828 0.748519 -0.032941 -0.009661 0.662221
1825 4420 8.791595 -0.410095 0.046341 0.999944 -0.005136 0.008964 0.002181
1849 4441 9.024170 0.038513 -0.007736 0.999933 -0.005028 0.010178 0.001823
1779 4396 8.945007 1.997131 0.008904 0.728484 0.014409 0.015520 0.684734
950 4226 9.199661 -0.115417 0.204857 0.999930 -0.000735 -0.010691 -0.004768
1031 4260 -9.006165 3.363098 -0.161987 0.972631 -0.011319 0.001929 -0.232070
1045 4267 -8.308655 2.241638 0.111229 0.795878 -0.005767 -0.012248 -0.605302
992 4245 -6.397736 0.060181 -0.171165 0.999969 0.000247 -0.007302 0.002455
2007 3412 -0.047974 -9.886353 0.380955 -0.003089 0.004729 0.020104 0.999783
3415 4581 -6.318298 3.377258 -0.287827 0.515091 -0.025297 0.017752 0.856575
909 4187 9.375610 -2.514893 0.439903 0.624507 -0.026171 -0.001809 0.780574
1892 4482 8.561462 0.845337 0.058235 0.999639 -0.005136 0.007911 0.025127
1004 4264 9.836990 0.194702 0.182110 0.999977 0.003168 -0.005582 0.001611
946 4223 9.196747 -0.122803 0.173294 0.999967 0.001567 -0.006294 -0.004805
964 4236 8.533981 -0.053223 0.257263 0.999907 -0.008066 -0.010721 0.002104
914 4189 5.846100 -3.271149 0.387222 0.749833 -0.026257 -0.010734 0.661015
913 4194 7.443695 0.258423 0.443550 0.823425 -0.023014 -0.012745 0.566812
3356 4604 9.431946 2.398193 -0.044220 0.004911 -0.016959 0.023548 0.999565
911 4191 8.022705 -0.842224 0.414330 0.737926 -0.024237 -0.009229 0.674380
1814 4399 -9.428741 -0.840149 0.137421 0.999749 0.007433 0.012122 0.017285
3411 4572 3.210693 -6.527771 -0.037388 0.412674 -0.003384 -0.000078 0.910871
1845 4436 7.371948 -0.081909 -0.031189 0.999952 -0.002342 0.009075 0.002682
974 4244 9.031677 0.052612 0.127716 0.999964 -0.004487 -0.003840 0.005958
1933 4522 7.900543 1.672119 0.467705 0.999542 -0.004293 0.004310 0.029647
1952 4542 9.524658 1.653809 0.065651 0.999712 -0.006009 0.004374 0.022821
1851 4442 7.818787 0.091248 -0.056244 0.999916 -0.002068 0.012462 0.002567
3414 4570 1.311829 -8.967712 -0.077799 0.497822 -0.008440 0.000353 0.867237
1986 4556 -7.771225 0.845886 -0.256538 0.999866 -0.015818 0.002823 -0.003223
2010 4567 -7.589905 2.896667 -0.212551 0.852536 -0.011447 0.006949 -0.522496
1829 4410 -9.048981 -0.413269 -0.010475 0.999993 0.002742 0.001808 -0.001497
1900 4478 -7.535675 1.019104 -0.030022 0.999975 -0.006052 0.003354 -0.001092
1817 4413 7.098114 -0.440430 0.116104 0.999940 -0.007026 0.007280 0.004172
3360 4604 5.890411 2.425720 -0.042059 0.003467 -0.016245 0.023952 0.999574
1846 4436 6.130737 -0.064087 -0.041344 0.999940 -0.004624 0.009645 0.002317
1937 4514 -8.460449 1.900330 0.405334 0.999492 -0.005636 0.001876 -0.031311
950 4224 6.793320 -0.095215 0.153488 0.999952 -0.000542 -0.008228 -0.005239
936 4193 -9.459595 -2.157654 -0.292007 0.944050 -0.025020 -0.021209 0.328164
1961 4548 6.453232 1.646362 -0.001648 0.999929 -0.009222 0.000213 0.007564
1965 4540 -8.812439 1.409424 -0.169247 0.999918 -0.009246 0.001631 -0.008727
1895 4485 8.653259 1.001831 0.058563 0.999531 -0.007943 0.003155 0.029381
3390 4593 -7.327759 2.731567 0.036924 -0.002271 -0.006010 0.021010 0.999758
1979 4565 9.126892 0.729553 -0.053314 0.999939 -0.007674 -0.007425 0.002790
910 4187 8.670715 -2.971802 0.438194 0.643304 -0.025737 -0.002368 0.765171
3332 4627 -1.665894 6.765869 0.039830 0.295524 0.006789 0.021034 0.955078
958 4218 -7.582794 0.102600 -0.106148 0.999886 0.002175 -0.012148 -0.008585
942 4203 -7.415329 0.193176 -0.154266 0.997434 -0.016766 -0.027565 0.063896
1847 4438 7.538086 -0.031006 -0.036385 0.999949 -0.006040 0.007812 0.002158
1995 4572 6.798748 -1.364990 0.169155 0.993948 -0.022934 -0.005862 -0.107271
1918 4508 9.360748 1.363586 0.414482 0.999656 -0.004802 -0.001532 0.025727
3400 4575 9.132208 -0.320496 -0.051838 0.113155 -0.000299 0.001549 0.993575
1828 4409 -9.324982 -0.419434 0.053101 0.999941 0.002280 0.010436 -0.002051
1784 4399 8.780518 4.273651 -0.081741 0.795830 0.015318 0.029191 0.604621
2009 4567 -7.056274 2.548218 -0.205441 0.867943 -0.010155 0.005734 -0.496527
1795 4391 -3.521729 -7.335388 0.131561 0.942595 0.005034 0.015434 0.333543
990 4242 -8.533722 0.044922 -0.168411 0.999980 0.000030 -0.006109 -0.000016
3320 4628 5.831726 6.963989 -0.069408 0.510950 -0.019447 0.019951 0.859152
931 4210 7.207535 0.310974 0.040398 0.999719 0.001487 -0.022103 0.008356
1012 4265 6.201950 0.276611 0.146091 0.999952 0.004807 -0.006970 0.004746
2009 4575 -1.870422 -6.133240 0.226482 0.871136 -0.018741 0.011270 -0.490554
1985 4567 6.967346 0.745117 -0.088692 0.999792 -0.019257 -0.006441 0.001887
3330 4627 -0.060989 6.850525 0.026795 0.338604 0.004677 0.018669 0.940731
3369 4597 6.407928 2.290649 0.044003 0.006485 -0.020041 0.021719 0.999541
1045 4271 -6.848022 -2.936462 0.302933 0.793522 -0.006303 -0.011176 -0.608403
1897 4474 -9.098572 0.950562 -0.132248 0.999976 -0.005750 -0.000379 0.003749
3399 4577 7.293606 0.557556 0.012021 0.092793 -0.004071 0.001293 0.995675
1788 4396 6.053711 -1.245728 -0.072609 0.852276 0.014743 0.020543 0.522479
1998 4573 6.013924 -2.626282 0.172024 0.984612 -0.021618 0.000388 -0.173413
1030 4260 -8.731117 2.871826 -0.161491 0.978845 -0.012482 0.001759 -0.204213
3379 4590 5.858841 2.390503 0.041197 0.003048 -0.021070 0.020155 0.999569
2008 4568 -5.919312 1.054382 -0.178234 0.883589 -0.014816 0.001721 -0.468026
1967 4544 -5.896317 1.173767 -0.316299 0.999955 -0.007055 0.002908 -0.005590
1888 4465 -9.790070 0.546082 -0.119949 0.999952 0.006950 -0.002208 0.006422
1944 4521 -8.272476 1.806702 0.346268 0.999477 0.001389 0.001804 -0.032262
1968 4555 7.104538 1.004944 -0.123657 0.999936 -0.011132 -0.001694 -0.000915
1781 4393 8.025085 -2.577332 -0.015251 0.748578 0.013286 0.018879 0.662643
3414 4572 0.035522 -6.785950 -0.030489 0.496317 -0.008715 -0.000774 0.868096
3394 4592 -8.871780 2.843201 -0.073085 0.007127 -0.011777 0.026288 0.999559
1986 4569 8.794250 0.703979 0.013504 0.999633 -0.024772 -0.010793 -0.001662
1981 4552 -9.175583 0.723328 -0.264069 0.999950 -0.007852 0.003643 0.004870
1020 4257 -8.511902 0.507324 -0.144470 0.999854 -0.009721 -0.003284 -0.013596
1035 4264 -5.860107 1.937012 -0.061714 0.937419 -0.007452 -0.001757 -0.348117
1879 4469 7.818146 0.555481 0.029846 0.999828 -0.010145 0.011811 0.009978
2009 4576 -1.214233 -7.214233 0.253368 0.871535 -0.018471 0.013777 -0.489791
3334 4616 9.829559 0.351501 -0.061099 0.188779 0.000933 0.020446 0.981805
1004 4252 -6.026581 0.126587 -0.127995 0.999951 -0.003431 -0.006318 0.006617
979 4233 -9.724365 0.079468 -0.165161 0.999836 0.004999 -0.017087 -0.003150
1027 4273 9.212463 -2.636536 0.123512 0.991222 -0.008285 0.001130 -0.131938
1921 4510 8.025726 1.460266 0.452904 0.999623 -0.005141 0.003343 0.026748
1829 4411 -7.681152 -0.412354 -0.001083 0.999997 0.001453 -0.000779 -0.001442
1029 4273 7.958984 -3.604858 0.113960 0.983270 -0.007084 0.000954 -0.182009
3362 4600 9.251785 2.315979 -0.014860 0.008242 -0.011019 0.027829 0.999517
1036 4273 2.450043 -6.117004 0.176643 0.924674 -0.002493 -0.001997 -0.380743
942 4218 6.880081 0.015259 0.057472 0.999848 0.002160 -0.017213 -0.001468
1853 4444 7.924500 0.135376 -0.072327 0.999935 -0.002594 0.010982 0.001243
3343 4612 9.174591 2.088013 -0.087451 0.039222 -0.004608 0.021609 0.998985
3358 4603 8.984848 2.400879 -0.066311 0.004408 -0.014490 0.024887 0.999574
3411 4582 -5.204712 3.051331 -0.192749 0.405190 -0.021650 0.020556 0.913744
914 4194 6.846008 -0.140411 0.415314 0.836987 -0.022891 -0.016721 0.546486
1989 4556 -9.750565 1.220093 -0.228973 0.999522 -0.017099 0.005431 -0.025179
3398 4576 9.162613 0.663452 0.033127 0.075487 -0.005473 0.000593 0.997131
1823 4418 8.126984 -0.430725 0.022156 0.999954 -0.003619 0.008567 0.002449
959 4219 -7.419540 0.093628 -0.090477 0.999904 0.002669 -0.010341 -0.008749
2003 4575 4.028839 -5.474915 0.319302 0.948561 -0.021492 0.004173 -0.315835
1823 4406 -8.251740 -0.491455 0.025238 0.999984 0.001394 0.005501 -0.000446
1838 4429 6.456451 -0.223267 0.032524 0.999966 -0.006979 0.003317 0.002592
2013 4571 -7.346863 -0.630035 0.044750 0.806719 -0.019462 0.015285 -0.590416
1974 4548 -8.111771 0.899719 -0.313847 0.999984 -0.004885 0.000266 -0.002668
3402 4574 8.995033 -1.561707 -0.064064 0.162487 0.002101 0.000283 0.986708
1930 4509 -5.825836 1.529114 0.295380 0.999849 -0.002738 -0.000613 -0.017142
1778 4396 9.160278 2.271545 0.010262 0.718414 0.014407 0.015647 0.695289
1032 4263 -5.785355 1.772644 -0.098953 0.965308 -0.010743 -0.001793 -0.260884
3345 4624 -7.950607 3.999878 -0.043829 0.087275 0.004886 0.019507 0.995980
915 4181 4.965179 -8.630493 0.402588 0.626492 -0.030077 -0.006486 0.778816
1907 4484 -8.803009 1.300049 -0.033646 0.999812 -0.000950 0.001650 -0.019269
1847 4425 -9.823212 -0.144592 -0.061447 0.999976 -0.000329 0.006479 0.002300
3334 4618 7.399300 1.358765 -0.062804 0.200842 -0.003005 0.021169 0.979389
1782 4390 6.956726 -6.830261 -0.002968 0.759355 0.004646 0.015569 0.650473
1842 4435 9.723846 -0.140442 -0.058533 0.999910 -0.003018 0.012912 0.001881
3408 4585 -6.847168 4.726257 -0.262320 0.321137 -0.013762 0.024015 0.946628
3327 4619 9.755157 -0.783569 0.165532 0.352751 -0.015294 0.025324 0.935248
1872 4452 -6.824677 0.213257 -0.174309 0.999989 -0.000059 0.003720 0.002750
3393 4581 6.149139 2.038330 -0.141981 0.024085 -0.013176 0.011292 0.999559
1782 4397 8.489807 2.402283 -0.030708 0.764677 0.016600 0.020569 0.643870
1805 4394 -8.774292 -3.013184 0.100700 0.994189 0.003015 0.002455 0.107574
957 4216 -8.812515 0.173401 -0.145851 0.999869 0.000592 -0.011999 -0.010812
1895 4483 5.947876 0.888977 0.039429 0.999686 -0.005136 0.005572 0.023883
922 4182 -2.179749 -8.706360 0.093887 0.757496 -0.029370 -0.004682 0.652159
1869 4459 7.161530 0.236511 -0.020706 0.999946 -0.009930 0.001624 0.002560
2013 4575 -5.804260 -5.450958 0.158222 0.809468 -0.016994 0.021636 -0.586518
3408 4571 7.230927 -6.333496 -0.042612 0.328218 -0.003285 0.001159 0.944595
3395 4577 9.856018 1.639465 0.037271 0.029861 -0.006851 0.002458 0.999527
934 4215 9.942490 0.164062 0.042175 0.999946 0.001275 -0.010172 0.000948
3320 4622 9.886536 0.098816 0.258059 0.477924 -0.030126 0.020966 0.877632
1948 4525 -8.045029 1.680359 0.315498 0.999707 0.001079 0.001953 -0.024097
1779 4395 8.868958 0.655487 -0.001656 0.727661 0.015205 0.015749 0.685586
1998 4561 -8.231544 2.655334 -0.171535 0.983959 -0.001649 0.008655 -0.178177
1933 4521 6.544067 1.616150 0.472221 0.999675 -0.004607 0.005825 0.024370
973 4242 7.450226 0.029419 0.133553 0.999954 -0.005060 -0.006543 0.004738
3401 4576 7.262024 -0.365845 -0.032396 0.136635 -0.001650 0.000016 0.990619
3340 4627 -8.040573 5.632263 0.096425 0.154447 0.006583 0.018888 0.987797
1975 4548 -9.057205 0.881531 -0.289242 0.999981 -0.005205 0.002164 -0.002352
1815 4402 -6.215546 -0.684692 0.077057 0.999883 0.006617 0.007868 0.011303
1956 4532 -8.650909 1.682617 0.175255 0.999893 -0.002665 -0.000500 -0.014362
3415 4571 -0.535400 -7.946106 -0.055742 0.522874 -0.011145 -0.001057 0.852334
1919 4496 -8.819672 1.266296 0.085838 0.999422 -0.000943 0.007126 -0.033225
982 4237 -7.571365 0.045166 -0.171276 0.999949 0.005313 -0.008407 -0.001292
1861 4453 9.617645 0.018555 -0.059814 0.999986 -0.001606 0.004931 0.000778
3353 4618 -6.295319 2.947998 -0.053918 0.039479 -0.007588 0.021787 0.998953
916 4185 3.880310 -6.355042 0.344330 0.715959 -0.030765 -0.003871 0.697450
919 4184 1.019836 -7.445740 0.285690 0.746769 -0.031841 0.001184 0.664316
3322 4629 3.982056 8.245911 -0.135619 0.492566 -0.020051 0.020691 0.869796
1986 4555 -9.054459 0.859680 -0.260963 0.999857 -0.015993 0.004724 -0.002766
911 4197 9.305725 2.997833 0.462959 0.845031 -0.017565 -0.014103 0.534240
1998 4574 7.206764 -3.057495 0.213673 0.984804 -0.022737 0.003255 -0.172146
1044 4272 -5.658936 -4.534271 0.319870 0.807982 -0.006022 -0.010870 -0.589074
2016 4573 -8.887634 -2.115601 0.193275 0.767466 -0.014856 0.028808 -0.640269
3401 4575 8.478483 -0.710999 -0.062531 0.137539 0.000761 0.000688 0.990495
2008 4578 1.270630 -9.358948 0.317753 0.887713 -0.015592 0.014241 -0.459913
1905 4482 -8.796692 1.214783 -0.053802 0.999894 0.000314 0.004708 -0.013714
3325 4626 4.379578 5.348145 -0.026815 0.429992 -0.012762 0.019396 0.902533
3331 4626 0.209930 6.019043 0.031841 0.311209 0.005294 0.017656 0.950161
952 4227 8.585297 -0.106140 0.229477 0.999957 -0.001000 -0.007965 -0.004409
1869 4448 -8.258514 0.195251 -0.220100 0.999966 -0.006929 0.002352 0.003659
1963 4551 7.852509 1.439819 -0.104290 0.999952 -0.006195 0.005074 0.005579
959 4231 7.057541 -0.099304 0.087982 0.999996 0.001076 -0.002132 -0.000991
2012 4570 -7.144470 0.210175 -0.037151 0.821015 -0.018347 0.010358 -0.570517
1038 4264 -7.033325 3.017090 -0.093857 0.900108 -0.006584 -0.005523 -0.435580
1012 4254 -8.395370 0.157227 -0.186871 0.999933 -0.004457 -0.007728 0.007213
3325 4624 6.088654 3.286987 0.008587 0.418267 -0.012104 0.017281 0.908078
935 4194 -8.114716 -1.870667 -0.253387 0.952489 -0.024142 -0.024140 0.302651
3344 4611 9.760406 2.148804 -0.103162 0.031958 -0.005362 0.020309 0.999267
1044 4265 -8.633484 4.398346 -0.012321 0.809660 -0.007163 -0.009687 -0.586773
1791 4398 6.067139 -0.116982 -0.085136 0.896835 0.015570 0.026002 0.441325
935 4212 6.127853 0.179932 0.014687 0.999783 0.000779 -0.020796 -0.000090
1943 4520 -8.319443 1.828918 0.376396 0.999461 -0.000062 0.002969 -0.032705
951 4211 -8.309662 0.291199 -0.135544 0.999610 -0.002631 -0.026140 -0.009367
1915 4492 -8.813782 1.430725 0.013893 0.999326 -0.002204 -0.000652 -0.036636
2008 4565 -8.067200 4.183777 -0.264118 0.883564 -0.004000 0.003478 -0.468281
1800 4392 -7.201782 -5.218384 0.031075 0.980592 0.010071 0.005990 0.195709
1897 4485 6.001190 0.980591 0.090797 0.999646 -0.008322 -0.000656 0.025253
1985 4554 -9.647888 0.788879 -0.296608 0.999888 -0.014442 0.003427 0.001726
967 4224 -9.190582 0.052551 -0.076668 0.999981 0.002139 -0.002618 -0.004884
1976 4550 -7.415085 0.839539 -0.258869 0.999979 -0.003527 0.005272 -0.000694
1992 4571 7.405182 -0.422058 0.149017 0.997881 -0.024926 -0.009120 -0.059406
1801 4393 -6.848145 -4.400421 0.008751 0.984903 0.010928 0.002654 0.172737
2016 4575 -8.427063 -4.609161 0.185776 0.769023 -0.013737 0.034810 -0.638124
1812 4411 8.714935 -0.157288 0.070305 0.999694 -0.008357 0.001098 0.023233
1958 4534 -8.379807 1.701050 0.105946 0.999906 -0.006316 0.003608 -0.011639
911 4192 8.162415 -0.216705 0.418564 0.757700 -0.023059 -0.009348 0.652125
989 4241 -8.923615 0.050415 -0.158611 0.999977 -0.000030 -0.006581 -0.000566
3379 4601 -8.427292 2.227173 -0.018394 -0.018090 -0.005952 0.019389 0.999630
948 4209 -7.465851 0.324890 -0.112396 0.999675 -0.003696 -0.023841 -0.008192
3363 4613 -8.620804 2.626343 -0.055536 0.011636 -0.011151 0.021164 0.999645
1987 4570 9.380569 0.585876 0.070107 0.999575 -0.027000 -0.008907 -0.006437
1896 4474 -7.773132 0.893494 -0.085449 0.999966 -0.005421 0.001559 0.005971
928 4210 9.352753 0.503418 0.094810 0.999638 0.001626 -0.019793 0.018089
3327 4624 4.932220 3.720581 -0.046718 0.381317 -0.007918 0.020308 0.924186
3396 4578 7.927795 1.514526 0.051461 0.041232 -0.011767 0.003334 0.999074
3327 4626 3.062866 5.637756 -0.065638 0.393242 -0.008707 0.022457 0.919118
1882 4462 -6.007019 0.450867 -0.163231 0.999981 -0.002135 0.005129 0.002417
3333 4629 -4.726173 8.216980 0.037631 0.285571 0.002023 0.024404 0.958044
1975 4562 8.921722 0.713379 -0.103458 0.999998 -0.000855 -0.001430 -0.000932
1793 4390 -2.434387 -8.574356 0.142632 0.918586 0.001094 0.017387 0.394835
3380 4589 6.249237 2.382385 0.015753 0.004489 -0.015219 0.019820 0.999677
1792 4402 9.278992 3.558067 -0.199265 0.912321 0.013952 0.024910 0.408478
1908 4487 -6.079956 1.223694 0.027031 0.999854 -0.005178 0.003087 -0.015959
1856 4448 9.376373 -0.041016 -0.118866 0.999943 -0.008578 0.006305 -0.000397
1799 4393 -5.135437 -4.967926 0.040092 0.975323 0.013505 0.007602 0.220234
1880 4471 9.249268 0.582092 -0.045815 0.999792 -0.014407 0.008834 0.011387
1014 4267 7.798355 0.319153 0.156273 0.999932 0.006702 -0.006218 0.007095
971 4241 8.119781 0.024902 0.157562 0.999945 -0.003401 -0.008408 0.005148
2015 4569 -9.233826 2.502533 0.066689 0.778169 -0.016645 0.022555 -0.627429
912 4190 7.272858 -1.839142 0.419151 0.736709 -0.024031 -0.007252 0.675741
1924 4503 -5.988434 1.126892 0.036316 0.999846 -0.002018 0.005180 -0.016643
1040 4266 -6.372589 1.543762 -0.008072 0.872718 -0.005332 -0.010188 -0.488086
1935 4514 -5.734772 1.724792 0.459648 0.999769 -0.005437 0.003692 -0.020463
1789 4391 2.297607 -7.396408 0.043762 0.865027 0.008528 0.022099 0.501165
983 4238 -7.251343 0.039429 -0.169434 0.999935 0.004792 -0.010160 -0.001187
3319 4625 8.268066 3.316162 0.117050 0.506240 -0.024414 0.013322 0.861938
1796 4392 -3.503845 -6.326996 0.083611 0.952655 0.010732 0.014238 0.303529
953 4226 6.444763 -0.083923 0.156265 0.999917 -0.001227 -0.011755 -0.004985
3348 4611 6.794937 2.488403 -0.076295 0.014449 -0.007730 0.023148 0.999597
971 4240 6.860565 0.019958 0.132858 0.999931 -0.002808 -0.010224 0.004923
1966 4543 -6.047943 1.238525 -0.274998 0.999942 -0.007702 0.004646 -0.005967
1800 4394 -4.737732 -4.201172 0.038727 0.980846 0.012175 0.003247 0.194377
3355 4607 6.396332 2.452148 -0.064760 0.004598 -0.014013 0.019229 0.999705
1897 4476 -6.314362 0.892700 -0.110611 0.999969 -0.005127 -0.000250 0.005852
1000 4261 8.494247 0.130859 0.183449 0.999975 0.002073 -0.006715 0.000059
1827 4408 -9.627563 -0.426147 0.056938 0.999924 0.001052 0.012055 -0.002110
910 4188 8.553528 -2.313416 0.418205 0.664798 -0.022820 -0.004858 0.746655
3418 4574 -5.105042 -4.035797 -0.072186 0.587437 -0.015520 0.000772 0.809118
3328 4628 0.512268 7.698181 -0.104424 0.385224 -0.002345 0.025701 0.922460
3333 4627 -2.470566 6.764221 0.032578 0.274335 0.006534 0.022235 0.961354
2005 3413 1.756287 -9.798340 0.432274 -0.098662 0.001446 0.022016 0.994877
995 4257 6.799835 0.100403 0.140114 0.999971 0.001446 -0.007368 -0.000131
1901 4480 -6.122131 1.011963 -0.005287 0.999967 -0.004927 0.006263 -0.001109
3323 4625 6.345520 3.798584 0.035143 0.459029 -0.014727 0.014616 0.888177
