idx1 idx2 t_1 t_2 t_3 q_1 q_2 q_3 q_4
3379 4596 -1.935257 2.380005 -0.004002 -0.012457 -0.016207 0.016708 0.999650
3377 4600 -5.255234 2.304077 -0.042715 -0.012814 -0.009155 0.019760 0.999680
1932 4514 -1.612885 1.576050 0.516609 0.999957 -0.005121 0.006424 -0.004235
957 4222 -2.079651 -0.002258 -0.031494 0.999944 0.002490 -0.007723 -0.006670
1980 4563 5.754761 0.733826 -0.124275 0.999968 -0.006167 -0.003763 0.003331
3345 4615 3.812225 2.586731 -0.072768 0.033666 -0.001593 0.021884 0.999191
932 4207 3.719421 0.318359 0.015175 0.999812 -0.003445 -0.014256 0.012580
1802 4401 2.675110 -0.969971 0.086426 0.990059 0.014886 0.008534 0.139598
966 4234 4.107025 -0.022949 0.091866 0.999842 -0.006178 -0.016578 0.001176
930 4195 -3.766266 -1.662964 -0.143288 0.958132 -0.022416 -0.027510 0.284115
3411 4581 -4.346863 2.076782 -0.154217 0.405179 -0.020235 0.016306 0.913867
3375 4594 4.465164 2.367676 0.000731 -0.000831 -0.018860 0.016332 0.999687
3368 4605 -3.021606 2.440491 -0.024760 0.000435 -0.018225 0.021045 0.999611
1864 4453 5.540283 0.082520 -0.093414 0.999980 -0.000863 0.005910 0.001954
3344 4621 -3.297104 3.422607 -0.072243 0.074743 -0.004947 0.020108 0.996987
1805 4405 5.922119 -0.048401 0.097633 0.995836 -0.002305 0.005315 0.090978
938 4202 -4.996796 0.131836 -0.064293 0.996026 -0.018868 -0.023799 0.083722
1815 4404 -3.464905 -0.601868 0.074120 0.999960 0.000777 0.003940 0.007949
3370 4605 -4.958237 2.420715 0.010876 -0.001802 -0.015144 0.018288 0.999715
1973 4555 1.862259 0.855652 -0.189056 0.999963 -0.008437 -0.000927 -0.001408
1885 4472 3.946472 0.641174 0.067024 0.999908 -0.003957 0.000028 0.012981
940 4213 3.229050 0.119934 -0.023117 0.999737 0.001118 -0.022681 -0.002762
1816 4404 -4.354553 -0.582642 0.053375 0.999982 0.000542 0.001766 0.005639
1808 4405 3.698059 -0.311340 0.090149 0.998115 -0.008609 0.006309 0.060440
3342 4616 4.667419 2.464722 -0.070176 0.062271 -0.001728 0.020201 0.997852
1992 4563 -2.649620 0.775330 -0.219704 0.998055 -0.007230 0.000359 -0.061914
1992 4569 4.895294 -0.124268 -0.015411 0.997863 -0.021952 -0.009480 -0.060813
1836 4426 4.782623 -0.297974 -0.015823 0.999963 0.002637 0.007628 0.002916
1021 4260 -5.029678 0.453857 -0.101715 0.999662 -0.009847 -0.001252 -0.024012
936 4212 5.359207 0.149292 -0.009132 0.999791 0.000860 -0.020180 -0.002877
941 4207 -3.237900 0.283386 -0.136284 0.999759 -0.005390 -0.020829 0.004221
1804 4396 -5.394653 -2.588013 0.098373 0.993025 0.005533 0.000757 0.117769
3407 4581 -2.186401 1.471619 -0.109838 0.294158 -0.021317 0.012699 0.955434
3366 4605 -1.069107 2.449585 -0.009943 0.002368 -0.013896 0.023118 0.999632
1956 4542 4.615005 1.573853 0.014816 0.999890 -0.005876 0.005413 0.012504
3364 4606 -0.443436 2.460449 -0.036227 0.003494 -0.016142 0.022493 0.999609
1966 4546 -2.171082 1.181702 -0.267925 0.999961 -0.008465 0.000082 -0.002515
1985 4564 3.157867 0.720764 -0.159325 0.999922 -0.011936 -0.003443 0.001600
1819 4413 5.260956 -0.464539 0.037331 0.999882 -0.006040 0.013967 0.002144
3351 4613 1.860687 2.610352 -0.058396 0.013341 -0.005847 0.023248 0.999622
3396 4581 4.092484 1.898315 -0.073136 0.039686 -0.020249 0.013690 0.998912
1812 4403 -2.263428 -0.698181 0.089081 0.999606 -0.002621 0.005831 0.027332
3376 4595 2.199051 2.388794 0.001522 -0.004916 -0.018151 0.016866 0.999680
3350 4616 -1.288269 2.750122 -0.070659 0.025142 -0.004890 0.022831 0.999410
915 4190 5.174652 -2.907349 0.347534 0.784621 -0.026206 -0.015741 0.619218
1805 4404 4.570801 -0.307678 0.091148 0.995785 0.000093 0.003780 0.091640
938 4214 5.825714 0.080017 0.004005 0.999887 0.000077 -0.013649 -0.006238
1843 4432 4.502930 -0.152954 -0.010880 0.999977 0.000294 0.006152 0.002796
1001 4253 -2.714691 0.128662 -0.074936 0.999949 -0.002084 -0.008381 0.005081
3396 4582 2.799515 2.019897 -0.100653 0.039709 -0.023131 0.017119 0.998796
3387 4587 2.724609 2.524475 -0.045490 0.008915 -0.011162 0.014858 0.999787
1877 4465 4.830841 0.418762 -0.003464 0.999970 -0.001264 -0.002950 0.006995
1794 4398 4.376465 -1.180496 -0.002831 0.934685 0.013002 0.021323 0.354597
1028 4264 -2.971044 0.540039 -0.079445 0.988060 -0.011417 -0.001197 -0.153634
1034 4271 2.131409 -3.921936 0.109604 0.947662 -0.003866 -0.002028 -0.319242
1002 4259 4.486526 0.128662 0.074150 0.999987 0.001960 -0.004441 0.001378
983 4241 -3.469574 0.024170 -0.083782 0.999959 0.001462 -0.008803 -0.000196
1977 4553 -4.476944 0.798523 -0.254776 0.999989 -0.004580 0.000971 0.000829
1963 4549 5.280701 1.433105 -0.112881 0.999951 -0.007340 0.005065 0.004370
1021 4262 -2.365601 0.340698 -0.070511 0.999639 -0.009950 -0.004778 -0.024448
3337 4624 -1.962267 4.694519 -0.025629 0.181938 0.007395 0.015531 0.983158
919 4197 5.079498 -0.119690 0.332809 0.931662 -0.025734 -0.020207 0.361847
1008 4262 4.560074 0.214294 0.078590 0.999960 -0.001239 -0.008469 0.002354
3354 4612 0.723297 2.577026 -0.036270 0.011345 -0.008396 0.022153 0.999654
3358 4609 1.186508 2.484680 -0.032294 0.005890 -0.012764 0.016027 0.999772
1027 4264 -2.518948 0.398804 -0.067368 0.991623 -0.011933 -0.001077 -0.128602
1886 4472 2.626709 0.652039 0.046455 0.999907 -0.002766 0.002451 0.013111
1994 4569 3.690010 -0.433044 -0.036346 0.995584 -0.020362 -0.007421 -0.091333
1955 4536 -2.107162 1.518311 0.124943 0.999975 -0.005362 0.003582 0.002825
1887 4473 2.698486 0.662903 0.031670 0.999890 -0.003658 0.003384 0.013963
3365 4601 5.102249 2.357910 -0.045700 0.006232 -0.007393 0.027301 0.999579
983 4242 -2.207642 0.015808 -0.061455 0.999968 0.001190 -0.007827 0.000426
1832 4416 -4.180786 -0.376465 -0.013222 0.999995 -0.000083 0.003049 -0.000099
1971 4554 2.606735 0.910522 -0.196178 0.999961 -0.008478 0.002064 -0.001303
983 4247 4.182297 0.038940 0.048656 0.999942 0.001647 -0.009608 0.004376
1860 4448 4.055725 0.043274 -0.123093 0.999962 -0.007179 0.004629 0.001323
993 4255 5.751801 0.109558 0.121464 0.999961 -0.001359 -0.008487 0.001119
1856 4445 5.345856 0.173218 -0.049767 0.999969 -0.004644 0.006096 0.001659
3370 4604 -3.660477 2.417786 0.010707 -0.001353 -0.015644 0.019796 0.999680
1938 4523 2.425446 1.473145 0.408226 0.999948 -0.006076 0.002597 0.007790
1921 4507 3.814514 1.210876 0.267914 0.999895 -0.005275 0.004075 0.012823
3342 4623 -4.421936 4.004822 -0.080857 0.104431 -0.001309 0.020110 0.994327
944 4211 -2.052643 0.197937 -0.049301 0.999692 0.000195 -0.024017 -0.006163
3376 4598 -1.700867 2.354248 -0.000067 -0.009693 -0.016784 0.018292 0.999644
1017 4259 -4.435928 0.231812 -0.069618 0.999994 -0.002231 -0.002113 0.000750
1917 4499 -1.882690 1.019287 0.042686 0.999880 -0.002222 0.002759 -0.015050
952 4217 -3.085953 0.076843 -0.058556 0.999823 -0.001148 -0.016296 -0.009206
1854 4441 2.599915 0.138062 -0.031479 0.999943 -0.005256 0.008483 0.003587
3337 4620 3.020261 2.927856 -0.068680 0.157611 -0.000036 0.018174 0.987333
1980 4554 -5.784866 0.756592 -0.282242 0.999941 -0.010034 0.001540 0.003707
1004 4261 5.812531 0.171692 0.092648 0.999990 -0.000340 -0.003979 0.001276
3408 4575 3.255280 -3.199890 0.044588 0.323538 -0.009963 0.001629 0.946160
953 4224 4.038498 -0.062744 0.099777 0.999941 -0.001032 -0.009292 -0.005456
932 4199 -2.627716 -0.441956 -0.005524 0.985298 -0.019027 -0.022456 0.168284
3417 4576 -5.053406 -1.870605 -0.085312 0.564696 -0.021349 0.001254 0.825019
1831 4420 2.354370 -0.366760 0.014839 0.999966 -0.003125 0.007492 0.001253
1999 4570 1.779083 -1.536377 0.034760 0.978969 -0.022070 -0.002510 -0.202796
1993 4562 -4.478676 1.012695 -0.233429 0.997076 -0.004053 0.002838 -0.076254
1847 4435 3.560791 -0.049988 -0.023529 0.999930 -0.006568 0.009517 0.002435
1932 4513 -2.984070 1.585754 0.506119 0.999926 -0.003359 0.007802 -0.008641
1837 4426 3.612671 -0.284058 -0.003891 0.999978 0.001791 0.005725 0.002623
918 4192 3.524750 -2.455383 0.287415 0.857155 -0.032202 -0.013924 0.513859
1862 4443 -5.374542 0.265442 -0.085182 0.999976 -0.000399 0.003534 0.005852
3329 4624 3.708252 4.130676 -0.053837 0.341366 0.000282 0.017252 0.939771
1864 4447 -2.725067 0.151978 -0.133698 0.999974 -0.003471 0.005022 0.003769
3359 4608 1.598328 2.474182 -0.048636 0.004433 -0.013028 0.017150 0.999757
1832 4421 2.588379 -0.353882 0.013390 0.999970 -0.002764 0.007026 0.001379
1802 4403 5.297729 -0.202332 0.092728 0.990054 0.010116 0.003273 0.140282
1948 4533 2.698853 1.411621 0.228802 0.999935 -0.005084 0.004805 0.008973
3406 4575 4.873413 -2.611084 0.056540 0.270437 -0.010128 -0.005078 0.962670
1794 4393 -0.619446 -5.702286 0.074295 0.931698 0.010624 0.017115 0.362673
3381 4597 -5.061768 2.335388 0.064899 -0.016620 -0.010010 0.015845 0.999685
927 4201 2.413452 0.059387 0.182663 0.990591 -0.017585 -0.016423 0.134715
1870 4458 4.372192 0.241516 -0.047424 0.999963 -0.007984 0.001686 0.002563
1804 4402 2.587585 -0.793823 0.086624 0.994115 0.008694 0.007737 0.107701
920 4199 5.618561 0.524353 0.368690 0.957195 -0.025447 -0.017102 0.287812
3384 4587 5.292908 2.341980 -0.080133 0.014428 -0.013025 0.016108 0.999680
1042 4271 -4.399933 -3.756805 0.254219 0.841182 -0.005942 -0.009683 -0.540630
3379 4594 0.655350 2.428772 -0.018087 -0.009589 -0.018663 0.017422 0.999627
965 4226 -4.896927 0.032654 -0.160568 0.999843 -0.001854 -0.016832 -0.004988
1032 4271 3.557022 -3.569946 0.079872 0.965333 -0.004391 -0.001721 -0.260975
922 4193 0.937683 -2.403259 0.130890 0.911066 -0.024604 -0.016237 0.411201
1827 4417 2.635834 -0.416992 0.011139 0.999960 -0.004050 0.007902 0.000684
1932 4511 -5.756012 1.610046 0.423462 0.999825 -0.000902 0.005988 -0.017674
1791 4396 4.409790 -2.276199 -0.046814 0.894736 0.014244 0.018475 0.445985
1819 4406 -4.347656 -0.519592 0.112190 0.999944 -0.001947 0.010306 0.000987
3417 4574 -4.144592 -4.233337 -0.069675 0.566668 -0.015907 0.000415 0.823789
1997 4569 1.891518 -0.823242 -0.058254 0.988148 -0.019712 -0.001288 -0.152230
965 4233 3.788681 -0.028809 0.093300 0.999659 -0.006817 -0.025184 0.000576
1927 4509 -1.667877 1.372498 0.326729 0.999978 -0.006107 0.001438 -0.002204
2000 4566 -3.427811 0.669617 -0.222172 0.972554 -0.010790 0.002442 -0.232415
3336 4624 -1.220621 4.749451 -0.027765 0.199537 0.007522 0.015895 0.979731
1812 4402 -3.628601 -0.779053 0.093933 0.999612 0.000533 0.008388 0.026545
1826 4417 3.686707 -0.425415 0.024178 0.999976 -0.004077 0.005475 0.000964
1947 4534 5.330780 1.439026 0.212475 0.999833 -0.007546 0.007004 0.015107
3391 4590 -4.133316 2.655884 -0.020372 0.010532 -0.006147 0.022335 0.999675
1990 4561 -3.961182 0.877930 -0.232857 0.999311 -0.008855 0.003601 -0.035856
3382 4590 3.128738 2.425171 -0.029356 -0.000019 -0.013585 0.018753 0.999731
1808 4400 -3.098999 -1.217041 0.127045 0.997783 0.001473 0.012615 0.065320
3398 4586 -3.566673 2.707703 -0.113496 0.074684 -0.013450 0.021987 0.996873
3341 4623 -3.679688 4.085144 -0.070402 0.115805 -0.000517 0.019289 0.993083
3352 4612 2.377182 2.570129 -0.058524 0.012417 -0.005632 0.023254 0.999635
1037 4265 -5.713989 1.715088 -0.060837 0.913856 -0.004421 -0.005534 -0.405974
3415 4577 -4.002197 -1.194946 -0.054976 0.517168 -0.020067 0.001611 0.855644
3336 4622 1.222662 3.752197 -0.062821 0.187105 -0.001929 0.019338 0.982146
935 4210 4.213623 0.218750 -0.017059 0.999751 -0.000575 -0.022264 0.000289
934 4211 5.922333 0.222534 0.011032 0.999761 0.000608 -0.021704 0.002348
1013 4257 -5.018204 0.193054 -0.106544 0.999961 -0.002904 -0.006509 0.004979
1027 4268 2.690742 -0.943176 0.031593 0.992037 -0.006666 -0.002762 -0.125736
1950 4536 4.120331 1.453491 0.171146 0.999866 -0.004887 0.004568 0.014888
1983 4557 -4.313812 0.749451 -0.247635 0.999885 -0.014534 0.001123 0.004202
3369 4603 -1.394806 2.414978 -0.017490 0.000639 -0.016319 0.022624 0.999609
939 4213 4.019516 0.109497 -0.015694 0.999765 0.000851 -0.021349 -0.003459
928 4193 -3.444748 -2.382507 -0.119904 0.937159 -0.022381 -0.020524 0.347575
3367 4605 -2.047791 2.447083 -0.013988 0.001445 -0.016181 0.022385 0.999616
1006 4260 3.168427 0.170654 0.056713 0.999984 0.000101 -0.005084 0.002100
1950 4534 1.465347 1.426758 0.194813 0.999948 -0.004758 0.004519 0.007785
1940 4527 5.135406 1.510315 0.340851 0.999782 -0.012844 0.004804 0.015756
988 4243 -5.501862 0.042908 -0.104755 0.999992 -0.000747 -0.003670 0.000900
3416 4577 -4.803833 -0.997192 -0.084188 0.541518 -0.020660 0.001173 0.840431
980 4237 -5.659927 0.034424 -0.096485 0.999973 0.004590 -0.005590 -0.000796
3353 4615 -2.359787 2.710693 -0.037122 0.022204 -0.003990 0.022557 0.999490
948 4211 -5.575836 0.248169 -0.071266 0.999641 -0.001330 -0.025176 -0.008981
939 4204 -4.202484 0.250366 -0.126472 0.998559 -0.012799 -0.025623 0.045359
1025 4262 -4.239243 0.729980 -0.088364 0.996208 -0.013949 -0.002012 -0.085844
921 4188 -0.095734 -5.068420 0.113098 0.834945 -0.028436 -0.011112 0.549483
1789 4394 4.298157 -3.943711 -0.034073 0.865869 0.014895 0.021138 0.499600
969 4231 -2.465286 -0.020630 -0.026737 0.999974 0.006610 0.001891 0.001340
947 4211 -4.685074 0.236938 -0.063072 0.999625 -0.001082 -0.025848 -0.008936
1946 4527 -2.759583 1.494385 0.294201 0.999930 -0.005029 0.001064 -0.010685
1948 4529 -2.648987 1.472473 0.290150 0.999952 -0.002414 0.006243 -0.007160
1029 4270 4.177608 -2.171387 0.063301 0.984028 -0.006722 -0.001685 -0.177876
1909 4490 -3.344452 1.150024 0.044342 0.999896 -0.007748 0.005174 -0.010983
1841 4424 -3.803864 -0.223816 0.009407 0.999948 -0.000936 0.009989 0.001433
1809 4400 -3.895813 -1.158569 0.140938 0.998345 0.000936 0.013793 0.055820
3342 4621 -1.829834 3.486328 -0.079049 0.092147 -0.004942 0.020989 0.995511
1962 4548 5.232407 1.552124 -0.061852 0.999945 -0.008620 0.002210 0.005597
1852 4439 2.517212 0.079346 -0.035568 0.999952 -0.003984 0.007822 0.004353
1821 4409 -2.133209 -0.504456 0.068024 0.999899 0.001581 0.014108 0.000464
1968 4545 -5.741257 1.108521 -0.324547 0.999959 -0.007555 -0.000052 -0.005010
1826 4418 5.044891 -0.415771 0.027832 0.999951 -0.005782 0.007928 0.001052
1951 4531 -3.817001 1.489075 0.220951 0.999981 -0.001307 -0.001055 -0.005981
1992 4567 2.388237 0.157104 -0.145447 0.997976 -0.016170 -0.003641 -0.061386
1850 4437 2.411407 0.015442 -0.025574 0.999978 -0.003016 0.003674 0.004504
928 4191 -4.432709 -3.276123 -0.172577 0.914949 -0.026878 -0.019311 0.402206
1816 4409 2.523712 -0.501099 0.077576 0.999963 -0.000920 0.006904 0.004935
928 4194 -2.894272 -2.023804 -0.088936 0.947036 -0.021239 -0.022752 0.319613
1014 4263 2.420059 0.261414 0.030319 0.999966 -0.000514 -0.007430 0.003258
1904 4490 3.447418 1.087524 0.078239 0.999793 -0.009367 0.005001 0.017320
1017 4266 4.938354 0.277771 0.084465 0.999973 0.004828 -0.004414 0.003027
1957 4538 -1.873352 1.557312 0.090340 0.999961 -0.006640 0.004569 0.003650
1793 4393 0.337769 -5.709213 0.056946 0.919704 0.011450 0.018796 0.391994
1981 4557 -2.743652 0.754028 -0.226326 0.999923 -0.011680 0.002107 0.003527
3361 4611 -4.139755 2.543945 -0.013462 0.010138 -0.010262 0.019214 0.999710
3343 4621 -2.562027 3.454102 -0.077796 0.082640 -0.005076 0.020764 0.996349
1887 4475 5.488708 0.655273 0.023827 0.999855 -0.002876 0.004853 0.016051
918 4189 2.680603 -4.212708 0.282440 0.810404 -0.031402 -0.009949 0.584942
940 4215 5.284988 0.074036 0.011681 0.999866 0.001607 -0.015915 -0.003184
1792 4398 5.654907 -0.522537 -0.058350 0.910277 0.014812 0.024689 0.412995
3349 4617 -1.821304 2.823059 -0.087448 0.031929 -0.007032 0.022757 0.999205
1817 4406 -2.510345 -0.535645 0.062805 0.999984 -0.002917 0.003626 0.003046
926 4202 3.848389 0.280823 0.185417 0.992491 -0.018140 -0.014959 0.120031
1007 4261 3.856094 0.192993 0.069984 0.999982 -0.000976 -0.005382 0.002176
3378 4599 -4.905548 2.316589 -0.049757 -0.015218 -0.013869 0.020282 0.999581
3358 4612 -2.729797 2.575562 -0.002638 0.009403 -0.007841 0.019221 0.999739
937 4201 -4.983932 0.061890 -0.006462 0.994063 -0.020064 -0.019370 0.105167
1981 4562 3.668396 0.733643 -0.172089 0.999979 -0.004901 0.000756 0.004186
1030 4263 -5.042885 1.284790 -0.111992 0.978773 -0.012245 -0.002634 -0.204562
1949 4530 -2.593826 1.460938 0.270630 0.999974 -0.001059 0.004574 -0.005348
1825 4410 -4.806763 -0.465088 -0.012749 0.999998 0.001861 0.000229 -0.000477
3360 4608 0.694717 2.476257 -0.047113 0.004492 -0.013163 0.017459 0.999750
1036 4270 -0.431366 -3.279968 0.106049 0.926252 -0.002700 -0.004671 -0.376862
1030 4271 4.854458 -2.941589 0.078377 0.978814 -0.005908 -0.002195 -0.204653
1885 4465 -5.833282 0.499695 -0.114830 0.999948 0.006575 -0.004133 0.006577
3357 4611 -0.557343 2.539734 -0.015546 0.010500 -0.009452 0.018384 0.999730
1888 4476 5.566650 0.682068 0.019150 0.999845 -0.002624 0.004301 0.016820
3389 4592 -5.310898 2.686646 0.005333 -0.003379 -0.009314 0.021285 0.999724
1823 4414 2.719482 -0.461792 0.037788 0.999925 -0.001498 0.012070 0.001162
3385 4592 -2.122498 2.410950 -0.027515 -0.016288 -0.011098 0.018199 0.999639
995 4254 2.866714 0.114136 0.044357 0.999963 -0.001164 -0.008166 0.002075
1839 4428 3.945007 -0.221558 0.004692 0.999977 -0.005610 0.002612 0.002754
1014 4258 -4.241791 0.192749 -0.077629 0.999979 -0.001859 -0.004060 0.004430
1010 4261 1.999680 0.208923 0.031696 0.999978 -0.000672 -0.005744 0.003146
998 4251 -3.264343 0.102478 -0.100986 0.999950 0.000374 -0.008361 0.005236
2004 4567 -4.614349 0.765137 -0.176624 0.935678 -0.011302 0.000644 -0.352673
1846 4428 -4.545288 -0.134521 -0.032730 0.999986 -0.002018 0.003847 0.002983
1041 4270 -4.250671 -2.788025 0.193909 0.856988 -0.005431 -0.009043 -0.515226
1012 4263 3.512970 0.248291 0.068497 0.999947 0.000793 -0.009595 0.003313
3361 4604 4.973877 2.424316 -0.026960 0.003641 -0.017429 0.023853 0.999556
1035 4272 2.341827 -5.036133 0.151268 0.936748 -0.003906 -0.003304 -0.349965
1960 4540 -2.792770 1.634033 -0.010452 0.999948 -0.010007 -0.001957 0.000554
2002 4565 -5.590240 1.768555 -0.248127 0.956470 -0.005159 0.001016 -0.291784
1792 4393 1.270508 -5.639130 0.032242 0.906806 0.012727 0.020312 0.420865
1996 4570 3.724458 -1.058960 0.022419 0.991382 -0.021092 -0.002966 -0.129261
1862 4451 5.468628 0.040100 -0.089958 0.999989 -0.002105 0.003712 0.001474
922 4192 0.509979 -2.948303 0.114105 0.898590 -0.027348 -0.015628 0.437654
1943 4523 -4.255341 1.566162 0.359962 0.999853 0.000371 0.001279 -0.017116
3380 4595 -1.554626 2.407837 -0.001907 -0.012467 -0.012963 0.016442 0.999702
1888 4469 -4.156006 0.648376 0.030136 0.999930 -0.001424 0.006316 0.009886
970 4232 -2.227814 -0.020386 -0.085430 0.999891 0.005169 -0.013627 0.001674
1930 4512 -1.621490 1.513977 0.476028 0.999975 -0.003865 0.004840 -0.003192
1853 4436 -2.769745 0.055176 -0.053619 0.999962 -0.004906 0.004865 0.005291
1985 4566 5.697952 0.733154 -0.150383 0.999856 -0.016424 -0.003782 0.001840
1889 4470 -4.090118 0.680847 0.004364 0.999935 -0.003884 0.002758 0.010332
3411 4575 0.703186 -3.675232 0.023170 0.409023 -0.010498 0.000538 0.912463
946 4220 5.688538 -0.077148 0.100723 0.999885 0.003491 -0.013196 -0.006547
945 4218 4.322418 -0.027588 0.033165 0.999889 0.002604 -0.012327 -0.007903
1006 4262 5.834457 0.196106 0.107395 0.999961 0.000091 -0.008608 0.001629
1806 4403 2.473877 -0.621948 0.099297 0.996394 -0.000602 0.005601 0.084660
1795 4396 1.684021 -3.158203 0.052170 0.944005 0.010709 0.012026 0.329537
976 4236 -3.007111 0.018982 -0.032246 0.999988 0.002317 -0.004141 0.000791
3397 4582 2.174843 1.937805 -0.089724 0.053816 -0.022467 0.016859 0.998155
3343 4620 -1.255508 3.238770 -0.077813 0.076709 -0.003333 0.020394 0.996838
989 4246 -2.551056 0.060181 -0.078293 0.999974 -0.000630 -0.006183 0.003351
1958 4538 -3.072632 1.585205 0.073032 0.999967 -0.007299 0.003325 0.001361
3376 4596 0.903412 2.376282 0.009611 -0.006272 -0.017186 0.016162 0.999701
3363 4610 -4.703323 2.523560 -0.044008 0.008477 -0.014892 0.019705 0.999658
1926 4513 5.304382 1.562988 0.511566 0.999704 -0.008534 0.008483 0.021143
993 4254 4.444183 0.110779 0.086147 0.999955 -0.001726 -0.008998 0.001955
3330 4622 5.188385 2.775513 -0.051630 0.308398 -0.004929 0.019822 0.951037
927 4202 3.166550 0.195862 0.167900 0.993451 -0.016017 -0.017346 0.111786
3410 4580 -2.887024 0.980042 -0.117861 0.377523 -0.019236 0.013008 0.925708
966 4233 2.847656 -0.023499 0.044731 0.999765 -0.004375 -0.021189 0.000725
1013 4258 -3.704269 0.187866 -0.081451 0.999971 -0.001608 -0.005812 0.004461
1935 4520 2.436127 1.510193 0.465416 0.999938 -0.006103 0.004258 0.008280
968 4235 3.490616 -0.014587 0.013000 0.999989 -0.003062 0.001875 0.002796
1917 4502 2.282776 0.946045 0.073212 0.999994 -0.003081 0.001482 -0.000139
1887 4467 -5.657410 0.583740 -0.000229 0.999922 0.006070 0.006074 0.008982
1961 4539 -5.264404 1.686951 -0.015106 0.999937 -0.010731 -0.000392 -0.003173
3379 4592 3.244186 2.443481 0.000381 -0.004844 -0.022697 0.020613 0.999517
1028 4262 -5.537845 1.350586 -0.131317 0.987931 -0.014572 -0.002546 -0.154183
3341 4619 1.488266 2.986389 -0.072219 0.091657 -0.003332 0.019895 0.995585
3338 4622 -0.203316 3.840515 -0.053792 0.153147 -0.002465 0.017356 0.988047
1022 4260 -5.501114 0.576050 -0.099663 0.999304 -0.010828 -0.000272 -0.035683
3375 4601 -4.619614 2.324768 -0.006033 -0.009348 -0.006144 0.018190 0.999771
3361 4609 -1.527069 2.489258 -0.028213 0.005966 -0.014348 0.016683 0.999739
1822 4414 3.721893 -0.461975 0.028961 0.999887 -0.002626 0.014732 0.001419
985 4241 -5.313599 0.031921 -0.095615 0.999977 0.000887 -0.006580 -0.000237
1025 4269 5.056335 -0.813660 0.060715 0.996511 -0.005799 -0.000773 -0.083246
2003 4566 -5.032867 1.407288 -0.236904 0.946592 -0.008445 0.001964 -0.322317
1804 4403 3.921692 -0.492981 0.086334 0.994071 0.005757 0.004926 0.108461
3339 4621 0.355724 3.473511 -0.051941 0.131904 -0.001970 0.017073 0.991112
1938 4518 -4.360321 1.645325 0.440834 0.999802 -0.007495 0.003386 -0.018077
1909 4491 -1.977692 1.114014 0.051636 0.999939 -0.007542 0.003697 -0.007173
1917 4498 -3.275208 1.035278 0.050232 0.999800 -0.002122 0.002975 -0.019646
3355 4611 1.173843 2.540100 -0.029933 0.010909 -0.010462 0.020006 0.999684
1899 4486 4.703278 1.012329 0.063515 0.999685 -0.010304 0.002536 0.022695
3376 4593 4.790085 2.389771 0.016706 -0.001193 -0.021277 0.018889 0.999594
1019 4260 -4.072128 0.308289 -0.084671 0.999950 -0.005918 -0.002039 -0.007760
959 4229 4.554123 -0.083984 0.073349 0.999989 0.003242 0.000746 -0.003155
928 4203 3.249054 0.248169 0.136513 0.996105 -0.013468 -0.020907 0.084584
917 4194 4.951599 -1.111511 0.348183 0.874900 -0.027272 -0.018287 0.483187
3350 4613 2.643051 2.609863 -0.062581 0.013302 -0.007041 0.024174 0.999593
3375 4595 3.169769 2.369934 0.003019 -0.002346 -0.017377 0.016305 0.999712
3381 4592 1.417328 2.457153 -0.023979 -0.007336 -0.016118 0.018952 0.999663
944 4217 4.092178 0.012512 0.022804 0.999883 0.002014 -0.013936 -0.005822
1808 4404 2.333435 -0.487610 0.087425 0.998100 -0.006259 0.004705 0.061112
3372 4602 -3.004868 2.376404 0.007338 -0.002776 -0.009244 0.018312 0.999785
933 4209 4.783066 0.268127 -0.011436 0.999793 -0.000939 -0.019643 0.005077
3340 4623 -2.931374 4.132141 -0.047322 0.129069 0.000963 0.016990 0.991489
3401 4580 2.368429 1.067261 -0.061943 0.133508 -0.010681 0.010141 0.990938
960 4224 -2.537613 0.015015 -0.029457 0.999960 0.000399 -0.005400 -0.007050
1870 4451 -5.508209 0.187927 -0.174255 0.999988 -0.003560 0.001921 0.002769
1827 4411 -5.528351 -0.433350 0.039803 0.999997 -0.000211 0.001854 -0.001069
1896 4483 4.621460 0.887573 0.049255 0.999738 -0.005128 0.003681 0.021985
1797 4401 5.911133 0.193237 -0.026596 0.964980 0.017381 0.019053 0.261050
3395 4588 -4.352875 2.623230 -0.130367 0.026537 -0.013433 0.025518 0.999231
3377 4596 -0.061432 2.381775 0.004707 -0.008619 -0.018632 0.016442 0.999653
3331 4625 1.290695 5.226990 -0.004942 0.305023 0.006474 0.015010 0.952203
3372 4599 0.890427 2.358032 -0.005684 -0.000649 -0.011700 0.019806 0.999734
943 4207 -4.899170 0.306763 -0.112640 0.999800 -0.005690 -0.019003 0.002227
1966 4549 1.679626 1.151062 -0.216084 0.999967 -0.007848 0.002245 -0.000273
3373 4602 -3.973846 2.373169 0.006977 -0.003634 -0.008995 0.017511 0.999799
3360 4609 -0.610535 2.488831 -0.027884 0.005801 -0.013163 0.016786 0.999755
1841 4431 5.594116 -0.172607 -0.030640 0.999938 -0.004756 0.009724 0.002251
1792 4396 3.865540 -2.573578 -0.020508 0.908313 0.013246 0.017215 0.417725
1975 4557 2.510513 0.799805 -0.185402 0.999969 -0.007626 -0.000041 -0.001601
1903 4490 4.802734 1.122620 0.078987 0.999684 -0.010589 0.005711 0.022045
972 4238 3.371918 0.002747 0.060600 0.999940 -0.000951 -0.010203 0.003607
1891 4473 -2.561279 0.739868 -0.009590 0.999910 -0.005816 0.002552 0.011779
1848 4430 -4.372864 -0.075989 -0.051193 0.999965 -0.006575 0.003827 0.003230
3339 4620 1.634495 3.129944 -0.058746 0.125998 -0.000271 0.016606 0.991890
3335 4623 0.717396 4.174744 -0.061110 0.211461 0.001372 0.019020 0.977199
957 4226 2.707718 -0.051453 0.047638 0.999939 0.000582 -0.009374 -0.005705
925 4194 -0.723999 -2.052002 0.061836 0.938747 -0.024545 -0.014673 0.343416
1923 4508 2.452881 1.271912 0.332718 0.999930 -0.004616 0.000254 0.010857
942 4208 -3.166901 0.252197 -0.143723 0.999725 -0.003869 -0.023102 0.000058
977 4236 -3.980011 0.024841 -0.042744 0.999988 0.003078 -0.003595 0.000089
1005 4260 3.818985 0.164551 0.063820 0.999988 0.000319 -0.004427 0.001868
1961 4542 -1.306152 1.629456 -0.043243 0.999955 -0.009259 0.001566 0.001161
3370 4597 5.440216 2.304077 0.024420 0.005347 -0.018007 0.020601 0.999610
1913 4495 -1.955170 1.070557 0.070503 0.999849 -0.006980 0.003574 -0.015496
3337 4622 0.515170 3.785400 -0.061952 0.169470 -0.002123 0.018802 0.985352
3396 4580 5.378998 1.774902 -0.038766 0.039886 -0.017681 0.011003 0.998986
1890 4472 -2.639893 0.726196 -0.002571 0.999917 -0.005177 0.001255 0.011725
1964 4548 2.765366 1.313843 -0.170944 0.999961 -0.007553 0.004086 0.001847
927 4190 -4.142395 -3.775208 -0.134850 0.901594 -0.023554 -0.016018 0.431642
1947 4526 -5.401428 1.573975 0.296589 0.999844 -0.002691 0.001773 -0.017325
1893 4473 -5.200867 0.792603 -0.027618 0.999927 -0.006344 0.002462 0.009940
3390 4584 4.404282 2.289490 -0.150080 0.019703 -0.010542 0.016018 0.999621
1959 4539 -2.938583 1.612427 0.019756 0.999952 -0.009728 0.000302 0.001107
3392 4585 1.685074 2.353699 -0.141554 0.024410 -0.006958 0.019353 0.999490
918 4187 2.299133 -5.425537 0.305664 0.779008 -0.035436 -0.005031 0.625989
924 4188 -2.569473 -4.964844 0.070930 0.861732 -0.029785 -0.005925 0.506450
1014 4257 -5.555786 0.197876 -0.098137 0.999970 -0.003154 -0.004757 0.004950
974 4240 3.960968 0.020874 0.066132 0.999958 -0.002831 -0.007946 0.003382
3381 4595 -2.466385 2.403564 0.012169 -0.013581 -0.010600 0.015719 0.999727
3338 4624 -2.709518 4.666931 -0.016412 0.165636 0.007124 0.014243 0.986057
1799 4396 -1.506714 -3.245544 0.056671 0.976103 0.013392 0.004454 0.216849
1933 4513 -4.364502 1.637939 0.486122 0.999878 -0.002990 0.006563 -0.013832
1832 4423 5.282562 -0.352295 0.022346 0.999995 0.000167 0.002325 0.002166
1828 4412 -5.219971 -0.414673 0.054108 0.999980 -0.002575 0.005510 -0.001354
1812 4409 5.989380 -0.288757 0.074440 0.999679 -0.006801 0.009459 0.022487
3374 4598 0.238480 2.351501 0.012558 -0.003912 -0.016891 0.016637 0.999710
1847 4429 -4.452942 -0.096619 -0.037468 0.999963 -0.006763 0.004397 0.002748
951 4216 -3.235504 0.102722 -0.050110 0.999842 -0.001505 -0.014650 -0.009845
3334 4621 3.800789 2.980591 -0.069558 0.218113 -0.002160 0.021639 0.975680
1807 4400 -2.332123 -1.266418 0.127510 0.997129 0.002760 0.011964 0.074722
3349 4613 3.421326 2.599976 -0.066129 0.014282 -0.007146 0.024582 0.999569
1960 4544 2.460266 1.593750 -0.050049 0.999952 -0.007398 0.002472 0.005867
3336 4621 2.457209 3.274536 -0.063601 0.181141 -0.001534 0.019223 0.983267
3337 4619 4.272589 2.522644 -0.071180 0.151697 -0.000952 0.018324 0.988255
1932 4519 5.204041 1.581970 0.483917 0.999776 -0.006136 0.006019 0.019306
1859 4448 5.395477 0.022949 -0.117172 0.999956 -0.008021 0.004755 0.000561
3356 4611 0.318649 2.541016 -0.022648 0.011408 -0.009796 0.018903 0.999707
1836 4419 -4.667084 -0.304260 0.039154 0.999925 -0.005106 0.011123 0.000080
966 4226 -5.839722 0.035767 -0.139381 0.999905 0.000565 -0.012822 -0.004837
3396 4584 0.223434 2.256775 -0.147059 0.040623 -0.018116 0.020962 0.998790
933 4206 2.104416 0.299011 0.004402 0.999600 -0.007288 -0.016139 0.022041
941 4208 -2.346390 0.247620 -0.146568 0.999710 -0.003292 -0.023822 0.000707
3399 4584 -1.547405 2.324768 -0.124476 0.091143 -0.013292 0.020665 0.995534
1029 4263 -4.662640 1.072937 -0.115479 0.983724 -0.013030 -0.003254 -0.179181
1893 4475 -2.410828 0.762634 -0.029922 0.999904 -0.005558 0.003933 0.012025
955 4225 3.373138 -0.055115 0.080116 0.999904 -0.000813 -0.012442 -0.005976
984 4242 -3.130875 0.020569 -0.073196 0.999975 0.000944 -0.006862 0.000383
1876 4457 -5.109528 0.318176 -0.153168 0.999996 -0.000868 0.000935 0.002071
1948 4527 -5.341721 1.558777 0.303082 0.999866 -0.002904 0.003666 -0.015707
3337 4623 -0.724851 4.237366 -0.053933 0.175645 0.001863 0.017577 0.984294
3374 4600 -2.351624 2.350342 -0.011642 -0.004709 -0.007803 0.017744 0.999800
1811 4401 -4.148071 -0.918884 0.123055 0.999313 0.000519 0.011369 0.035260
1013 4264 4.299896 0.268860 0.088806 0.999969 0.001491 -0.006640 0.003819
1860 4442 -4.006073 0.237976 -0.067421 0.999972 -0.003215 0.003977 0.005441
3402 4584 -3.123981 2.584534 -0.101566 0.157764 -0.011218 0.018975 0.987230
1815 4409 3.412964 -0.488525 0.068451 0.999932 -0.000698 0.009075 0.007249
1939 4526 5.132324 1.514160 0.349426 0.999777 -0.012139 0.004564 0.016670
1999 4564 -5.203873 1.464539 -0.187256 0.978872 -0.006580 0.003392 -0.204342
3376 4597 -0.397614 2.365112 0.014353 -0.007953 -0.017557 0.017011 0.999669
1849 4432 -2.968384 -0.058716 -0.051277 0.999983 -0.002832 0.002265 0.004437
1925 4512 5.312134 1.518372 0.486000 0.999704 -0.006217 0.009814 0.021361
3408 4582 -3.783081 2.332764 -0.174383 0.319559 -0.022897 0.020536 0.947067
998 4257 4.580643 0.117432 0.100594 0.999964 0.002123 -0.008060 0.000795
1818 4405 -4.796356 -0.539246 0.075066 0.999980 -0.001194 0.005810 0.002266
1921 4501 -4.645844 1.063538 0.043274 0.999841 -0.003316 0.006745 -0.016140
3360 4605 4.592773 2.441406 -0.043795 0.003019 -0.015751 0.022441 0.999619
971 4231 -4.412582 -0.006104 -0.138794 0.999942 0.006959 -0.007993 0.000938
916 4191 4.698975 -2.619751 0.331139 0.814995 -0.030404 -0.017647 0.578398
1801 4398 -0.495850 -2.152069 0.085297 0.986293 0.014190 0.006290 0.164270
1002 4252 -4.689774 0.118958 -0.105968 0.999957 -0.002044 -0.006444 0.006191
1024 4263 -2.439178 0.399841 -0.059647 0.997706 -0.011881 -0.002717 -0.066580
1868 4450 -4.148743 0.155945 -0.174164 0.999976 -0.006019 0.001122 0.002959
1971 4550 -2.527634 0.946777 -0.235573 0.999971 -0.005902 0.004358 -0.001789
3330 4623 4.126450 3.559204 -0.058171 0.314360 -0.001164 0.018006 0.949131
3369 4602 -0.087479 2.396118 -0.015861 0.001477 -0.011993 0.023142 0.999658
1837 4421 -3.133423 -0.283875 -0.000923 0.999939 -0.004665 0.009943 0.000673
3356 4614 -3.605652 2.653320 -0.021242 0.015246 -0.008439 0.018825 0.999670
1803 4398 -1.983276 -2.064392 0.099136 0.991760 0.011600 0.006585 0.127407
3408 4581 -2.761414 1.531616 -0.135416 0.319544 -0.021098 0.016434 0.947193
988 4249 2.197937 0.070496 0.004387 0.999963 -0.000317 -0.007152 0.004667
2007 4574 -0.735352 -5.274170 0.225441 0.899622 -0.018648 0.004426 -0.436249
1848 4429 -5.714386 -0.091064 -0.063110 0.999977 -0.005239 0.002616 0.003381
1790 4395 4.311157 -3.090576 -0.044830 0.880507 0.015593 0.019061 0.473392
990 4244 -5.984253 0.052490 -0.136417 0.999986 -0.000757 -0.004801 0.001719
1958 4544 4.821579 1.588013 -0.045612 0.999907 -0.005945 0.006451 0.010400
1964 4543 -3.678772 1.355042 -0.174206 0.999941 -0.006922 0.007684 -0.003157
980 4244 3.188171 0.022522 0.024288 0.999989 -0.000373 -0.003541 0.002725
926 4194 -1.450424 -2.051514 0.010216 0.942331 -0.022221 -0.017151 0.333499
3390 4585 3.104279 2.355408 -0.136049 0.020398 -0.007818 0.018158 0.999596
1847 4434 2.228394 -0.060303 -0.022026 0.999938 -0.006390 0.008672 0.002835
942 4216 4.715698 0.052673 0.016823 0.999874 0.001063 -0.015517 -0.003107
937 4200 -5.704971 -0.159119 -0.022644 0.991084 -0.020835 -0.019441 0.130148
3393 4584 2.270157 2.276489 -0.158720 0.024966 -0.011155 0.018603 0.999452
1883 4465 -3.169128 0.500427 -0.132065 0.999959 0.000786 -0.007025 0.005625
1897 4483 3.295258 0.889954 0.050873 0.999788 -0.005485 0.001748 0.019764
1839 4427 2.602478 -0.234619 -0.003525 0.999983 -0.003762 0.003505 0.002569
981 4238 -5.368439 0.032227 -0.112545 0.999951 0.004252 -0.008753 -0.000918
983 4248 5.471588 0.044189 0.078384 0.999932 0.001582 -0.010390 0.004895
1006 4256 -2.107559 0.165527 -0.047787 0.999966 -0.002181 -0.006751 0.003862
2007 4568 -5.403198 0.707153 -0.175327 0.897414 -0.014454 0.000594 -0.440952
3329 4625 2.688110 4.995544 -0.040410 0.347386 0.000510 0.016830 0.937569
947 4219 3.665482 -0.042419 0.077972 0.999858 0.002151 -0.015039 -0.007138
2001 4565 -5.108994 1.404358 -0.241268 0.965103 -0.006106 0.001238 -0.261797
1855 4437 -4.049530 0.094055 -0.080315 0.999969 -0.004973 -0.000233 0.005986
928 4205 4.876846 0.411804 0.118958 0.998589 -0.008023 -0.017374 0.049517
1936 4516 -4.370300 1.670227 0.454857 0.999828 -0.007296 0.000350 -0.017045
1813 4407 2.395721 -0.472412 0.081322 0.999824 -0.006212 0.008763 0.015374
1835 4418 -4.863281 -0.327393 0.038208 0.999954 -0.003332 0.008942 0.000033
1974 4558 4.748810 0.793640 -0.144482 0.999982 -0.005471 0.000378 -0.002239
1915 4496 -3.310577 1.079651 0.071831 0.999756 -0.004946 0.004383 -0.021064
1009 4262 3.941650 0.220215 0.065308 0.999960 -0.001019 -0.008441 0.002604
1903 4489 3.435211 1.077026 0.070564 0.999774 -0.009390 0.005342 0.018302
3386 4589 0.928497 2.479187 -0.025574 -0.008093 -0.007787 0.017884 0.999776
1035 4269 -0.727844 -2.416992 0.082909 0.938157 -0.002638 -0.003435 -0.346181
1924 4510 3.891663 1.383362 0.419754 0.999846 -0.004413 0.004764 0.016314
3362 4605 2.747131 2.440674 -0.025421 0.003532 -0.018053 0.023258 0.999559
1817 4412 5.721893 -0.460754 0.102997 0.999975 -0.005466 0.001594 0.004113
983 4239 -5.997330 0.034668 -0.142307 0.999931 0.003266 -0.011208 -0.000781
955 4218 -4.775208 0.085144 -0.119720 0.999808 0.000815 -0.017222 -0.009193
1858 4440 -4.008270 0.190918 -0.071777 0.999959 -0.006903 0.001967 0.005500
956 4226 3.643799 -0.061646 0.079315 0.999910 0.000340 -0.011912 -0.006060
1986 4558 -5.188782 0.807068 -0.240440 0.999880 -0.013995 0.005438 -0.003861
972 4240 5.894470 0.020874 0.120819 0.999926 -0.003694 -0.010673 0.004367
1868 4451 -2.766541 0.158875 -0.148399 0.999980 -0.005008 0.002467 0.002766
3380 4590 4.944382 2.406799 -0.001051 0.001675 -0.016846 0.019244 0.999670
1831 4415 -4.409241 -0.389099 -0.016563 0.999976 0.000517 0.006814 -0.000300
1008 4257 -2.066910 0.176636 -0.044876 0.999966 -0.002731 -0.006515 0.004109
3363 4609 -3.396744 2.497375 -0.043031 0.006407 -0.016674 0.018209 0.999674
1954 4534 -3.542221 1.517822 0.147991 0.999978 -0.005690 0.002979 -0.001550
1894 4482 5.919617 0.848450 0.037903 0.999693 -0.004763 0.008245 0.022840
1937 4523 3.776398 1.491150 0.429619 0.999897 -0.005874 0.000877 0.013030
942 4209 -2.251053 0.225586 -0.124741 0.999664 -0.002361 -0.025696 -0.001874
1920 4506 3.787628 1.137634 0.213943 0.999915 -0.004474 0.004779 0.011210
3404 4578 2.904007 -0.348511 0.062784 0.211513 -0.014157 -0.001538 0.977271
3390 4591 -4.732086 2.699097 -0.018190 0.000754 -0.009665 0.021621 0.999718
1910 4491 -3.348999 1.152771 0.027985 0.999886 -0.006845 0.000828 -0.013431
1918 4504 3.717529 0.989624 0.105202 0.999973 -0.001904 -0.000677 0.006965
1966 4552 5.531769 1.130005 -0.182880 0.999975 -0.006947 0.000368 0.001149
3339 4623 -2.186581 4.197632 -0.039484 0.144117 0.001675 0.016077 0.989427
948 4214 -2.594360 0.140503 -0.018768 0.999824 -0.001375 -0.014778 -0.011436
1931 4518 5.211945 1.591797 0.512344 0.999773 -0.007321 0.005284 0.019260
939 4212 3.024246 0.131653 -0.037231 0.999693 0.000776 -0.024573 -0.002753
1946 4531 2.609558 1.408081 0.293831 0.999970 -0.004481 0.001219 0.006173
929 4207 5.895340 0.423584 0.101288 0.999671 -0.004109 -0.015508 0.019939
3390 4586 1.792480 2.417542 -0.112978 0.021294 -0.008872 0.017981 0.999571
939 4206 -2.512299 0.277588 -0.109230 0.999624 -0.008173 -0.021234 0.015230
1813 4402 -4.474976 -0.750549 0.090645 0.999761 0.003066 0.008677 0.019807
1994 4570 4.935452 -0.662537 0.049473 0.995620 -0.021560 -0.007079 -0.090691
1009 4256 -4.000336 0.173950 -0.087181 0.999960 -0.003293 -0.006584 0.004835
938 4211 2.843170 0.156738 -0.041557 0.999703 0.000179 -0.024050 -0.003798
3378 4592 4.175522 2.427917 0.028879 -0.002998 -0.025495 0.020304 0.999464
3374 4601 -3.650940 2.345520 -0.007872 -0.006145 -0.007026 0.017075 0.999810
973 4234 -2.629059 0.017212 -0.074028 0.999873 -0.001664 -0.015780 0.000981
1039 4266 -5.830170 1.270874 -0.004608 0.887172 -0.003895 -0.009015 -0.461332
921 4200 5.688660 0.555359 0.371521 0.970245 -0.021936 -0.016307 0.240572
954 4219 -2.728622 0.035156 -0.064178 0.999845 0.001721 -0.015448 -0.008149
3351 4618 -4.696045 2.917542 -0.065527 0.037470 -0.007708 0.021970 0.999025
3345 4620 -2.723068 3.212219 -0.074212 0.062635 -0.002681 0.021451 0.997801
1829 4414 -3.566376 -0.403320 0.023972 0.999935 -0.001962 0.011220 -0.000883
1922 4507 2.430145 1.206299 0.268600 0.999939 -0.004785 0.002312 0.009672
3398 4585 -2.268852 2.506042 -0.121284 0.073796 -0.012386 0.022112 0.996951
1024 4269 5.571449 -0.611816 0.063988 0.997934 -0.004853 -0.000526 -0.064045
1973 4552 -1.996994 0.873596 -0.246601 0.999989 -0.004441 -0.001009 -0.000802
1972 4551 -2.279297 0.902405 -0.241123 0.999985 -0.004940 0.001920 -0.001148
920 4187 0.558868 -5.635925 0.212547 0.806050 -0.033954 -0.005658 0.590843
1904 4484 -4.736786 1.048523 -0.003952 0.999990 -0.002048 0.002203 -0.003225
1872 4460 4.499084 0.272339 -0.042183 0.999984 -0.002971 0.003585 0.002968
1040 4271 -2.818298 -4.170776 0.215012 0.871228 -0.005305 -0.009958 -0.490746
960 4223 -3.733368 0.026672 -0.040405 0.999967 0.001198 -0.003568 -0.007080
1997 4571 4.306030 -1.576965 0.073227 0.988303 -0.022632 -0.000661 -0.150812
1807 4406 5.807587 -0.034912 0.101982 0.997531 -0.008772 0.005951 0.069422
3394 4584 1.561417 2.269348 -0.151136 0.026552 -0.014052 0.019996 0.999348
1820 4408 -2.536407 -0.508484 0.096748 0.999856 0.000434 0.016967 0.000475
3370 4600 1.547348 2.365784 -0.018692 0.002861 -0.008111 0.022911 0.999699
3395 4585 -0.434967 2.368225 -0.153418 0.028981 -0.014534 0.023325 0.999202
929 4206 5.024902 0.399780 0.100113 0.999327 -0.006847 -0.017593 0.031420
992 4252 2.652069 0.100403 0.033783 0.999955 -0.001853 -0.008485 0.003530
3367 4602 1.854599 2.395691 -0.024503 0.003599 -0.010999 0.026100 0.999591
1907 4487 -4.726685 1.141663 0.018417 0.999935 -0.005118 0.001723 -0.009967
1804 4397 -4.074951 -2.281494 0.108505 0.993235 0.008355 0.002901 0.115779
1012 4256 -5.777191 0.177307 -0.125122 0.999956 -0.002633 -0.007021 0.005479
1919 4501 -1.876221 0.992188 0.052666 0.999927 -0.002546 0.005521 -0.010401
1953 4534 -2.309082 1.483826 0.162292 0.999981 -0.005209 0.003149 0.001059
1014 4265 5.109329 0.289490 0.096222 0.999970 0.003503 -0.004803 0.004679
1912 4497 2.176025 1.000610 0.096054 0.999959 -0.008638 0.001617 -0.001957
925 4199 2.360291 -0.295532 0.192070 0.978486 -0.023082 -0.013974 0.204536
917 4189 3.502380 -4.061218 0.314377 0.796454 -0.030628 -0.011573 0.603809
1973 4558 5.727539 0.813354 -0.125565 0.999976 -0.006433 -0.000202 -0.002486
1876 4463 3.382416 0.357056 -0.048660 0.999985 -0.001750 0.000255 0.005079
1975 4552 -3.921158 0.835327 -0.251343 0.999992 -0.003793 0.001470 -0.000243
1820 4414 5.677002 -0.460938 0.002251 0.999813 -0.004243 0.018753 0.002087
1969 4546 -5.544266 1.067566 -0.305359 0.999954 -0.008472 -0.000998 -0.004336
1007 4256 -2.752914 0.168640 -0.061352 0.999963 -0.002643 -0.006942 0.004151
3363 4607 -0.786758 2.469971 -0.053184 0.004276 -0.016139 0.019963 0.999660
3412 4575 -0.120728 -3.620117 0.031767 0.437634 -0.011998 0.001408 0.899071
3331 4624 2.383728 4.456726 -0.036978 0.298909 0.006216 0.015378 0.954136
1801 4403 5.977966 0.014954 0.087524 0.987035 0.010698 0.003729 0.160105
1880 4468 5.079987 0.557190 0.014969 0.999815 -0.008384 0.014778 0.008910
3386 4591 -1.689240 2.481445 -0.018826 -0.018278 -0.012330 0.016946 0.999612
1908 4493 2.135986 1.088257 0.074028 0.999923 -0.009473 0.004171 0.006737
927 4195 -1.595306 -1.708374 -0.012459 0.954306 -0.020470 -0.022311 0.297290
1892 4474 -2.480896 0.756897 -0.018936 0.999905 -0.005901 0.003738 0.011849
921 4197 3.766663 -0.577271 0.269203 0.946656 -0.021576 -0.022421 0.320737
1014 4264 3.762924 0.273193 0.064545 0.999979 0.001238 -0.004888 0.003783
1824 4409 -5.139862 -0.482971 -0.008652 0.999974 0.003530 0.006227 -0.000503
3401 4585 -3.857790 2.865601 -0.097214 0.134865 -0.007229 0.021913 0.990595
3341 4618 2.775139 2.757812 -0.069938 0.085954 -0.004953 0.019628 0.996092
3380 4591 3.632599 2.449890 -0.017788 -0.005713 -0.019754 0.019017 0.999607
1826 4410 -5.845337 -0.449280 0.004417 0.999997 0.001055 0.002015 -0.000839
1906 4486 -4.740540 1.114807 -0.001511 0.999961 -0.003811 -0.000106 -0.007834
1908 4488 -4.713379 1.174988 0.037704 0.999894 -0.006490 0.004309 -0.012246
1951 4535 1.527878 1.442993 0.182812 0.999937 -0.005397 0.003897 0.009071
2007 4572 -2.291809 -3.280273 0.119312 0.898530 -0.019581 0.000283 -0.438474
1953 4538 2.999329 1.502808 0.133438 0.999878 -0.006193 0.002838 0.014057
3404 4576 5.203842 -1.418030 0.073128 0.213212 -0.010453 -0.003790 0.976942
1891 4479 5.778992 0.752808 0.033325 0.999802 -0.005375 0.004376 0.018598
1806 4399 -2.909546 -1.548157 0.141312 0.996190 0.003846 0.011480 0.086361
3389 4589 -1.391495 2.592102 -0.030428 0.007331 -0.006068 0.021527 0.999722
1823 4410 -2.763092 -0.494141 0.012680 0.999991 0.003225 0.002668 0.000540
1027 4269 4.002274 -1.267639 0.054649 0.991933 -0.006860 -0.001620 -0.126561
1873 4460 3.152863 0.284790 -0.055763 0.999987 -0.001663 0.003668 0.002958
969 4236 3.783829 -0.014404 0.021828 0.999989 0.000177 0.001922 0.003983
3338 4619 3.593840 2.702698 -0.064311 0.135327 -0.001311 0.016899 0.990655
967 4227 -5.562393 0.020630 -0.028053 0.999987 0.002850 -0.000804 -0.003918
1875 4456 -5.202393 0.289368 -0.149910 0.999995 -0.000484 0.001707 0.002534
3375 4597 0.573029 2.359619 0.019636 -0.005384 -0.016785 0.016446 0.999708
3371 4603 -3.335663 2.403748 0.014278 -0.001421 -0.012633 0.019576 0.999726
3391 4586 1.078842 2.410034 -0.111893 0.023679 -0.008259 0.018426 0.999515
1830 4421 4.803162 -0.372253 0.021797 0.999969 -0.003478 0.006865 0.001642
1955 4539 1.867554 1.533936 0.086136 0.999910 -0.007595 0.002559 0.010776
1813 4401 -5.838806 -0.809692 0.102654 0.999731 0.005258 0.010783 0.019839
3399 4580 3.533550 1.323120 -0.055969 0.090453 -0.013363 0.010693 0.995753
3338 4620 2.328785 3.066284 -0.061423 0.141254 -0.000385 0.016763 0.989830
3365 4609 -5.306747 2.495544 0.000556 0.005748 -0.012622 0.017737 0.999745
1810 4407 4.875732 -0.230896 0.082237 0.999072 -0.011011 0.009966 0.040435
931 4194 -5.085403 -1.977356 -0.200096 0.950050 -0.022102 -0.024747 0.310325
1929 4515 3.873932 1.578186 0.545860 0.999839 -0.009926 0.000777 0.014916
3415 4579 -5.157715 1.082336 -0.146852 0.515656 -0.024551 0.010090 0.856381
1803 4404 5.973572 -0.036804 0.091911 0.992861 0.005546 0.002465 0.119122
3349 4616 -0.509705 2.747864 -0.075294 0.026122 -0.005001 0.023235 0.999375
1791 4393 2.012024 -5.498413 0.006447 0.893127 0.013631 0.021549 0.449081
3401 4579 3.596899 0.700012 -0.021877 0.134027 -0.009269 0.006329 0.990914
1889 4469 -5.471191 0.669128 0.012863 0.999935 -0.001979 0.005867 0.009522
3356 4613 -2.292664 2.617615 -0.022888 0.012450 -0.008352 0.019340 0.999699
936 4209 2.500320 0.228638 -0.044121 0.999788 -0.001671 -0.020400 -0.001812
1853 4435 -4.089996 0.038940 -0.054993 0.999956 -0.004791 0.005980 0.005356
999 4256 2.566330 0.129517 0.052250 0.999959 0.000505 -0.008734 0.001710
1897 4477 -4.927582 0.868958 -0.088226 0.999961 -0.005468 -0.000340 0.006874
944 4208 -4.858871 0.296997 -0.099350 0.999785 -0.003666 -0.020091 -0.003433
1910 4496 3.534637 1.057800 0.098663 0.999918 -0.010318 0.004641 0.005879
1016 4260 -2.614929 0.228516 -0.042263 0.999995 -0.001837 -0.001363 0.002098
997 4257 5.299072 0.111206 0.113289 0.999969 0.001827 -0.007569 0.000460
994 4253 2.337067 0.109741 0.031487 0.999947 -0.001516 -0.009657 0.003006
1791 4395 3.606934 -3.353745 -0.033875 0.894198 0.015082 0.018470 0.447034
3358 4614 -5.350708 2.640808 0.001236 0.013893 -0.007317 0.018493 0.999705
1795 4400 5.994446 0.179047 -0.027374 0.946757 0.013284 0.023639 0.320804
1981 4563 4.935364 0.738525 -0.154671 0.999969 -0.006481 -0.001090 0.004248
1965 4545 -2.267792 1.258972 -0.241295 0.999966 -0.006859 0.003903 -0.002261
1970 4547 -5.339920 1.015625 -0.277321 0.999958 -0.008384 0.000535 -0.003735
1950 4537 5.445572 1.480652 0.158344 0.999812 -0.005188 0.004394 0.018153
989 4252 5.214996 0.094421 0.073463 0.999968 -0.002436 -0.006619 0.003601
1981 4555 -5.315979 0.749268 -0.242676 0.999914 -0.011851 0.003700 0.004283
3415 4574 -2.254150 -4.561401 -0.021677 0.519882 -0.014582 0.000697 0.854110
1020 4265 2.149796 0.204834 0.021790 0.999892 -0.003066 -0.003456 -0.013876
1038 4269 -2.818176 -2.228210 0.099487 0.901022 -0.001961 -0.007652 -0.433699
975 4235 -3.293411 0.022339 -0.044548 0.999972 0.000207 -0.007256 0.000823
3334 4624 0.244576 4.728699 -0.048558 0.236383 0.006719 0.017946 0.971470
1958 4537 -4.400406 1.600342 0.077633 0.999970 -0.006760 0.003510 -0.001271
1025 4263 -2.909332 0.505371 -0.069618 0.996227 -0.012867 -0.002831 -0.085776
3341 4621 -1.100159 3.507446 -0.072007 0.103538 -0.004150 0.020202 0.994410
1967 4545 -4.602768 1.155884 -0.303772 0.999963 -0.007345 0.000781 -0.004430
947 4221 5.948822 -0.089417 0.137474 0.999894 0.001976 -0.013116 -0.005912
3368 4599 4.775757 2.337463 -0.001620 0.004706 -0.015505 0.026261 0.999523
1036 4265 -5.282135 1.379944 -0.051338 0.926264 -0.004473 -0.003995 -0.376825
1886 4473 4.019836 0.647217 0.044060 0.999892 -0.002976 0.003245 0.014017
1922 4509 5.234192 1.345520 0.400719 0.999809 -0.004716 -0.000523 0.018928
1830 4414 -4.661499 -0.395142 -0.010117 0.999965 -0.001627 0.008176 -0.000807
1007 4255 -4.063416 0.164734 -0.090958 0.999952 -0.004104 -0.007136 0.005048
3377 4599 -3.963272 2.331299 -0.037411 -0.013215 -0.013479 0.020304 0.999615
3352 4611 3.680557 2.525391 -0.070473 0.013067 -0.006470 0.022601 0.999637
1947 4532 2.651428 1.406128 0.259270 0.999955 -0.005138 0.002118 0.007638
946 4209 -5.686066 0.306396 -0.089523 0.999688 -0.002886 -0.023374 -0.008173
961 4225 -2.305161 0.012878 -0.022354 0.999946 -0.000702 -0.007560 -0.006930
1957 4541 2.084381 1.567749 0.013153 0.999926 -0.007498 0.003797 0.008847
1936 4518 -1.648804 1.557495 0.456879 0.999945 -0.007008 0.001971 -0.007483
1796 4400 5.377991 -0.181580 -0.013885 0.956332 0.015615 0.022026 0.291033
1034 4270 1.054138 -3.116638 0.090103 0.948116 -0.003742 -0.001074 -0.317896
1963 4547 2.714279 1.429871 -0.133755 0.999961 -0.007810 0.002796 0.003004
1921 4508 5.215240 1.293518 0.340767 0.999831 -0.005560 0.001662 0.017441
959 4221 -5.135910 0.039307 -0.052490 0.999932 0.002502 -0.008419 -0.007521
3388 4592 -4.574020 2.658752 0.010468 -0.008047 -0.010450 0.020251 0.999707
3370 4601 0.248123 2.380798 -0.016190 0.001430 -0.007332 0.022237 0.999724
1040 4267 -5.664062 0.395874 0.038841 0.873127 -0.004615 -0.010942 -0.487346
1982 4556 -4.827835 0.746643 -0.232773 0.999902 -0.012970 0.002452 0.004610
1982 4557 -3.538742 0.749207 -0.224876 0.999902 -0.012988 0.002757 0.004318
970 4231 -3.442184 -0.017029 -0.087296 0.999961 0.007402 -0.004383 0.001266
1886 4466 -5.759399 0.538086 -0.042885 0.999932 0.008424 0.001041 0.007930
964 4225 -5.148697 0.037537 -0.166054 0.999864 -0.002597 -0.015247 -0.005596
1023 4266 2.046768 -0.063171 0.010460 0.998873 -0.004584 -0.002222 -0.047169
1911 4498 4.942841 1.056335 0.098579 0.999922 -0.009344 0.001320 0.008165
1854 4436 -4.071014 0.067688 -0.069290 0.999967 -0.004816 0.003442 0.005487
959 4227 2.046432 -0.046448 0.049919 0.999980 0.001455 -0.002751 -0.005392
994 4249 -2.868713 0.081299 -0.102089 0.999935 0.000904 -0.010244 0.004836
3359 4610 -1.013550 2.511108 -0.020409 0.007804 -0.011243 0.017982 0.999744
3415 4575 -2.836609 -3.436462 -0.023964 0.518642 -0.017581 0.000872 0.854807
1879 4460 -4.822998 0.385132 -0.071823 0.999952 -0.000771 0.009575 0.001498
971 4239 5.591965 0.008057 0.101036 0.999929 -0.001585 -0.010807 0.004574
1954 4540 4.407349 1.558105 0.087383 0.999852 -0.007921 0.001355 0.015178
983 4246 2.902588 0.038513 0.024902 0.999956 0.000854 -0.008411 0.003720
965 4234 5.047638 -0.028381 0.150505 0.999750 -0.008621 -0.020571 0.001008
1826 4411 -4.477539 -0.446533 0.013237 0.999999 -0.000232 -0.000572 -0.000780
929 4205 4.172440 0.367310 0.100548 0.998742 -0.008963 -0.019769 0.045188
1034 4265 -4.343933 0.898010 -0.024849 0.948123 -0.005554 -0.000511 -0.317851
3345 4619 -1.416534 3.052429 -0.073798 0.056658 -0.003586 0.021519 0.998154
1845 4434 4.719238 -0.102173 -0.018280 0.999949 -0.002046 0.009344 0.003145
3365 4605 -0.103470 2.448425 -0.020963 0.002961 -0.015207 0.023391 0.999605
1992 4562 -3.906174 0.937744 -0.234657 0.998060 -0.005531 0.002097 -0.061979
928 4196 -1.732346 -1.279114 -0.018570 0.964165 -0.019598 -0.026222 0.263272
990 4245 -4.707626 0.055969 -0.120369 0.999978 -0.000009 -0.005943 0.002450
993 4248 -3.363220 0.072388 -0.117424 0.999932 0.001201 -0.010621 0.004515
1016 4265 4.089676 0.284180 0.068024 0.999984 0.003325 -0.002988 0.003110
1897 4482 1.942780 0.860535 0.036880 0.999835 -0.005008 0.003786 0.017032
1956 4535 -4.641724 1.568542 0.139942 0.999968 -0.005275 0.005074 -0.003285
3413 4577 -2.486694 -1.568115 0.016174 0.464234 -0.016651 0.002519 0.885551
965 4228 -2.423386 0.000122 -0.071823 0.999930 -0.000257 -0.011219 -0.003412
1934 4514 -4.362518 1.659485 0.479057 0.999868 -0.004838 0.004235 -0.014907
1038 4267 -4.516815 -0.137146 0.021515 0.901549 -0.002261 -0.009099 -0.432573
973 4239 3.660294 0.014954 0.062355 0.999939 -0.002971 -0.009922 0.003550
3403 4582 -1.234001 1.726013 -0.079882 0.181130 -0.020021 0.015067 0.983139
1888 4475 4.173706 0.670532 0.019058 0.999861 -0.002998 0.004215 0.015841
984 4247 3.259277 0.043152 0.024574 0.999952 0.001405 -0.008642 0.004334
3400 4579 4.187117 0.848938 -0.022722 0.109629 -0.010461 0.006946 0.993893
916 4194 5.618958 -0.860840 0.376778 0.863115 -0.024749 -0.020614 0.503977
1807 4405 4.446625 -0.232971 0.101173 0.997517 -0.007259 0.005570 0.069830
1937 4524 5.132538 1.518677 0.420074 0.999809 -0.007406 0.001286 0.018037
945 4216 2.158386 0.037598 0.013779 0.999896 0.001510 -0.010622 -0.009535
1984 4564 3.880814 0.744324 -0.140404 0.999910 -0.011838 -0.004819 0.004066
2004 4573 1.104034 -4.203430 0.225128 0.936992 -0.019674 -0.001272 -0.348795
1963 4543 -2.447601 1.449158 -0.127583 0.999945 -0.007221 0.007470 -0.001323
3394 4581 5.439499 2.019287 -0.111264 0.025647 -0.016083 0.012691 0.999460
927 4205 5.571838 0.485413 0.116859 0.998299 -0.008360 -0.014480 0.055838
3378 4593 2.882370 2.430420 0.015867 -0.005541 -0.023120 0.019109 0.999534
2003 4569 -2.007874 -0.880798 -0.057774 0.946635 -0.019104 -0.003745 -0.321720
1956 4536 -3.317886 1.546753 0.120117 0.999977 -0.005115 0.004472 0.000217
931 4195 -4.501434 -1.656128 -0.163246 0.958834 -0.021733 -0.027159 0.281827
1940 4526 3.784851 1.481079 0.346451 0.999861 -0.011189 0.004021 0.011637
1823 4408 -5.494568 -0.494019 0.022301 0.999942 0.003189 0.010284 -0.000423
1033 4270 1.732971 -3.030762 0.077034 0.957418 -0.003979 -0.000380 -0.288675
1814 4404 -2.585876 -0.612000 0.082481 0.999921 -0.000059 0.005142 0.011442
2005 4574 1.170288 -5.127686 0.259048 0.925740 -0.019298 0.002259 -0.377662
1880 4461 -4.733246 0.413574 -0.066162 0.999907 -0.004506 0.012676 0.002041
3340 4622 -1.654297 3.799072 -0.055374 0.122853 -0.003081 0.018026 0.992255
1865 4454 5.574005 0.106506 -0.093620 0.999980 -0.001610 0.005556 0.002220
1797 4398 2.379395 -1.876892 0.036674 0.963751 0.016548 0.016137 0.265798
3335 4620 4.357056 2.595520 -0.064697 0.193547 -0.000476 0.019705 0.980892
1940 4522 -1.624084 1.504395 0.414536 0.999959 -0.003779 0.002886 -0.007693
3388 4587 1.946701 2.526428 -0.053509 0.014154 -0.011194 0.016231 0.999705
3398 4587 -4.863121 2.907776 -0.097608 0.075840 -0.013774 0.022301 0.996775
1930 4510 -4.415558 1.510681 0.364182 0.999917 -0.002626 0.001471 -0.012469
1796 4399 4.243347 -0.941071 0.012489 0.955893 0.015169 0.021345 0.292546
923 4202 5.819550 0.730957 0.284546 0.987067 -0.021484 -0.014877 0.158157
3329 4623 4.730530 3.296387 -0.055565 0.335337 -0.004816 0.020241 0.941867
3349 4618 -3.134781 2.919128 -0.091192 0.038406 -0.009040 0.023273 0.998949
3369 4606 -5.286758 2.434143 -0.020185 -0.000590 -0.015121 0.018189 0.999719
1916 4498 -1.900604 1.009460 0.056297 0.999853 -0.003712 0.002802 -0.016497
1922 4508 3.831146 1.280029 0.346497 0.999885 -0.005086 -0.000103 0.014288
3343 4617 2.647827 2.701782 -0.074944 0.058551 -0.003884 0.019596 0.998083
1942 4523 -2.940582 1.520813 0.374504 0.999921 -0.000508 0.001771 -0.012384
1853 4442 5.240112 0.128967 -0.042953 0.999935 -0.003513 0.010444 0.002744
1860 4443 -2.667297 0.252747 -0.063881 0.999973 -0.003424 0.004231 0.004759
1968 4554 5.815689 1.009338 -0.145889 0.999953 -0.009632 -0.001193 -0.000557
1006 4261 4.501480 0.185913 0.081032 0.999984 -0.000514 -0.005191 0.001888
920 4195 3.371552 -1.282837 0.261765 0.917838 -0.026613 -0.019979 0.395556
963 4224 -5.397263 0.035461 -0.141006 0.999924 -0.001153 -0.010447 -0.006352
1932 4512 -4.363953 1.599854 0.481277 0.999882 -0.001913 0.007715 -0.013100
3331 4622 4.572586 2.982422 -0.056881 0.286790 -0.002828 0.019807 0.957783
3348 4613 4.184189 2.581360 -0.066516 0.015496 -0.006289 0.023582 0.999581
1829 4415 -2.214081 -0.407410 0.015663 0.999951 -0.000605 0.009866 -0.000384
1010 4255 -5.919632 0.165405 -0.134972 0.999946 -0.003799 -0.007502 0.006016
962 4231 4.192383 -0.079407 0.071213 0.999982 0.000260 -0.005578 -0.001777
1809 4399 -5.252991 -1.309204 0.159584 0.998263 0.000334 0.013268 0.057402
924 4192 -0.977356 -2.963318 0.087059 0.911486 -0.029673 -0.011154 0.410104
934 4201 -2.675232 -0.002075 0.032860 0.993197 -0.019890 -0.020603 0.112866
1941 4523 -1.610046 1.491516 0.385048 0.999965 -0.002518 0.002571 -0.007457
961 4223 -4.700455 0.037842 -0.049683 0.999966 0.000812 -0.003713 -0.007185
994 4248 -4.161942 0.071716 -0.135872 0.999932 0.001673 -0.010505 0.004640
1879 4461 -3.403076 0.391724 -0.073570 0.999929 -0.002626 0.011278 0.002604
1807 4398 -5.030914 -1.676636 0.147026 0.996859 0.001370 0.007894 0.078783
3411 4580 -3.494934 1.105347 -0.108913 0.405365 -0.018838 0.012860 0.913870
975 4241 4.252426 0.019958 0.061882 0.999977 -0.002697 -0.005096 0.003148
2000 4567 -2.292175 0.101440 -0.169598 0.972526 -0.014167 0.000520 -0.232363
2004 4571 -0.795624 -2.540894 0.105671 0.936211 -0.021285 -0.002023 -0.350790
1931 4511 -4.389343 1.542236 0.420135 0.999905 -0.001552 0.005123 -0.012656
1990 4560 -5.241287 0.985413 -0.240425 0.999284 -0.010216 0.003517 -0.036253
1820 4413 4.314941 -0.465759 0.025673 0.999858 -0.005446 0.015845 0.001644
981 4245 3.501587 0.028076 0.031712 0.999974 0.000612 -0.006255 0.003165
1025 4268 3.721481 -0.604431 0.040932 0.996580 -0.005554 -0.001906 -0.082418
988 4244 -4.225876 0.046997 -0.089909 0.999991 -0.000737 -0.003546 0.001734
1821 4407 -4.887299 -0.502380 0.106369 0.999914 -0.000386 0.013096 0.000086
927 4192 -3.207230 -2.901123 -0.092941 0.924204 -0.024583 -0.017055 0.380723
1941 4521 -4.316284 1.596619 0.407463 0.999826 -0.002207 0.004263 -0.017998
1920 4502 -1.869110 0.986023 0.053032 0.999948 -0.002917 0.005407 -0.008067
966 4229 -2.111526 -0.010864 -0.043663 0.999979 0.003233 -0.005044 -0.002087
1926 4511 2.535736 1.421204 0.434082 0.999886 -0.006031 0.006698 0.012119
2007 4573 -1.519653 -4.277710 0.175060 0.899073 -0.018355 0.001364 -0.437412
3398 4583 0.296570 2.100769 -0.108789 0.072474 -0.019406 0.018402 0.997011
3379 4597 -3.236053 2.352783 0.003559 -0.014139 -0.016582 0.017553 0.999608
3407 4582 -3.249390 2.217285 -0.145746 0.294185 -0.023225 0.016752 0.955319
1944 4530 3.870865 1.430664 0.305977 0.999928 -0.006450 0.004157 0.009221
1015 4266 5.932205 0.299561 0.100994 0.999956 0.005638 -0.004493 0.005939
963 4233 5.696014 -0.067261 0.106773 0.999753 -0.006298 -0.021260 -0.000303
1844 4428 -2.076599 -0.176514 -0.036179 0.999989 0.001783 0.002731 0.003137
977 4243 4.841965 0.018433 0.043083 0.999990 -0.001884 -0.001874 0.003258
1004 4253 -4.723755 0.140991 -0.101654 0.999949 -0.004085 -0.007017 0.005916
917 4191 3.948273 -2.824341 0.312569 0.828564 -0.032693 -0.015011 0.558736
1875 4463 4.713531 0.345886 -0.040062 0.999979 -0.003120 0.000958 0.005483
999 4252 -2.662720 0.113342 -0.089066 0.999941 -0.000931 -0.009519 0.005068
1850 4433 -2.907166 -0.042664 -0.047653 0.999981 -0.000667 0.003176 0.005174
1986 4566 5.001831 0.685181 -0.173813 0.999859 -0.016502 -0.001977 -0.002302
3345 4614 5.117844 2.504028 -0.080889 0.029613 -0.003434 0.021891 0.999314
3400 4585 -3.364822 2.645569 -0.115702 0.110491 -0.008806 0.022574 0.993581
1868 4456 4.268585 0.190063 -0.066460 0.999976 -0.005926 0.002070 0.002733
1889 4475 2.858521 0.685364 0.009354 0.999866 -0.003557 0.003770 0.015477
1900 4487 4.730469 1.050415 0.059746 0.999673 -0.011012 0.004263 0.022659
3345 4621 -4.035110 3.390625 -0.071921 0.068571 -0.004435 0.021801 0.997397
1960 4546 5.038269 1.620361 -0.018646 0.999928 -0.008732 -0.001675 0.008063
1919 4499 -4.647675 1.080078 0.047798 0.999779 -0.001516 0.005324 -0.020281
1935 4521 3.800537 1.516541 0.461433 0.999887 -0.005326 0.004349 0.013336
1858 4445 2.700439 0.213318 -0.055740 0.999970 -0.005162 0.005123 0.002308
1869 4458 5.741455 0.228149 -0.037643 0.999951 -0.009304 0.001891 0.002519
1923 4510 5.265015 1.401367 0.453156 0.999786 -0.004199 0.001924 0.020167
1015 4258 -4.759232 0.199036 -0.070557 0.999985 -0.001925 -0.002639 0.004122
3377 4595 1.234161 2.400574 0.000265 -0.007262 -0.019599 0.017143 0.999634
1882 4468 2.398376 0.583679 0.038902 0.999904 -0.007373 0.008229 0.008275
1811 4406 2.701324 -0.414246 0.097527 0.999435 -0.011187 0.007245 0.030844
3346 4618 -0.860687 2.921753 -0.071788 0.045599 -0.005150 0.022214 0.998698
2001 4567 -2.913589 0.130432 -0.178524 0.965061 -0.012096 -0.000139 -0.261745
982 4246 3.836777 0.037170 0.044022 0.999958 0.000795 -0.008247 0.003776
1996 4565 -2.399509 0.540955 -0.205036 0.991399 -0.007987 0.004236 -0.130564
3370 4602 -1.055618 2.395081 -0.008573 0.000328 -0.009966 0.022022 0.999707
3415 4576 -3.420288 -2.314453 -0.034655 0.517842 -0.020060 0.001228 0.855237
3355 4615 -4.058075 2.692200 -0.039606 0.018799 -0.007261 0.019926 0.999597
2009 4572 -3.820740 -2.876404 0.095406 0.869273 -0.020006 0.004163 -0.493910
1041 4272 -2.990845 -5.166382 0.271034 0.855528 -0.005847 -0.009186 -0.517640
1861 4442 -5.356873 0.240173 -0.076691 0.999974 -0.000930 0.003730 0.006069
1963 4542 -3.762711 1.475525 -0.106884 0.999951 -0.007901 0.005235 -0.002719
1036 4268 -2.383179 -1.423157 0.045731 0.927016 -0.001954 -0.006205 -0.374963
972 4231 -5.378448 0.006958 -0.161041 0.999945 0.006075 -0.008451 0.000385
3366 4607 -3.662659 2.469482 -0.012919 0.003021 -0.010775 0.019212 0.999752
3378 4591 5.478592 2.416809 0.049112 -0.002498 -0.026770 0.019655 0.999445
3339 4622 -0.920231 3.825806 -0.049057 0.137917 -0.002358 0.017171 0.990291
1959 4545 4.928162 1.605835 -0.033699 0.999929 -0.007247 0.001949 0.009253
1011 4256 -5.201553 0.172424 -0.118248 0.999952 -0.002471 -0.007645 0.005495
1992 4561 -5.166466 1.103210 -0.248062 0.998061 -0.004716 0.002616 -0.062002
1854 4442 3.938751 0.144653 -0.035843 0.999949 -0.003421 0.009022 0.002943
1829 4413 -4.928619 -0.400024 0.026840 0.999959 -0.003170 0.008316 -0.001341
3409 4581 -3.231445 1.777893 -0.152187 0.351048 -0.021118 0.017060 0.935963
1846 4434 3.478088 -0.082520 -0.025352 0.999937 -0.004328 0.009915 0.002780
1840 4429 4.107727 -0.191467 -0.009277 0.999941 -0.007743 0.007147 0.002459
1901 4483 -2.043030 0.957886 0.016891 0.999948 -0.004839 0.005582 0.006933
1943 4530 5.187103 1.459473 0.306633 0.999865 -0.007089 0.005342 0.013843
1026 4268 3.215172 -0.809814 0.038788 0.994630 -0.006497 -0.002421 -0.103260
1967 4551 3.103775 1.082581 -0.194717 0.999977 -0.006679 0.000941 0.000062
977 4235 -5.239655 0.036377 -0.063725 0.999978 0.002082 -0.006194 -0.000597
1943 4522 -5.604065 1.638062 0.379196 0.999748 0.000930 0.001443 -0.022380
1788 4395 5.450806 -2.446686 -0.060707 0.851648 0.015579 0.020609 0.523476
1931 4513 -1.617462 1.545898 0.507515 0.999961 -0.004025 0.006931 -0.003626
938 4205 -2.578568 0.285583 -0.081604 0.999331 -0.010742 -0.021273 0.027712
967 4236 5.697769 -0.021545 0.065033 0.999986 -0.003960 -0.000144 0.003115
933 4199 -3.375031 -0.427917 -0.013977 0.985622 -0.020106 -0.022086 0.166297
1911 4496 2.158691 1.027893 0.098816 0.999956 -0.008878 0.002855 -0.000197
1794 4395 1.350830 -3.896271 0.039513 0.932561 0.011784 0.013901 0.360551
3390 4588 -0.816742 2.543274 -0.057632 0.017934 -0.006749 0.020343 0.999609
1948 4528 -3.994461 1.511169 0.294353 0.999916 -0.002621 0.005470 -0.011462
948 4213 -3.613586 0.174011 -0.037544 0.999741 -0.001064 -0.020418 -0.009961
1857 4446 5.362061 0.122681 -0.073494 0.999958 -0.007855 0.004457 0.001367
1035 4267 -2.791748 -0.684692 0.024521 0.938581 -0.002794 -0.004901 -0.345009
1975 4551 -5.201614 0.843079 -0.258408 0.999988 -0.003550 0.003350 -0.000449
980 4246 5.749283 0.038269 0.054585 0.999975 0.000087 -0.005429 0.004284
991 4247 -2.997269 0.064819 -0.102180 0.999955 0.000890 -0.008542 0.003905
1890 4477 4.323486 0.714478 0.011848 0.999843 -0.004567 0.003516 0.016717
3369 4600 2.515427 2.360962 -0.015227 0.004015 -0.010140 0.024023 0.999651
1941 4520 -5.678436 1.675781 0.411079 0.999721 -0.002986 0.004212 -0.023053
1888 4468 -5.564301 0.638977 0.020340 0.999922 0.002209 0.007873 0.009412
1842 4426 -2.313263 -0.216553 -0.015480 0.999951 0.003908 0.008849 0.001953
1973 4549 -5.848923 0.909790 -0.290352 0.999983 -0.005336 0.000873 -0.002221
1969 4547 -4.259781 1.052856 -0.286247 0.999959 -0.008332 -0.001104 -0.003461
942 4206 -4.929062 0.293823 -0.141525 0.999603 -0.008788 -0.022126 0.015048
926 4203 4.626251 0.398987 0.157555 0.994820 -0.015848 -0.015676 0.099166
3403 4577 4.729622 -0.673035 0.060684 0.183564 -0.007092 -0.001981 0.982979
1986 4560 -2.626450 0.756226 -0.230011 0.999946 -0.009639 0.002168 -0.003281
1996 4571 4.945717 -1.377014 0.084820 0.991444 -0.022846 -0.002792 -0.128489
3407 4575 4.074615 -2.932251 0.052071 0.298132 -0.009776 -0.001802 0.954472
1886 4467 -4.336090 0.567322 0.009872 0.999918 0.006753 0.005939 0.009039
3344 4615 4.539734 2.521973 -0.063966 0.039845 -0.002164 0.020197 0.998998
3384 4594 -3.816483 2.448792 -0.004335 -0.012477 -0.008240 0.016939 0.999744
1804 4399 -1.411377 -1.675598 0.113449 0.993799 0.010062 0.010899 0.110196
1033 4264 -5.025742 1.386414 -0.051323 0.957151 -0.008003 0.000703 -0.289473
1815 4403 -4.848541 -0.645569 0.073891 0.999907 0.003424 0.005355 0.012074
3346 4620 -3.469986 3.191589 -0.073087 0.057302 -0.002658 0.022487 0.998099
1854 4437 -2.742920 0.081177 -0.058670 0.999973 -0.004464 0.001620 0.005559
1008 4263 5.908539 0.226562 0.111687 0.999954 -0.000089 -0.009189 0.002421
919 4188 1.622681 -4.931702 0.241180 0.810034 -0.032122 -0.008007 0.585445
1970 4555 4.937637 0.928284 -0.172783 0.999938 -0.011001 0.001004 -0.001545
1818 4411 3.435150 -0.490845 0.060104 0.999993 -0.002117 0.000878 0.002922
988 4251 4.800476 0.085999 0.055729 0.999975 -0.001613 -0.005288 0.004150
1012 4258 -3.148300 0.179138 -0.068428 0.999969 -0.000555 -0.006226 0.004487
1920 4505 2.375458 1.042603 0.124413 0.999969 -0.002958 0.003241 0.006503
1981 4556 -4.032715 0.753540 -0.235924 0.999923 -0.011663 0.001803 0.003818
1957 4536 -4.526581 1.584778 0.111790 0.999968 -0.005802 0.004921 -0.002248
3413 4581 -5.341919 2.689453 -0.195766 0.462038 -0.022848 0.018304 0.886376
1021 4266 3.007080 0.097534 0.033386 0.999758 -0.002560 -0.004159 -0.021405
1942 4528 3.816559 1.462036 0.325172 0.999895 -0.008776 0.005689 0.010032
1873 4455 -3.954010 0.243713 -0.138374 0.999992 0.000895 0.002381 0.002854
970 4230 -4.683426 -0.018860 -0.098557 0.999949 0.010011 -0.000246 0.000290
3405 4577 3.380219 -1.155090 0.070614 0.238071 -0.012276 -0.005070 0.971156
1000 4252 -3.343582 0.115601 -0.102058 0.999943 -0.001034 -0.009063 0.005386
959 4222 -3.962524 0.021423 -0.035820 0.999958 0.002456 -0.005378 -0.006860
1958 4542 2.207184 1.576294 -0.004436 0.999933 -0.007219 0.004632 0.007749
923 4195 1.255188 -1.610840 0.155396 0.939296 -0.024983 -0.018914 0.341673
3354 4609 4.639236 2.470581 -0.060924 0.007816 -0.013314 0.018970 0.999700
3394 4588 -3.656143 2.595093 -0.097972 0.024813 -0.010222 0.024301 0.999344
1814 4402 -5.335815 -0.714111 0.092133 0.999832 0.005771 0.009093 0.014786
953 4218 -2.911041 0.056335 -0.056709 0.999834 -0.000116 -0.016090 -0.008447
1915 4502 5.030975 0.979858 0.087967 0.999955 -0.006385 0.001390 0.006804
3380 4597 -4.150345 2.345398 0.038504 -0.015505 -0.012371 0.016575 0.999665
960 4230 4.859802 -0.086914 0.078087 0.999989 0.003348 0.001158 -0.002692
1928 4508 -4.460999 1.423584 0.253410 0.999910 -0.006055 -0.000048 -0.011946
1996 4569 2.500071 -0.733215 -0.054943 0.991321 -0.019910 -0.003354 -0.129905
3383 4588 4.859940 2.373535 -0.038786 0.010609 -0.013090 0.017623 0.999702
3402 4579 2.986523 0.485718 -0.000957 0.157606 -0.010637 0.005185 0.987431
972 4237 2.117722 -0.001099 0.035736 0.999956 -0.000378 -0.008612 0.003439
3360 4612 -4.526886 2.579102 -0.001451 0.009319 -0.008244 0.019979 0.999722
3348 4615 1.564285 2.678406 -0.058839 0.022349 -0.004554 0.023076 0.999472
1958 4536 -5.725769 1.624695 0.087746 0.999962 -0.006452 0.003672 -0.004536
1798 4401 5.375061 -0.192017 0.006836 0.972223 0.018455 0.016403 0.232748
3385 4587 4.399597 2.386719 -0.085735 0.005911 -0.011765 0.014163 0.999812
3346 4617 0.451263 2.806641 -0.077959 0.039124 -0.003154 0.021659 0.998994
937 4202 -4.223969 0.153259 -0.015953 0.996238 -0.018444 -0.020385 0.082170
987 4244 -3.322769 0.042419 -0.074394 0.999991 -0.000867 -0.003416 0.001858
1828 4420 5.634308 -0.394287 -0.019379 0.999895 -0.005169 0.013437 0.001249
922 4188 -0.956726 -5.043274 0.077095 0.845929 -0.028018 -0.010598 0.532451
1007 4254 -5.371124 0.155457 -0.122707 0.999943 -0.004468 -0.007646 0.005886
1840 4424 -2.612091 -0.233093 0.001411 0.999955 -0.003333 0.008687 0.001613
3364 4603 3.448196 2.409180 -0.024682 0.004721 -0.017326 0.026931 0.999475
1812 4407 3.237671 -0.408142 0.087936 0.999682 -0.008743 0.008400 0.022109
3398 4579 5.394440 1.271545 0.014113 0.072880 -0.013464 0.006436 0.997228
922 4199 4.352814 0.046082 0.303200 0.968616 -0.021657 -0.017645 0.246983
1790 4394 3.575623 -4.210564 -0.028679 0.879855 0.014980 0.020356 0.474568
1989 4562 -2.063339 0.753723 -0.212799 0.999629 -0.010370 0.004191 -0.024829
948 4219 2.774841 -0.031982 0.058655 0.999869 0.001904 -0.014367 -0.007188
3362 4611 -5.068848 2.549377 -0.024866 0.010481 -0.011387 0.020119 0.999677
3365 4604 1.194199 2.432922 -0.020622 0.003407 -0.015702 0.024901 0.999559
1977 4552 -5.763062 0.801514 -0.265713 0.999993 -0.003203 0.001512 0.000718
1930 4517 5.228729 1.604919 0.543076 0.999772 -0.008857 0.002974 0.019212
3357 4607 4.665146 2.456055 -0.061099 0.004196 -0.013013 0.017600 0.999750
1974 4557 3.455429 0.810852 -0.166088 0.999969 -0.007308 -0.001939 -0.001922
2001 4566 -4.012543 0.766663 -0.232433 0.965085 -0.008662 0.001680 -0.261789
951 4222 3.496994 -0.059570 0.100365 0.999929 0.000378 -0.010363 -0.005707
1017 4258 -5.753540 0.239441 -0.085022 0.999991 -0.002729 -0.002538 0.001209
1819 4412 3.884644 -0.479004 0.042564 0.999953 -0.004493 0.008278 0.002069
1803 4397 -3.306152 -2.410461 0.088783 0.991385 0.010633 0.002140 0.130529
1859 4446 2.700287 0.158081 -0.079803 0.999971 -0.006366 0.003501 0.001967
1901 4482 -3.395905 0.963318 0.013107 0.999952 -0.004347 0.007616 0.004200
1859 4440 -5.344391 0.202759 -0.083992 0.999965 -0.005831 0.001389 0.005812
1851 4440 5.140381 0.075684 -0.035629 0.999938 -0.003839 0.009749 0.003710
1933 4520 5.180115 1.579712 0.480377 0.999782 -0.005391 0.005729 0.019316
1003 4254 -2.750137 0.146912 -0.061775 0.999963 -0.003431 -0.006165 0.004712
1924 4511 5.292786 1.449829 0.456329 0.999747 -0.004643 0.006409 0.021021
1016 4264 2.743088 0.272095 0.041260 0.999992 0.001058 -0.003070 0.002218
1980 4556 -3.212708 0.765076 -0.253525 0.999931 -0.011345 -0.000865 0.002888
1874 4462 4.641357 0.314209 -0.046883 0.999975 -0.001702 0.004755 0.004884
1904 4489 2.079559 1.054871 0.067703 0.999863 -0.008166 0.004631 0.013577
1995 4563 -4.325098 1.086609 -0.205925 0.993829 -0.005392 0.003049 -0.110749
1805 4399 -2.147644 -1.627502 0.127029 0.995150 0.006992 0.011335 0.097463
1871 4458 3.010376 0.255249 -0.061516 0.999972 -0.006767 0.001873 0.002624
1019 4265 2.632095 0.232666 0.035118 0.999969 -0.000774 -0.003711 -0.006738
1854 4443 5.277527 0.152710 -0.045792 0.999947 -0.003633 0.009277 0.002263
943 4215 2.817215 0.070679 -0.000343 0.999880 0.001017 -0.014393 -0.005413
1818 4406 -3.421143 -0.526550 0.076630 0.999975 -0.002677 0.006295 0.001860
1908 4494 3.518951 1.103027 0.081650 0.999867 -0.010312 0.006918 0.010556
1012 4257 -4.462219 0.184265 -0.094597 0.999961 -0.001851 -0.006924 0.005003
3386 4586 4.841705 2.450500 -0.085535 0.002248 -0.011375 0.013276 0.999844
1927 4508 -3.072601 1.366394 0.277756 0.999954 -0.006477 0.001860 -0.006845
1910 4490 -4.715118 1.205811 0.012756 0.999824 -0.007030 0.002309 -0.017241
1038 4268 -3.672363 -1.181824 0.061943 0.901370 -0.002144 -0.008802 -0.432952
1798 4398 1.728027 -2.052094 0.052109 0.971129 0.017527 0.013510 0.237524
925 4190 -2.632095 -3.852478 0.005714 0.893285 -0.026776 -0.010369 0.448570
987 4243 -4.598709 0.037964 -0.088909 0.999992 -0.000876 -0.003540 0.001024
920 4194 2.880890 -1.734863 0.240662 0.905670 -0.026979 -0.017385 0.422765
3349 4615 0.801178 2.690613 -0.062902 0.021136 -0.005417 0.024072 0.999471
1844 4432 3.277924 -0.140076 -0.012985 0.999978 0.000938 0.005655 0.003188
1035 4268 -1.764709 -1.550903 0.055199 0.938438 -0.002707 -0.004595 -0.345403
931 4208 5.345917 0.326721 0.023949 0.999771 -0.001226 -0.018299 0.010988
1830 4419 2.099487 -0.378357 0.021194 0.999969 -0.004756 0.006141 0.000733
923 4193 0.205734 -2.418152 0.113083 0.917361 -0.026249 -0.014069 0.396937
1925 4505 -4.524445 1.173401 0.109581 0.999913 -0.003042 0.006191 -0.011207
3347 4616 1.011292 2.731079 -0.069310 0.029575 -0.002565 0.022102 0.999314
1903 4485 -2.026215 1.003418 0.022583 0.999975 -0.004960 0.002223 0.004284
931 4207 4.454025 0.344116 0.044235 0.999770 -0.003336 -0.015334 0.014520
970 4229 -5.945572 -0.012817 -0.113113 0.999952 0.009566 -0.001486 -0.000876
1800 4395 -3.499023 -3.689972 0.049324 0.981104 0.012395 0.001818 0.193073
990 4252 4.342712 0.096130 0.059963 0.999965 -0.002107 -0.007125 0.003528
1899 4480 -3.440796 0.904907 -0.003433 0.999948 -0.006109 0.005405 0.006080
3373 4599 -0.078522 2.361450 -0.008154 -0.001506 -0.011450 0.019004 0.999752
1944 4523 -5.570282 1.624512 0.336670 0.999763 0.001028 0.000079 -0.021732
971 4237 3.083771 -0.006104 0.051163 0.999958 0.000507 -0.008161 0.003995
995 4248 -4.940979 0.074036 -0.146236 0.999939 0.001765 -0.009789 0.004632
1973 4557 4.434219 0.831116 -0.148705 0.999960 -0.008271 -0.002519 -0.002168
1902 4489 4.779938 1.106689 0.074356 0.999675 -0.010312 0.005778 0.022572
950 4222 4.412430 -0.075256 0.113060 0.999941 0.001173 -0.009039 -0.005734
1042 4270 -4.967957 -2.538239 0.212593 0.841959 -0.005602 -0.008786 -0.539439
1990 4566 2.365814 0.411560 -0.199577 0.999230 -0.017211 -0.000399 -0.035262
1985 4558 -4.493073 0.769958 -0.252388 0.999896 -0.013946 0.003644 0.000285
1873 4454 -5.366852 0.235718 -0.154755 0.999991 0.001815 0.002666 0.002792
1905 4485 -4.738495 1.084534 -0.006912 0.999979 -0.003130 0.000328 -0.005512
982 4247 5.116516 0.037781 0.067356 0.999944 0.001589 -0.009444 0.004432
1905 4490 2.091217 1.069641 0.076134 0.999879 -0.008760 0.003839 0.012246
951 4221 2.323776 -0.044556 0.071945 0.999889 0.000432 -0.013405 -0.006362
1828 4419 4.279419 -0.396118 -0.003151 0.999908 -0.006014 0.012076 0.000741
955 4226 4.579834 -0.069214 0.114311 0.999900 -0.000296 -0.012889 -0.005728
947 4212 -3.717758 0.197937 -0.047836 0.999661 -0.000910 -0.024312 -0.009203
947 4220 4.799149 -0.069519 0.109772 0.999871 0.002927 -0.014335 -0.006522
983 4240 -4.728729 0.032837 -0.109451 0.999940 0.002047 -0.010621 -0.000430
1811 4407 4.071991 -0.327148 0.090630 0.999424 -0.010920 0.009152 0.030810
1023 4267 3.390625 -0.187378 0.032898 0.998916 -0.003598 -0.002573 -0.046333
1913 4498 2.205658 0.991211 0.078819 0.999962 -0.007806 0.001975 -0.003231
3408 4576 2.255585 -2.424988 0.047876 0.322661 -0.012457 0.001439 0.946431
1925 4506 -3.109314 1.218323 0.190903 0.999938 -0.004516 0.007756 -0.006495
982 4245 2.552429 0.028870 0.019310 0.999966 0.001088 -0.007500 0.002947
1999 4571 2.939407 -2.032288 0.100357 0.979087 -0.023807 -0.002205 -0.202033
1920 4500 -4.642578 1.077271 0.048210 0.999809 -0.002713 0.007010 -0.018047
1031 4271 4.225372 -3.216492 0.075867 0.972579 -0.004861 -0.002211 -0.232510
1853 4441 3.901306 0.122986 -0.034782 0.999930 -0.005347 0.009905 0.003391
1010 4256 -4.609161 0.171875 -0.104420 0.999957 -0.002338 -0.007306 0.005120
1806 4397 -5.599030 -2.026245 0.144005 0.995750 0.001952 0.003562 0.092009
3373 4598 1.219315 2.347107 0.012262 -0.000318 -0.016224 0.017336 0.999717
1015 4265 4.592392 0.290039 0.076717 0.999978 0.003437 -0.003384 0.004363
1962 4547 3.950089 1.545410 -0.078102 0.999950 -0.008580 0.001133 0.004920
3332 4625 0.549881 5.276062 -0.017545 0.283244 0.006581 0.017079 0.958872
1993 4570 5.541183 -0.490173 0.060059 0.996952 -0.021842 -0.008182 -0.074453
1826 4416 2.332764 -0.432312 0.022163 0.999977 -0.002817 0.006139 0.000742
962 4230 2.951218 -0.073730 0.056992 0.999990 0.002883 -0.001456 -0.002779
1885 4473 5.339661 0.636108 0.071419 0.999894 -0.004169 0.000823 0.013885
1900 4486 3.364594 1.004822 0.050636 0.999758 -0.009987 0.003752 0.019213
1924 4505 -3.150391 1.119995 0.102798 0.999962 -0.002472 0.004521 -0.006976
1938 4517 -5.716522 1.724609 0.442886 0.999701 -0.007705 0.003086 -0.023009
3404 4582 -1.752762 1.856995 -0.104786 0.210088 -0.023006 0.013994 0.977311
1021 4268 5.698181 -0.007385 0.088493 0.999769 -0.001585 -0.004169 -0.020986
1953 4533 -3.650146 1.500366 0.180027 0.999987 -0.004237 -0.000122 -0.002580
1980 4555 -4.495926 0.763062 -0.267151 0.999927 -0.011533 0.001032 0.003353
1835 4419 -3.509857 -0.321777 0.031479 0.999936 -0.004326 0.010405 0.000300
3374 4602 -4.954727 2.339966 0.001009 -0.007233 -0.009664 0.016840 0.999784
1912 4492 -4.724518 1.206238 0.011749 0.999748 -0.005418 -0.002497 -0.021608
966 4227 -4.618851 0.021423 -0.096153 0.999952 0.001463 -0.008544 -0.004335
1951 4537 4.177261 1.474915 0.156521 0.999854 -0.005539 0.003126 0.015837
1939 4525 3.777618 1.481262 0.364655 0.999868 -0.009768 0.003685 0.012410
938 4212 3.810867 0.127747 -0.029861 0.999738 0.000342 -0.022512 -0.004064
1959 4538 -4.260071 1.621826 0.037846 0.999964 -0.008328 0.000948 -0.000947
1015 4260 -2.111954 0.217590 -0.038944 0.999991 -0.001726 -0.001765 0.003350
925 4192 -1.729980 -2.943726 0.029976 0.916839 -0.028118 -0.011631 0.398094
1884 4471 3.888489 0.616089 0.081741 0.999909 -0.006252 -0.003469 0.011438
1806 4405 5.193237 -0.149048 0.103706 0.996773 -0.005520 0.005543 0.079888
1835 4420 -2.154999 -0.321106 0.019791 0.999924 -0.003481 0.011765 0.000811
931 4197 -3.260010 -0.991394 -0.082077 0.973595 -0.019579 -0.028014 0.225707
972 4239 4.625885 0.010254 0.087860 0.999925 -0.002472 -0.011256 0.004020
3371 4601 -0.724594 2.378235 -0.005997 0.000499 -0.005669 0.020324 0.999776
966 4228 -3.365555 0.003845 -0.070572 0.999965 0.002168 -0.007212 -0.003254
3362 4603 5.342178 2.403137 -0.025206 0.004841 -0.017190 0.026459 0.999489
1801 4395 -4.334106 -3.492706 0.034752 0.985291 0.011461 -0.000731 0.170496
3386 4593 -4.284439 2.414307 0.024414 -0.021322 -0.008678 0.016412 0.999599
1038 4270 -1.971436 -3.270447 0.135132 0.900492 -0.002786 -0.007223 -0.434802
