idx1 idx2 t_1 t_2 t_3 q_1 q_2 q_3 q_4
2463 3406 -7.294434 0.254982 -0.078778 0.999778 -0.010763 0.008187 0.016176
148 1603 8.978214 0.513443 -0.619444 0.999847 -0.016686 -0.002599 0.004673
2466 3410 -7.590271 0.368530 -0.084522 0.999668 -0.018204 0.014964 0.010443
599 3568 8.037048 -0.259591 -0.414067 0.999193 0.003924 0.001155 -0.039970
942 3852 8.770782 -2.112274 -0.583362 0.995423 0.004787 -0.000077 -0.095453
186 1619 -6.999315 0.433029 -0.962147 0.999847 -0.002650 -0.006077 0.016173
160 1611 6.012501 0.239281 -0.733691 0.998969 -0.006107 0.002321 -0.044933
375 3380 5.424530 -4.655807 0.161152 0.857525 0.010674 0.008761 0.514257
692 3646 9.936859 -0.245468 -0.487661 0.999991 0.000073 -0.000181 -0.004171
397 2462 8.829910 0.070190 0.346026 0.999952 0.009279 0.003111 -0.000109
744 3665 -7.265854 2.710754 -1.214836 0.890373 0.003091 -0.024450 -0.454565
659 3602 -9.322479 0.266604 -0.519276 0.999904 0.010395 -0.002057 -0.008975
424 2477 3.914963 -8.947845 0.364081 0.916595 0.047482 -0.018296 -0.396566
2346 3272 -2.684036 -5.754990 0.054411 0.807734 -0.012401 -0.007698 0.589366
377 3390 7.742294 -1.422928 0.285840 0.961268 0.015431 -0.004283 0.275150
385 3371 -2.995911 -8.375626 0.424731 0.754443 -0.000625 0.019124 0.656086
392 2455 6.771469 0.092949 0.495874 0.999972 -0.000808 -0.003691 0.006401
57 4510 8.563671 0.008425 0.342652 0.999982 0.002848 -0.005182 0.000096
376 3386 6.674210 -2.505135 0.166711 0.927048 0.004544 0.009875 0.374786
602 3549 -6.934464 -0.619547 -0.410486 0.967500 -0.013256 -0.002203 0.252514
1409 3554 -3.227737 8.450302 0.851309 0.266209 0.003034 -0.001081 0.963910
897 3817 6.461967 -0.418945 -0.768460 0.999982 0.000124 -0.002473 0.005478
77 4512 -6.930443 -0.092582 0.056824 0.999861 0.004784 -0.010464 -0.012043
753 3705 7.819115 0.016846 -0.784213 0.995895 -0.004069 -0.005513 0.090254
2435 3396 6.358727 -2.327271 0.017365 0.962429 0.015961 -0.011945 -0.270802
723 3651 -9.350739 -0.149040 -0.826850 0.999892 0.001359 0.002856 -0.014345
771 3720 9.388659 -0.654694 -0.896967 0.999973 0.001520 0.001665 -0.007058
1407 3536 5.567856 6.942444 0.864013 -0.176948 0.011036 -0.005602 0.984142
933 3847 8.488922 -0.154938 -0.641979 0.999934 0.000049 -0.004320 -0.010655
505 3507 6.918684 -0.619751 -0.150409 0.999966 -0.001256 0.002063 -0.007856
584 3515 -7.313217 -3.690445 -0.487885 0.930754 -0.022326 -0.000566 0.364964
2335 3266 4.832413 -7.776581 0.212709 0.687533 -0.025231 0.000205 0.725715
584 3517 -6.698654 -3.140869 -0.470070 0.933984 -0.020705 -0.001880 0.356710
685 3639 9.592529 -0.202075 -0.467375 0.999943 0.010185 0.002764 -0.001433
590 3524 -6.509445 -3.832977 -0.353839 0.866997 -0.015862 -0.006630 0.498017
517 3534 9.458386 -1.157822 -0.156651 0.988941 0.008222 -0.007617 -0.147888
919 3824 -6.130264 -0.415283 -0.945639 0.999923 -0.001384 -0.004298 0.011537
760 3691 -5.832560 -1.338196 -0.917924 0.998367 0.019805 0.000914 -0.053584
801 3729 -7.858007 -0.138550 -1.021246 0.999888 0.002516 -0.000108 -0.014763
495 3497 6.153749 -0.418991 -0.186500 0.999877 -0.015398 0.002923 -0.000093
30 4484 6.062038 0.032076 0.408803 0.999770 0.008621 0.001028 0.019621
458 3451 -7.533401 -0.803391 -0.127975 0.999968 -0.007701 0.001946 -0.000761
103 1556 8.022636 3.398500 -0.627866 -0.493900 -0.019448 -0.001342 0.869300
436 2474 -7.413483 -5.731018 0.488719 0.754510 0.035603 -0.025416 -0.654829
441 3426 -8.307064 2.132751 0.164220 0.891831 0.001899 0.002747 -0.452356
513 3525 9.622334 -0.837189 -0.125060 0.997824 0.005973 -0.004928 -0.065476
748 3666 -8.059235 4.231354 -1.119892 0.822410 -0.006344 -0.018364 -0.568563
608 3552 -9.848434 -0.216386 -0.438339 0.985038 -0.009316 0.000270 0.172084
591 1405 -2.852341 7.129547 -1.347711 -0.287757 -0.002739 0.008130 0.957665
2330 3271 8.713783 -4.313629 0.291851 0.686835 -0.024825 0.010042 0.726320
392 2431 -7.060043 -5.058044 0.442436 0.860264 -0.024442 0.006680 0.509219
463 3458 -6.411961 -0.848297 -0.194971 0.999983 -0.004012 -0.001722 -0.003870
833 3771 7.812111 0.092529 -0.875149 0.998976 -0.003962 -0.009852 0.043988
416 3442 7.851089 6.068298 -0.724253 0.845521 -0.023695 0.016452 0.533162
8 4447 -6.523075 0.960181 0.332931 0.984195 -0.000275 -0.005495 -0.177004
754 3678 -7.865192 1.123657 -0.976549 0.876295 0.011847 -0.001226 -0.481628
27 4484 8.902864 0.026514 0.428134 0.999802 0.009097 0.001627 0.017594
1397 3546 6.846504 5.128632 1.038251 0.242301 -0.008615 0.002512 0.970160
572 1410 8.318527 3.896179 -1.185946 0.318973 0.008468 -0.011776 0.947653
2379 3316 -7.176971 -0.254395 -0.093768 0.999855 0.000761 -0.008870 -0.014512
207 1628 -7.832199 5.108570 -0.900490 0.921545 -0.005505 0.007252 -0.388166
2462 3400 -9.689758 0.077217 -0.156041 0.997206 -0.015674 -0.000215 0.073040
924 3841 8.165436 0.044556 -0.649411 0.999872 -0.011062 -0.004120 0.010791
772 3703 -6.754721 -1.063629 -1.079923 0.998799 0.018849 -0.007505 0.044600
802 3743 6.500286 -0.563232 -0.855128 0.999943 0.000838 0.001316 -0.010600
523 3535 6.982182 -1.002991 -0.170099 0.988705 0.008064 -0.013925 -0.149005
215 1641 -6.262100 -2.640129 -1.068966 0.730695 0.009211 -0.003326 -0.682634
558 3550 7.286669 -4.201080 -0.482869 0.870091 0.007861 0.008042 -0.492763
217 1641 -7.402596 -2.218044 -1.060711 0.706469 0.009978 -0.000322 -0.707673
2345 3270 -2.256866 -6.534698 0.034796 0.782724 -0.019060 -0.012348 0.621955
2422 3381 6.020283 -1.950272 -0.024516 0.972408 -0.009575 -0.011645 -0.232800
433 3419 -6.812211 3.308014 0.306553 0.856088 0.034580 -0.017771 -0.515365
440 3423 -8.664951 3.127716 0.289830 0.851695 0.014189 -0.008567 -0.523776
2 4460 7.586025 0.378207 0.538174 0.999881 0.002284 -0.007891 0.013052
734 3688 7.120819 1.883827 -0.858336 0.882926 0.009335 0.012691 0.469248
753 3706 8.607994 0.157806 -0.769330 0.996160 -0.006671 -0.005625 0.087116
581 1414 2.097672 7.028122 -1.102531 0.256584 0.002020 -0.008931 0.966479
524 585 9.399826 -2.767853 0.189185 0.922617 0.019120 -0.000657 -0.385243
447 3433 -9.287430 0.312027 -0.025248 0.967757 0.006748 0.011683 -0.251525
35 4474 -9.323153 -0.303111 0.189912 0.999941 0.002276 -0.006997 0.007996
499 3487 -7.156780 -0.457428 -0.456711 0.999878 0.010288 0.001348 -0.011674
780 3726 8.032856 -0.365326 -0.809319 0.999981 -0.003971 -0.004365 0.001930
508 3515 9.562130 -0.678116 -0.113797 0.999723 0.001807 0.004536 -0.023020
111 1575 7.152699 -2.397526 -0.668256 0.921192 0.006715 -0.008647 -0.388955
2451 3389 -6.915146 -1.065002 -0.066487 0.967735 -0.010320 0.010778 0.251529
581 1418 0.535080 8.325378 -1.078044 0.361191 0.004001 -0.003378 0.932477
2332 3267 7.272163 -6.635880 0.311784 0.658615 -0.027104 0.005865 0.751969
2471 3419 -7.110077 0.965454 -0.411340 0.993490 -0.013579 0.003082 0.113066
422 2454 -8.738045 4.338943 0.373201 0.939287 0.026344 0.001669 -0.342117
442 3454 6.113312 -0.427612 -0.268715 0.999990 0.002132 -0.003116 0.002451
2364 3295 -9.044312 -0.186905 0.124569 0.996231 -0.020435 0.004739 0.084159
568 3551 6.466791 -4.276596 -0.588775 0.868046 0.007018 0.014774 -0.496214
534 3542 5.824740 -1.677216 -0.309449 0.963670 0.007105 0.004488 -0.266965
932 3845 6.938309 -0.049866 -0.692423 0.999966 -0.006669 -0.000726 -0.004731
402 3393 -7.492569 -0.593330 0.041195 0.980846 -0.015357 -0.003093 0.194153
133 1592 9.586751 -0.088669 -0.710995 0.999440 0.016050 0.000521 -0.029369
414 3401 -9.284698 2.292542 0.225015 0.996323 -0.013258 -0.004020 -0.084545
540 3546 6.464425 -2.734192 -0.375319 0.927289 0.009427 0.005337 -0.374189
784 3712 -9.831448 -0.628662 -1.010125 0.999731 -0.002735 -0.003859 0.022687
563 3508 -6.697825 -0.620483 -0.302746 0.998227 -0.009982 0.013895 0.057003
531 582 6.453569 -1.645142 0.144722 0.958985 0.013707 0.002757 -0.283111
861 3788 6.778778 -0.497375 -0.975567 0.999773 -0.006371 0.001221 -0.020303
949 3854 5.790340 -5.686157 -0.532722 0.961101 -0.000767 0.000702 -0.276194
895 3816 7.247711 -0.407379 -0.847172 0.999971 0.001889 0.001073 0.007255
1563 4528 1.387798 -9.099876 1.116540 0.513971 -0.009752 0.006918 0.857724
590 3527 -6.130463 -3.249138 -0.355521 0.877543 -0.012812 -0.010567 0.479209
588 1406 -0.490417 7.177834 -1.215631 -0.176869 -0.000850 -0.000092 0.984234
452 3463 7.191349 -0.737564 -0.281122 0.999969 0.006914 0.003579 -0.000988
66 4502 -9.357212 0.070129 0.173525 0.999974 -0.006801 -0.000178 -0.002280
2451 3418 8.360809 0.209404 -0.164331 0.997598 0.015350 0.013594 0.066160
497 3483 -9.874290 -0.387299 -0.453848 0.999843 0.008799 -0.003438 -0.014959
589 1405 -1.042969 7.272865 -1.272310 -0.230178 -0.002348 0.003880 0.973138
745 3669 -6.333862 1.375824 -1.079832 0.887759 -0.003311 -0.022289 -0.459756
2333 3278 7.356895 -2.413773 0.179546 0.825007 -0.012374 0.014629 0.564798
840 3757 -8.538845 0.203613 -1.099377 0.999512 -0.006839 0.004174 -0.030178
858 3787 7.938179 -0.555298 -0.924731 0.999662 -0.004256 -0.008990 -0.024038
470 3461 -9.916618 -0.722687 -0.226675 0.999898 -0.005742 -0.006028 -0.011633
624 3587 8.302765 0.130434 -0.527537 0.999994 0.001382 0.001472 -0.002807
1416 3550 -7.186340 5.887230 0.864048 -0.054371 0.005227 -0.001463 0.998506
742 3700 8.673920 4.490448 -0.746408 0.902506 -0.011401 -0.005943 0.430486
16 4453 -9.731912 0.161079 0.329261 0.997354 0.008847 -0.003008 -0.072097
1419 3543 -6.788330 5.900246 0.768313 -0.343689 0.001879 -0.001268 0.939081
388 3404 7.332031 0.212288 0.398664 0.999552 0.004449 -0.006666 0.028842
544 3553 8.003956 -5.737747 -0.488079 0.821397 0.011869 0.004400 -0.570217
685 3637 7.245178 -0.188502 -0.510040 0.999968 0.007768 -0.000782 -0.001979
575 3558 7.172653 -6.880508 -0.575468 0.819580 0.006229 0.006085 -0.572898
762 3689 -8.270800 -1.160675 -0.911191 0.993217 0.020293 -0.002568 -0.114464
2473 3432 -4.183517 4.651878 -1.091843 0.878883 -0.051398 0.017116 0.473951
34 4488 6.548056 0.183453 0.420694 0.999761 0.005265 -0.002170 0.021127
568 3552 6.690474 -4.732361 -0.606570 0.852423 0.007680 0.014542 -0.522594
608 3554 -8.724731 0.052589 -0.455217 0.993327 -0.009128 -0.003553 0.114915
376 2430 3.778229 -5.787323 0.392859 0.836306 0.004539 0.003716 0.548232
555 3550 7.366256 -4.209564 -0.475766 0.870046 0.008176 0.007565 -0.492844
529 3503 -8.116781 -0.888916 -0.525475 0.999115 -0.007219 -0.000592 0.041423
65 4502 -8.441093 0.062100 0.132289 0.999967 -0.007378 -0.003021 -0.001758
115 4540 0.654144 9.233383 0.412860 0.855675 0.011500 0.000827 0.517385
2423 3356 -6.645924 -1.505112 -0.222204 0.996198 0.001043 0.000495 0.087112
580 1401 7.287430 5.460831 -1.267948 -0.036218 -0.004714 -0.001638 0.999331
151 1606 9.144758 0.422493 -0.616794 0.999716 -0.018114 -0.001163 -0.015451
12 4447 -9.951765 0.920568 0.322174 0.983469 0.000256 -0.002996 -0.181052
2337 3284 6.537872 -1.350616 0.042476 0.933591 -0.003540 0.007092 0.358254
935 3846 6.230881 -0.194366 -0.639444 0.999874 -0.002213 -0.006585 -0.014291
757 3706 6.170146 -0.750519 -0.708512 0.999384 0.000607 -0.013877 0.032233
1416 3530 -1.390656 9.135010 0.820003 -0.488669 0.015481 -0.010989 0.872262
578 3555 6.098503 -4.242447 -0.425636 0.883798 0.003089 -0.001238 -0.467858
519 577 9.311765 -1.298492 0.211447 0.981629 0.016951 -0.005200 -0.189975
370 2433 8.672516 -4.247002 0.552480 0.879193 -0.005780 0.002028 0.476426
99 4520 -9.791115 -1.990785 -0.091785 0.995794 0.001412 -0.008272 0.091236
387 3406 9.087265 0.223831 0.505319 0.999770 0.009385 -0.003980 0.018846
2431 3397 8.170799 -4.647919 -0.026082 0.915497 0.015035 -0.007840 -0.401967
108 1575 7.683235 -3.931591 -0.707355 0.880430 0.004361 -0.006249 -0.474114
206 1647 2.755707 -8.497057 -0.901778 0.874956 0.004748 0.012567 -0.484017
415 3405 -7.588364 2.112701 0.281963 0.989288 -0.006277 0.000923 -0.145841
725 3680 8.005432 1.175030 -0.736510 0.949136 -0.008118 0.024586 0.313801
2354 3308 9.698151 -0.318085 0.062739 0.999693 0.014044 -0.009588 -0.018012
2345 3265 -2.668381 -8.689789 0.007774 0.730609 -0.025891 -0.015603 0.682126
527 584 8.114325 -2.288177 0.171246 0.937331 0.016782 0.001717 -0.348033
2349 3273 -4.701843 -5.342194 0.164115 0.820372 -0.009459 0.002060 0.571748
2377 3313 -8.059830 -0.088226 -0.132404 0.999898 -0.003896 -0.002651 -0.013455
2349 3269 -5.284256 -6.930710 0.173559 0.770992 -0.020073 -0.002632 0.636524
547 3547 6.648542 -3.030670 -0.432039 0.914724 0.007537 0.005788 -0.403967
612 3578 8.645752 0.187900 -0.451623 0.999986 0.002404 -0.004421 -0.001677
372 2430 6.469284 -5.712021 0.466313 0.833511 0.000526 -0.004249 0.552487
2369 3319 5.985947 -0.391983 0.167707 0.999945 0.002846 -0.009562 -0.003294
2464 3408 -7.019608 0.310921 -0.052438 0.999711 -0.017598 0.013177 0.009697
390 2433 -4.972870 -4.196877 0.491951 0.888978 -0.023506 0.010963 0.457216
120 4535 -4.737726 3.734009 0.258611 0.795725 -0.008047 0.006104 0.605573
2405 3361 8.816254 -0.936295 0.088896 0.999838 -0.002950 0.004866 -0.017105
1419 3533 -4.671371 8.198586 0.732208 0.524604 -0.013462 0.005652 -0.851221
391 3406 6.352112 0.276390 0.417924 0.999849 0.000414 -0.003830 0.016962
1405 3556 -0.910599 9.600861 0.791204 0.407158 -0.002092 0.004150 0.913346
0 4419 -6.809825 7.041120 0.032104 0.854164 -0.002531 -0.019850 -0.519619
824 3763 7.039223 -0.208435 -0.858736 0.999840 0.009891 -0.002383 0.014683
735 3658 -8.234406 1.865295 -1.050764 0.977439 0.008937 -0.008446 -0.210862
678 3619 -7.749634 0.086804 -0.618031 0.999991 0.000731 -0.001238 -0.004039
381 3368 -0.428696 -9.883133 0.264912 0.723953 0.005538 0.008233 0.689778
1414 3543 -2.451950 6.975449 0.869550 -0.215471 0.001809 -0.007040 0.976483
595 1390 -4.312332 8.897736 -1.431593 0.542811 0.007746 -0.005596 -0.839801
2351 3302 7.305679 -0.147537 0.112666 0.999965 0.007053 -0.004320 -0.001178
1574 4535 -8.803776 -0.270325 1.172391 0.670866 0.002376 0.010828 0.741496
843 3778 8.375732 -0.131378 -0.970156 0.999874 -0.008797 0.010856 0.007465
192 1622 -7.771744 0.991364 -0.934479 0.999828 -0.000764 -0.001770 -0.018441
662 3605 -8.609222 0.227981 -0.507810 0.999911 0.008988 0.002475 -0.009573
689 3640 6.495972 -0.228573 -0.568996 0.999960 0.006195 0.006189 -0.001632
51 4489 -9.578060 0.028149 0.064562 0.999908 0.002036 -0.003946 0.012834
2 4429 -7.193007 4.965880 0.111538 0.890285 -0.009486 -0.024638 -0.454638
576 3511 -7.514290 -1.898224 -0.358109 0.983511 -0.018699 0.010991 0.179545
76 4523 6.939606 -0.414024 0.535981 0.999848 0.005817 -0.012873 -0.010182
2352 3270 -7.510651 -6.530228 0.096083 0.781866 -0.023761 -0.006391 0.622961
52 4507 9.932816 0.076890 0.385668 0.999974 0.006667 0.001954 0.001641
709 3659 6.166992 -0.525280 -0.539298 0.999821 0.000839 -0.002243 -0.018741
216 1645 -6.880516 -5.965710 -1.113482 0.700786 0.019361 0.004715 -0.713093
67 4516 6.264046 -0.160709 0.364607 0.999988 -0.002023 0.000878 -0.004382
678 3620 -6.476166 0.070473 -0.606153 0.999990 -0.000036 -0.002282 -0.003872
527 3504 -6.704851 -0.764038 -0.491682 0.999315 -0.005421 -0.001445 0.036582
161 1594 -9.371853 0.539932 -0.817729 0.999721 0.017648 0.003961 -0.015219
397 3418 8.839081 0.816246 0.247784 0.994857 0.008724 0.010170 0.100397
576 1404 8.603081 3.993362 -1.347711 0.113368 0.003932 0.001456 0.993544
764 3712 6.755915 -0.732147 -0.834426 0.999926 -0.011157 0.001219 -0.004729
92 4532 7.227768 -0.449289 0.418142 0.999988 -0.002930 -0.003976 -0.000095
671 3613 -7.864716 0.189236 -0.494525 0.999975 -0.000072 0.000015 -0.007114
579 3513 -7.185898 -2.357376 -0.472507 0.970700 -0.020040 0.003924 0.239424
1404 3542 5.470413 5.958405 0.898144 0.021577 -0.003898 -0.001382 0.999759
375 3374 4.339264 -7.111382 0.235421 0.779422 0.016039 0.017291 0.626055
816 3741 -7.966492 -0.577026 -1.091701 0.999780 0.003948 -0.000426 0.020615
885 3793 -9.781090 -0.308350 -1.029824 0.999978 -0.004051 -0.001614 0.004927
2452 3416 6.556992 0.207443 -0.081694 0.998964 0.017140 0.006785 0.041611
487 3476 -9.337399 -0.691330 -0.282371 0.999937 -0.008891 -0.005601 0.003945
719 3671 6.858032 -0.318680 -0.596311 0.998501 -0.006020 -0.001126 0.054396
2418 3350 -8.599808 -1.085999 -0.217598 0.999663 0.004882 -0.000871 0.025478
111 1574 6.766270 -1.971874 -0.676077 0.919428 0.004627 -0.009442 -0.393119
2369 3303 -8.555527 0.039169 -0.148945 0.999864 -0.004602 -0.005094 0.015018
589 3527 -5.849060 -2.936638 -0.354266 0.891729 -0.010446 -0.010555 0.452326
1398 3549 5.470215 6.097855 0.984257 0.327393 -0.004840 0.000276 0.944876
590 3560 6.146347 -1.689713 -0.394059 0.976644 0.007063 -0.002391 -0.214736
518 3536 9.433677 -1.311966 -0.166836 0.984201 0.011138 -0.012022 -0.176293
116 1578 7.201828 -1.272041 -0.659038 0.968029 0.008621 -0.003478 -0.250664
588 1410 -1.991699 6.893440 -1.155746 -0.074738 0.001429 -0.004701 0.997191
536 593 8.058206 -5.423050 -0.021661 0.817748 0.015671 0.000413 -0.575362
1410 3538 2.686752 7.491135 0.862315 -0.217691 0.006728 -0.004005 0.975986
810 3751 7.846134 -0.555634 -0.819525 0.999938 0.001221 0.001620 -0.010915
642 3590 -6.683075 0.391160 -0.595658 0.999957 0.000977 -0.001925 -0.009001
590 1412 -4.506363 6.476906 -1.242547 -0.078833 0.001773 0.002444 0.996883
385 2425 -3.432022 -8.379593 0.530407 0.775212 -0.002960 0.017693 0.631446
1419 3535 -4.917709 7.801567 0.730641 0.500291 -0.017674 0.000929 -0.865676
185 1617 -8.068901 0.366501 -0.984461 0.999802 -0.003073 -0.004397 0.019136
630 3577 -9.373749 0.373590 -0.439756 0.999988 -0.001093 0.000802 -0.004707
537 3551 7.915581 -4.757492 -0.390924 0.853732 0.013382 0.003655 -0.520528
2427 3389 6.779480 -3.164429 -0.036682 0.939249 -0.008492 -0.011465 -0.342940
887 3810 8.186623 -0.415375 -0.854604 0.999900 -0.002488 0.002591 0.013683
156 1593 -6.127970 0.531013 -0.755796 0.999658 0.012257 0.003647 -0.022810
593 1398 -3.193802 8.067028 -1.463456 -0.446655 -0.002534 0.007451 0.894671
597 3541 -6.599548 -2.102587 -0.361858 0.899773 -0.011430 -0.000287 0.436208
444 3435 -6.473579 -0.058914 -0.084304 0.982422 0.012051 0.008753 -0.186076
472 3466 -6.991611 -0.759186 -0.171880 0.999944 -0.004439 -0.007710 -0.005783
423 2457 -7.334747 3.241959 0.280839 0.925573 0.038207 -0.010045 -0.376503
528 3541 6.904454 -1.664642 -0.217163 0.967282 0.010869 -0.001354 -0.253466
839 3776 8.788834 0.016388 -0.880509 0.999711 -0.007038 -0.005873 0.022219
41 4480 -9.166973 -0.141787 0.182852 0.999904 -0.002006 -0.002722 0.013444
455 3466 7.697803 -0.791107 -0.242783 0.999978 0.004566 -0.002077 0.004389
2395 3348 8.382721 -0.671768 0.083274 0.999964 -0.002620 0.005535 0.005854
2415 3348 -8.500908 -0.779037 -0.254366 0.999976 0.004235 -0.003247 0.004478
2459 3429 6.765030 3.386559 -0.605262 0.918562 -0.038484 0.014368 0.393138
828 3751 -7.052834 -0.261230 -1.076311 0.999811 -0.010802 0.004143 0.015605
2454 3421 7.571182 0.942131 -0.048170 0.987818 0.005945 -0.002926 0.155475
583 1394 6.508652 6.962540 -1.270205 -0.193500 -0.016044 0.005273 0.980955
122 1583 8.029360 -0.711021 -0.647858 0.989769 0.012781 -0.004395 -0.142040
210 1644 -2.227371 -6.240044 -0.874242 0.806215 0.004155 0.003526 -0.591597
152 1607 9.187214 0.381233 -0.663686 0.999631 -0.015886 0.003073 -0.021840
736 3694 7.960510 4.183975 -0.855905 0.827451 -0.002326 0.007693 0.561480
2472 3434 -2.861191 5.498474 -1.228946 0.845495 -0.041711 0.018222 0.532040
1419 3536 -5.066299 7.585205 0.730721 -0.486478 0.017319 0.001561 0.873520
446 3432 -9.041954 0.551773 0.014828 0.958744 0.002611 0.016813 -0.283760
588 1403 0.411118 7.518410 -1.272349 -0.239773 -0.002065 0.001659 0.970825
200 1645 7.079758 -5.103455 -0.771358 0.952477 0.008880 0.006368 -0.304415
207 1631 -5.979355 3.142624 -0.888691 0.915775 -0.013233 0.008588 -0.401381
1386 3552 7.650635 5.995041 1.119743 0.497254 -0.012520 -0.000185 0.867515
888 3797 -8.018303 -0.259888 -0.967777 0.999912 -0.008856 0.001905 -0.009655
831 3753 -7.010170 -0.139893 -1.140961 0.999907 -0.012329 0.002193 0.005452
1541 4540 5.361755 2.707484 1.176088 0.017014 -0.014215 0.042635 0.998845
680 3632 6.505554 -0.134440 -0.514832 0.999968 0.006703 0.002294 -0.003581
1571 4540 -7.936178 4.972565 1.034008 0.654901 0.005734 0.009568 0.755633
511 3516 8.116812 -0.620850 -0.169600 0.999718 0.002286 0.005239 -0.023049
178 1610 -9.050003 0.206772 -0.914788 0.999196 -0.002775 0.000068 0.039990
422 3441 6.445465 2.961227 -0.301375 0.928191 -0.000633 -0.002372 0.372095
1562 4531 0.627331 -6.011086 1.134361 0.489457 -0.012392 0.002314 0.871937
822 3760 6.021729 -0.249237 -0.849019 0.999945 0.007095 -0.003326 0.006995
604 3546 -9.475861 -1.424345 -0.366340 0.935140 -0.012760 0.002318 0.354041
657 3600 -9.785980 0.312826 -0.574578 0.999931 0.007463 -0.003333 -0.008387
190 1619 -9.357136 0.771080 -0.985992 0.999983 -0.002019 -0.005034 -0.002289
572 3510 -7.154922 -1.228012 -0.355567 0.992811 -0.009749 0.011542 0.118738
724 3655 -6.189789 -0.202895 -0.778369 0.999667 0.002995 0.006784 -0.024710
157 1610 7.621201 0.267097 -0.686098 0.999159 -0.010417 0.001837 -0.039621
422 3446 8.321625 5.106110 -0.294616 0.911667 -0.004468 -0.009340 0.410799
679 3632 7.580383 -0.136064 -0.484478 0.999960 0.008110 0.001350 -0.003461
904 3825 8.764023 -0.443573 -0.741184 0.999972 -0.001169 -0.003351 0.006546
521 3500 -7.745231 -0.776352 -0.552393 0.999799 -0.002195 -0.001359 0.019892
2354 3276 -8.076035 -4.338654 0.161842 0.853843 -0.005236 0.005601 0.520475
2358 3312 9.836929 -0.320282 0.101912 0.999915 0.006177 -0.000658 -0.011471
175 1607 -9.329742 0.219757 -0.901876 0.999029 -0.002602 0.000254 0.043969
2347 3267 -3.968353 -7.785721 0.074698 0.748403 -0.021371 -0.007215 0.662861
849 3764 -7.776413 -0.014832 -1.079608 0.999090 0.010259 0.010090 -0.040149
577 1403 8.415222 4.305542 -1.341196 0.072877 0.001562 0.002592 0.997336
584 1396 5.429108 7.212311 -1.312252 -0.207155 -0.012996 0.004114 0.978213
1 4458 6.840274 0.395894 0.543455 0.999930 0.004946 -0.010532 0.002335
934 3831 -9.272644 -0.074677 -0.956995 0.999984 -0.003487 0.001921 0.004057
525 578 7.107782 -1.147705 0.203737 0.980330 0.016090 -0.004516 -0.196659
891 3798 -9.781998 -0.215973 -1.021716 0.999883 -0.005371 -0.000627 -0.014334
575 1408 7.759018 4.225143 -1.239408 0.224044 0.005821 -0.007160 0.974535
397 3388 -6.793396 -1.756500 0.231164 0.950810 -0.020840 0.009104 0.308939
460 3453 -7.809391 -0.820908 -0.208793 0.999969 -0.006409 -0.004322 -0.001385
546 3507 -6.861847 -0.705963 -0.405307 0.998475 -0.009489 0.006783 0.053953
868 3793 6.663002 -0.574310 -0.861297 0.999776 0.007954 -0.003113 -0.019368
699 3653 9.898621 -0.413622 -0.463387 0.999869 0.001745 0.001945 -0.015960
870 3782 -7.392632 -0.430237 -0.999860 0.999850 0.007961 -0.000988 0.015365
633 3581 -7.990356 0.373687 -0.467376 0.999977 -0.003280 -0.003233 -0.004921
204 1627 -8.067413 4.159702 -0.986960 0.956958 -0.003202 0.001621 -0.290204
546 3551 7.629521 -4.731537 -0.468476 0.854173 0.011620 0.006458 -0.519820
400 2464 8.500763 0.064575 0.519876 0.999818 0.012572 -0.014329 0.000244
2342 3265 -0.564590 -8.700836 -0.064607 0.727286 -0.023082 -0.019019 0.685682
833 3773 9.589401 0.253082 -0.815781 0.998840 -0.008039 -0.010841 0.046228
1420 3535 -5.822723 7.586548 0.722312 0.518417 -0.015847 0.000663 -0.854981
582 1406 4.429764 6.207825 -1.177521 0.010691 -0.005845 -0.001521 0.999925
1575 4536 -9.469110 0.971169 1.136126 0.674228 0.000907 0.013958 0.738391
148 1602 8.120470 0.500816 -0.637909 0.999855 -0.014999 -0.002488 0.007717
380 2424 -0.120529 -9.063553 0.441693 0.759440 0.000892 0.009254 0.650511
691 3631 -6.403381 -0.111758 -0.708111 0.999962 -0.006406 0.000456 -0.005869
735 3687 6.477325 1.091064 -0.829418 0.911185 0.007480 0.014573 0.411671
378 2425 1.448303 -8.509193 0.374655 0.769178 0.007519 0.007512 0.638946
580 1404 6.420273 5.504333 -1.199831 0.020742 -0.004305 -0.001842 0.999774
1390 3544 9.179157 3.728546 1.092421 0.235991 -0.014981 0.003691 0.971633
374 3378 5.667130 -5.434402 0.162918 0.831016 0.011812 0.004175 0.556108
439 2468 -9.727978 0.184372 0.588252 0.725646 0.042730 -0.032734 -0.685960
517 568 7.982394 -0.616653 0.187428 0.997396 0.007672 -0.014375 -0.070248
809 3734 -9.482704 -0.399597 -1.130064 0.999990 0.003814 -0.000413 -0.002087
441 3454 6.683094 -0.352310 -0.261421 0.999962 0.001093 -0.003962 0.007646
408 3433 8.282806 4.394928 -0.451042 0.879044 -0.043239 0.017213 0.474463
383 3370 -1.676758 -8.901146 0.350502 0.743218 0.007757 0.018031 0.668761
372 3383 8.281509 -3.446281 0.293128 0.892311 0.004315 0.002878 0.451391
2335 3268 4.860977 -6.900467 0.198775 0.708885 -0.021310 0.002123 0.704999
620 3567 -9.414734 0.396174 -0.432999 0.999937 -0.002063 -0.001527 -0.010950
740 3691 5.925323 0.958069 -0.771599 0.912036 0.007066 -0.000972 0.410049
427 3444 6.336830 2.069427 -0.128675 0.963089 -0.004924 -0.019771 0.268410
429 2459 -7.611763 4.355606 0.255710 0.848140 0.035167 -0.019746 -0.528234
402 3424 8.367645 1.900604 0.132540 0.969506 -0.023185 -0.010322 0.243749
2475 3437 -5.180206 6.935028 -1.283196 0.795405 -0.035778 0.028415 0.604353
592 3564 8.273361 -1.986465 -0.392546 0.985273 0.007322 -0.004002 -0.170784
662 3607 -6.072876 0.190613 -0.496595 0.999922 0.006159 0.004505 -0.009857
482 3488 7.743141 -0.598679 -0.183275 0.999957 -0.003009 0.001224 0.008696
587 3516 -7.387604 -4.694061 -0.393842 0.893124 -0.018297 0.001164 0.449436
428 2457 -8.191982 5.269424 0.232764 0.863464 0.038736 -0.017990 -0.502599
375 2424 3.510422 -8.997734 0.362861 0.752556 0.015544 0.023505 0.657925
144 1597 6.819052 0.409775 -0.724011 0.999918 -0.002213 -0.002769 0.012325
409 3402 -6.615616 0.853004 0.165730 0.999794 -0.016153 -0.009922 -0.007275
543 3503 -9.876601 -1.047821 -0.470738 0.998495 -0.010084 0.006214 0.053559
552 3505 -8.318642 -0.842896 -0.409405 0.998481 -0.008518 0.007819 0.053877
2346 3268 -3.171173 -7.368408 0.036549 0.758873 -0.020192 -0.010580 0.650840
109 1571 6.270958 -1.575310 -0.708780 0.882409 0.006092 -0.001286 -0.470441
748 3700 6.814743 1.188446 -0.900803 0.970247 -0.015536 0.004569 0.241576
574 1405 9.140713 3.449890 -1.317580 0.169231 0.006470 -0.003236 0.985550
1568 4530 -4.100908 -6.742188 1.007181 0.617235 -0.006022 0.003108 0.786750
1405 3549 2.031448 7.105804 0.845189 0.213783 -0.001484 0.000497 0.976880
500 3486 -8.981876 -0.436798 -0.475616 0.999792 0.014836 0.001976 -0.013875
750 3704 8.624062 1.263000 -0.934452 0.984713 -0.017202 0.004748 0.173267
399 3419 8.019180 0.932503 0.312539 0.992773 0.004153 0.001397 0.119925
734 3687 6.801697 1.450356 -0.837423 0.900724 0.008429 0.016019 0.434015
2346 3295 6.294861 -0.193573 0.117018 0.998016 0.000232 -0.008671 0.062353
595 3567 9.417511 -1.307667 -0.437329 0.994904 0.007233 0.001878 -0.100549
582 1418 -0.287247 8.374756 -1.116974 0.335147 0.002206 -0.001860 0.942162
550 3504 -9.080328 -0.949173 -0.427247 0.998484 -0.008751 0.007622 0.053814
374 3390 9.784943 -1.294373 0.186613 0.959663 0.015926 0.001885 0.280695
2398 3352 8.976974 -0.733337 0.117957 0.999969 -0.006531 0.000288 0.004382
2338 3268 2.522736 -7.264130 0.088810 0.737529 -0.017526 -0.004271 0.675075
603 3571 8.202927 0.055676 -0.428330 0.999911 0.003021 -0.004150 -0.012347
2438 3365 -8.348061 -4.549454 -0.186699 0.899263 0.023324 0.014000 0.436561
2456 3425 7.688904 2.019234 -0.332840 0.962171 -0.026984 -0.003860 0.271078
379 3370 1.078796 -8.951660 0.324262 0.739424 0.002639 0.006863 0.673199
748 3665 -8.277359 4.770172 -1.150185 0.820297 -0.004731 -0.019720 -0.571578
444 3459 9.020641 -0.519257 -0.306439 0.999972 0.006293 -0.001771 -0.003735
853 3782 6.101383 -0.352844 -1.090389 0.999790 -0.010369 0.004823 -0.017021
2446 3381 -7.142975 -2.125809 -0.168102 0.928904 -0.000111 0.009113 0.370209
736 3661 -6.566376 1.244370 -1.041933 0.971248 0.010453 -0.006548 -0.237751
2331 3281 9.216354 -0.663925 0.145537 0.850488 -0.016577 0.018495 0.525408
452 3439 -9.895496 -0.568665 -0.005067 0.996263 0.004454 0.011829 -0.085440
109 1552 4.386177 7.992752 -0.710672 0.558566 0.019600 -0.008505 -0.829185
529 3542 6.919319 -1.823151 -0.221330 0.961190 0.011241 0.000575 -0.275659
383 3372 -1.507278 -8.011696 0.341282 0.764295 0.008219 0.015893 0.644619
191 1623 -6.358486 0.815811 -0.928886 0.999974 -0.000965 -0.001967 -0.006814
103 4538 8.487946 3.607756 0.444622 0.983612 0.011561 -0.000129 0.179930
1404 3550 2.262665 7.222778 0.858538 0.266071 -0.002285 0.002908 0.963946
163 1596 -9.286243 0.468857 -0.887330 0.999849 0.017313 -0.001071 0.000255
2402 3337 -8.574181 -0.523376 -0.161730 0.999950 -0.007360 -0.004956 -0.004587
853 3766 -8.646271 -0.105042 -1.141491 0.999520 0.009667 0.006761 -0.028663
719 3670 6.334961 -0.384373 -0.605787 0.999334 -0.006403 -0.002000 0.035881
623 3573 -6.591278 0.361922 -0.336792 0.999969 -0.004616 -0.002380 -0.005927
2458 3428 7.212769 3.021263 -0.554814 0.930856 -0.035537 0.009826 0.363521
505 3509 8.272877 -0.634033 -0.123775 0.999947 -0.001442 0.003342 -0.009608
601 3539 -9.346252 -3.195282 -0.364155 0.858715 -0.011162 -0.001453 0.512330
589 1402 -0.217377 7.680016 -1.343814 -0.288675 -0.002626 0.004258 0.957414
2465 3405 -9.473297 0.303368 -0.025118 0.999536 -0.020647 0.011074 0.019441
131 1589 8.266693 -0.075180 -0.690429 0.998475 0.014821 -0.001204 -0.053163
1415 3529 -0.250732 9.341812 0.841290 -0.472321 0.015708 -0.013166 0.881188
2373 3325 7.962914 -0.614120 0.018758 0.999996 -0.001296 0.002463 0.000888
2463 3403 -8.918228 0.208870 -0.089137 0.999280 -0.014599 0.000243 0.035008
517 3496 -9.569875 -0.794067 -0.573776 0.999930 0.004166 -0.000239 0.011067
2446 3379 -7.863922 -2.722168 -0.146574 0.909956 -0.002205 0.005681 0.414659
102 4522 -8.471588 -2.575039 -0.033225 0.987342 0.004412 -0.010236 0.158216
825 3764 7.141357 -0.173676 -0.865095 0.999751 0.010489 -0.001068 0.019661
711 3647 -6.162018 -0.275168 -0.794839 0.999980 -0.003789 -0.003504 -0.003745
522 3543 9.651646 -2.459381 -0.166821 0.947477 0.017959 0.002514 -0.319309
540 3504 -8.991332 -0.959366 -0.444437 0.998502 -0.009141 0.005739 0.053634
791 3737 9.961311 -0.330505 -0.804464 0.999994 -0.001198 -0.001389 0.002778
180 1629 6.037395 0.549911 -0.736077 0.999882 -0.007537 -0.001929 0.013210
522 3535 7.389437 -1.045837 -0.163129 0.988322 0.008588 -0.013534 -0.151533
43 4484 -6.921993 -0.042921 0.148040 0.999879 0.002589 0.001214 0.015270
1408 3539 3.944275 6.973709 0.880957 -0.144328 0.002704 -0.004667 0.989515
480 3472 -7.788525 -0.770004 -0.151728 0.999993 0.003354 0.000083 0.001354
584 1406 2.941162 6.699173 -1.227245 -0.048390 -0.004556 0.000932 0.998818
2354 3306 8.033646 -0.221268 0.043895 0.999857 0.011280 -0.002895 -0.012297
199 1627 -6.554489 2.043564 -0.991870 0.989630 0.000941 -0.002576 -0.143616
916 3835 8.502106 -0.191833 -0.667909 0.999883 0.002121 -0.009147 0.012102
2394 3331 -6.914238 -0.663208 -0.078756 0.999960 -0.007239 -0.000912 0.005244
2363 3292 -9.828537 -0.488724 0.075212 0.990163 -0.020909 0.006925 0.138172
514 3525 9.058150 -0.802185 -0.122159 0.997945 0.006319 -0.005656 -0.063513
669 3625 9.556793 -0.078986 -0.416877 0.999975 0.000551 0.003671 -0.005992
2461 3430 5.478302 3.801758 -0.671969 0.905043 -0.046390 0.014971 0.422518
913 3817 -8.654800 -0.439728 -0.908798 0.999997 0.002007 0.000816 -0.000953
407 2449 -6.723541 0.326042 0.279801 0.999318 -0.018288 -0.010742 0.030228
707 3644 -6.211823 -0.265548 -0.743919 0.999989 0.001981 -0.000770 -0.004121
883 3792 -8.974739 -0.381195 -1.106423 0.999867 -0.004131 -0.011237 0.011073
513 567 9.924626 -0.739929 0.219481 0.997304 0.008375 -0.013269 -0.071687
547 3553 8.011126 -5.735458 -0.520859 0.821450 0.011157 0.006002 -0.570140
902 3824 9.560921 -0.438324 -0.823028 0.999969 0.000108 0.002431 0.007466
491 3481 -7.202507 -0.573959 -0.313872 0.999996 -0.000965 -0.001208 -0.002189
2432 3364 -6.514065 -2.459793 -0.201196 0.961369 0.021413 0.007581 0.274326
834 3754 -7.845734 -0.005066 -1.132358 0.999895 -0.012972 0.002810 -0.005831
539 3508 -6.027764 -0.628326 -0.392697 0.998523 -0.010193 0.005819 0.053040
747 3698 6.111099 0.959351 -0.845955 0.961552 -0.017414 0.009969 0.273888
442 3427 -8.531273 1.839233 0.153311 0.903582 0.003965 0.007344 -0.428335
376 3375 3.783585 -6.708519 0.251523 0.793697 0.012738 0.013136 0.608038
149 1604 9.042219 0.495163 -0.595768 0.999833 -0.017830 -0.003667 -0.001390
120 1559 -3.075089 5.126778 -0.826003 0.879458 0.007830 -0.001174 -0.475911
676 3631 9.576447 -0.130114 -0.477339 0.999959 0.007686 0.001687 -0.004519
196 1624 -7.920361 1.726852 -0.922098 0.997036 0.001526 0.001834 -0.076901
546 3503 -9.877322 -1.050659 -0.457069 0.998487 -0.009817 0.007000 0.053658
589 1410 -2.828735 6.763809 -1.193408 -0.105955 0.000776 -0.002172 0.994368
729 3656 -7.536926 0.404514 -0.874075 0.996698 0.006802 0.003157 -0.080854
2435 3402 8.767296 -4.274872 0.109564 0.933014 0.016135 -0.022487 -0.358774
587 1392 3.285233 8.488190 -1.296061 -0.329981 -0.011748 0.001939 0.943912
1399 3545 6.620033 5.216354 1.007136 0.190606 -0.006685 0.002899 0.981640
824 3746 -9.324471 -0.497681 -1.131726 0.999634 -0.003569 -0.000144 0.026803
537 588 7.068384 -3.260193 0.010354 0.892139 0.009530 0.003090 -0.451650
1401 3538 8.371788 5.013214 0.976556 -0.015076 0.004998 0.001671 0.999872
377 2442 8.164917 -1.245720 0.478858 0.973279 0.014131 -0.005074 0.229135
153 1608 9.218122 0.347763 -0.685123 0.999492 -0.014885 0.005549 -0.027616
959 3855 -3.720673 -7.734741 -0.637247 0.815043 0.005894 -0.005452 -0.579345
104 1556 7.419189 3.878010 -0.641700 0.518698 0.018941 0.002039 -0.854745
522 582 9.414891 -2.082321 0.217008 0.952011 0.018419 0.003350 -0.305491
521 3537 8.316734 -1.320892 -0.160099 0.982224 0.013956 -0.012406 -0.186784
2412 3369 7.058815 -1.139038 0.059514 0.997643 0.000267 -0.001714 -0.068589
959 3856 -3.359406 -8.788971 -0.622450 0.813669 0.003551 -0.004880 -0.581297
2439 3374 -5.887436 -1.995667 -0.092422 0.936077 0.016678 0.013103 0.351155
770 3698 -8.668731 -1.304260 -1.036862 0.999059 0.011696 0.006719 0.041223
404 3396 -7.150772 -0.045647 0.075101 0.991428 -0.016543 -0.000402 0.129605
2371 3307 -7.361099 0.043884 -0.060538 0.999953 -0.003617 -0.008700 -0.002249
518 3498 -8.172878 -0.753601 -0.539214 0.999911 0.000233 -0.000669 0.013291
1400 3540 8.096512 4.812592 0.997059 0.044032 -0.001047 0.000032 0.999030
596 1400 -6.080597 7.219440 -1.472515 -0.482318 -0.000851 0.008391 0.875956
1418 3534 -3.841248 8.191750 0.745988 -0.492794 0.017154 -0.004662 0.869964
891 3813 7.718910 -0.414551 -0.769818 0.999920 0.000862 0.006003 0.011063
897 3820 9.877007 -0.400818 -0.726677 0.999936 0.003736 0.003038 0.010243
2450 3385 -8.038055 -1.914978 -0.005052 0.939711 -0.009145 0.024706 0.340954
2440 3406 8.602692 -2.918716 -0.128286 0.967578 0.018057 0.002794 -0.251910
561 3505 -8.622673 -0.839981 -0.319539 0.998372 -0.008512 0.012261 0.055052
395 3382 -7.756439 -3.708839 0.316722 0.890780 -0.017274 0.018697 0.453722
585 3520 -6.135925 -2.808960 -0.397405 0.927601 -0.017624 -0.002236 0.373150
2464 3407 -7.562241 0.298553 -0.046998 0.999693 -0.017320 0.013006 0.012053
2347 3299 8.188934 -0.138123 0.112346 0.999822 0.006674 -0.006499 0.016392
559 3504 -9.251679 -0.912689 -0.371972 0.998467 -0.008674 0.010001 0.053752
583 3517 -6.524368 -2.756836 -0.494079 0.944264 -0.020494 -0.002821 0.328539
964 3848 -9.213501 1.135986 -0.785192 0.749344 0.012805 -0.006847 -0.662021
412 3438 7.881454 5.651978 -0.657556 0.835302 -0.040422 0.021753 0.547871
64 4503 -6.356789 0.035923 0.105324 0.999959 -0.006234 -0.006464 -0.001229
659 3616 8.464661 -0.015206 -0.415053 0.999963 -0.000371 0.003440 -0.007934
574 3556 6.805332 -5.911346 -0.579289 0.831217 0.004766 0.008587 -0.555862
214 1647 -5.337494 -8.173101 -1.059432 0.726468 0.015400 0.000584 -0.687028
577 3555 6.218452 -4.527069 -0.457033 0.873124 0.001390 0.001203 -0.487494
753 3675 -8.154442 2.084808 -1.020522 0.832588 0.008683 -0.012041 -0.553694
791 3736 8.867496 -0.325348 -0.819724 0.999991 -0.002835 -0.002672 0.001946
2354 3304 6.414856 -0.146927 0.047095 0.999956 0.008007 0.001483 -0.004740
647 3605 6.811829 0.112666 -0.449706 0.999901 -0.004857 0.004151 -0.012570
572 3549 5.254799 -2.904694 -0.491751 0.915479 0.005155 0.009373 -0.402223
1420 3536 -5.962112 7.364120 0.721503 0.504768 -0.015442 -0.001789 -0.863115
405 2444 -8.990463 -0.391273 0.217176 0.988326 -0.024036 -0.002260 0.150429
1559 4528 5.588024 -8.119335 1.236534 0.409213 -0.013480 0.010349 0.912280
925 3825 -9.892197 -0.416534 -0.901955 0.999894 -0.004821 -0.000757 0.013751
740 3663 -6.844666 1.943924 -1.133642 0.938545 0.015199 -0.016449 -0.344429
520 3499 -8.196250 -0.777283 -0.547959 0.999846 -0.001938 -0.001476 0.017363
675 3630 9.408997 -0.118349 -0.489862 0.999970 0.005699 0.001388 -0.005015
583 1417 -0.707443 8.040848 -1.162135 0.283622 0.001299 -0.001727 0.958934
402 2441 -9.118271 -1.280876 0.175626 0.970846 -0.019437 -0.007380 0.238801
769 3699 -7.240916 -1.214935 -0.996358 0.999146 0.009906 0.005851 0.039682
560 3550 7.186165 -4.192703 -0.518909 0.870315 0.006580 0.010221 -0.492345
836 3755 -8.068535 0.085144 -1.156935 0.999823 -0.011592 0.000886 -0.014820
36 4476 -8.272203 -0.252553 0.226612 0.999929 -0.001162 -0.003282 0.011419
1405 3536 6.898300 6.314697 0.873148 -0.129956 0.010391 -0.001990 0.991463
14 4452 -8.698800 0.240789 0.329070 0.996252 0.008152 -0.003461 -0.086039
592 3562 6.771255 -1.455444 -0.395279 0.985730 0.006853 -0.002878 -0.168172
431 3416 -7.022260 4.089859 0.305480 0.853513 0.038139 -0.018063 -0.519360
1400 3556 2.312721 9.372192 0.901518 0.490641 -0.002432 0.004078 0.871349
1406 3535 6.521942 6.694992 0.866342 -0.168539 0.010409 -0.005789 0.985623
566 3551 6.759834 -4.456451 -0.581499 0.861668 0.006385 0.013615 -0.507250
583 1397 6.046844 6.803879 -1.300455 -0.169013 -0.012365 0.003226 0.985531
523 3503 -6.038113 -0.698608 -0.497002 0.999685 -0.003448 -0.001720 0.024797
737 3690 6.685455 1.680298 -0.854733 0.886517 0.010882 0.004062 0.462549
2469 3411 -9.628281 0.453644 -0.322079 0.999769 -0.017624 0.003625 0.011757
100 4523 -6.690445 -1.606750 0.044291 0.993648 0.006618 -0.011459 0.111754
443 3432 -7.197243 0.502533 0.004649 0.959707 0.002537 0.016977 -0.280477
2464 3437 4.342529 6.910706 -1.269518 0.790765 -0.035473 0.031266 0.610290
742 3667 -5.802429 1.070892 -1.115425 0.921555 0.004685 -0.019639 -0.387722
2403 3357 8.091644 -0.871582 0.149181 0.999972 -0.004405 0.000525 -0.006048
1411 3540 1.229980 7.386124 0.856307 -0.202472 0.002322 -0.005979 0.979267
23 4479 7.244978 -0.074429 0.365900 0.999879 0.005676 0.003001 0.014200
757 3686 -6.549149 -0.928802 -1.085123 0.974853 0.023350 -0.007109 -0.221508
961 3847 -7.705200 1.320709 -0.810267 0.787100 0.004254 -0.011584 -0.616702
525 3502 -7.626966 -0.817139 -0.546132 0.999519 -0.005033 -0.001476 0.030574
207 1646 1.283188 -7.898359 -0.884111 0.858223 0.005059 0.016380 -0.512991
580 1405 6.094193 5.555008 -1.182536 0.041986 -0.003979 -0.002126 0.999108
2392 3345 8.481888 -0.673172 0.143460 0.999981 0.003977 0.001123 0.004614
536 3548 7.300424 -3.452103 -0.350923 0.900235 0.007972 0.001574 -0.435329
414 2474 9.380280 -3.324661 0.669904 0.990794 0.005703 -0.005055 -0.135165
574 1417 5.465343 6.796631 -1.113173 0.478661 0.014923 -0.004197 0.877863
401 3425 9.316055 2.206017 0.083077 0.961406 -0.028125 -0.009401 0.273529
430 3446 6.465378 1.437271 -0.209818 0.980620 -0.009345 -0.010726 0.195403
599 3569 8.946960 -0.333292 -0.413442 0.999226 0.004137 0.000932 -0.039119
101 1561 8.039520 0.052898 -0.629530 0.575965 0.018560 -0.002914 -0.817258
437 3427 -5.981041 1.267471 0.052647 0.922390 0.000177 0.001101 -0.386259
377 2428 2.615555 -6.853516 0.355578 0.807516 0.010084 0.003262 0.589751
393 3410 7.165588 0.321442 0.427791 0.999895 0.005828 -0.002453 0.013014
139 1573 -6.723462 1.443466 -0.762814 0.998467 -0.012922 -0.001918 -0.053779
2438 3398 5.880577 -1.674545 -0.111415 0.975311 0.015550 -0.001531 -0.220285
880 3791 -7.159355 -0.435211 -1.025448 0.999785 -0.007366 -0.010400 0.016367
589 1395 0.971771 8.520134 -1.348711 -0.368556 -0.010881 0.004128 0.929533
819 3744 -7.319695 -0.536743 -1.117796 0.999691 0.003014 -0.000079 0.024692
1550 4533 8.008728 -1.051867 1.281195 0.171852 -0.009955 0.023398 0.984795
807 3733 -8.815357 -0.309113 -1.084837 0.999964 0.003322 0.001921 -0.007601
172 1607 -7.010683 0.410675 -0.893824 0.999588 -0.002305 -0.001042 0.028585
1413 3534 0.997620 8.430725 0.836882 -0.366174 0.013553 -0.010739 0.930386
559 3548 6.753526 -3.371368 -0.470332 0.900717 0.004669 0.007914 -0.434310
213 1636 -5.828918 1.199692 -1.045139 0.793281 -0.004708 0.001092 -0.608837
909 3828 7.390823 -0.408783 -0.726771 0.999962 0.002176 0.002702 0.008029
653 3597 -9.413239 0.380529 -0.644455 0.999970 0.001341 -0.000309 -0.007677
2424 3388 7.714893 -3.681610 0.076236 0.926609 -0.015380 -0.015566 -0.375389
591 3526 -6.529892 -3.771339 -0.344800 0.858821 -0.015035 -0.009082 0.511974
504 3509 8.971405 -0.634979 -0.105430 0.999942 -0.002684 0.003318 -0.009870
556 3551 7.561975 -4.693665 -0.486083 0.853967 0.010531 0.007913 -0.520160
1408 3547 0.834167 6.996536 0.875218 0.076184 0.000995 -0.004955 0.997081
2460 3427 5.352890 2.700333 -0.495343 0.941814 -0.035237 0.003501 0.334264
572 1411 8.017876 4.165955 -1.177663 0.345691 0.009411 -0.011008 0.938237
469 3476 6.134453 -0.814255 -0.127131 0.999945 -0.007781 -0.007105 -0.000203
403 3428 9.219528 3.110046 -0.065826 0.932172 -0.040617 0.000672 0.359729
101 1565 7.674644 -2.054783 -0.644222 0.665827 0.015159 -0.002233 -0.745949
693 3630 -9.684235 -0.070373 -0.806384 0.999918 -0.009787 -0.004034 -0.007138
772 3701 -8.224294 -1.181274 -1.113333 0.998790 0.015861 -0.009119 0.045645
862 3789 7.109192 -0.511627 -0.834156 0.999694 -0.007310 -0.010487 -0.021190
958 3854 -3.096008 -6.914124 -0.655249 0.834560 0.009467 -0.004335 -0.550818
128 1562 -6.059184 3.387054 -0.705036 0.950663 0.003874 0.012090 -0.309966
2421 3383 7.334957 -2.713577 0.010574 0.955287 -0.010586 -0.007870 -0.295387
512 3515 7.092812 -0.569839 -0.192595 0.999831 0.000423 0.006268 -0.017275
464 3458 -7.282562 -0.840027 -0.180988 0.999972 -0.005437 -0.000875 -0.004990
95 4535 9.206795 0.065906 0.447894 0.999650 0.005980 0.001232 0.025753
442 3455 6.893032 -0.419388 -0.275362 0.999990 0.002104 -0.003475 0.002037
377 2430 3.061768 -5.826622 0.378978 0.837470 0.004621 -0.003449 0.546453
799 3729 -6.062075 -0.173218 -1.017031 0.999901 0.003992 -0.001455 -0.013395
170 1604 -7.996828 0.381470 -0.913021 0.999431 0.000745 -0.003095 0.033580
64 4516 9.015991 -0.111563 0.507226 0.999962 -0.005988 -0.005845 -0.002477
583 1404 4.351913 6.501984 -1.241165 -0.062756 -0.006903 0.002374 0.998002
525 3503 -6.804941 -0.759705 -0.513927 0.999518 -0.004877 -0.001838 0.030615
2459 3434 7.934814 5.429588 -0.853209 0.841977 -0.029748 0.017932 0.538393
2444 3372 -8.803558 -4.437714 -0.022917 0.862242 0.007656 0.020674 0.506017
640 3599 6.628418 0.172610 -0.502110 0.999953 -0.004319 0.001232 -0.008567
595 3523 -7.901718 -5.712143 -0.287031 0.792908 -0.016566 -0.004157 0.609102
587 1387 3.952057 8.987854 -1.307731 -0.363049 -0.011705 -0.003779 0.931689
507 3512 8.723261 -0.639877 -0.116875 0.999887 -0.000569 0.005232 -0.014081
45 4500 8.825260 0.243023 0.422824 0.999948 -0.005403 -0.007608 0.004153
111 1576 7.556538 -2.821911 -0.656383 0.922546 0.008126 -0.006609 -0.385744
373 3381 7.039917 -4.239204 0.199142 0.868453 0.011648 0.002856 0.495627
9 4469 9.537741 0.195698 0.457967 0.999919 -0.002297 -0.006938 0.010425
601 3543 -8.410675 -2.041686 -0.375108 0.905110 -0.015755 0.003305 0.424873
593 1388 -2.242188 9.428951 -1.450492 0.515225 0.007412 -0.003073 -0.857017
512 562 9.726189 -0.651093 0.212941 0.998407 0.008480 -0.010951 -0.054703
866 3792 7.226295 -0.574615 -0.976627 0.999772 0.000295 -0.001984 -0.021270
404 2445 -7.837692 -0.325302 0.191537 0.991014 -0.022085 -0.004220 0.131857
204 1644 3.097450 -5.852650 -0.815800 0.909096 0.002219 0.004702 -0.416555
567 3509 -6.686590 -0.736816 -0.278090 0.997164 -0.009750 0.016591 0.072762
63 4500 -8.882141 0.079169 0.006315 0.999877 -0.011132 -0.011066 -0.000562
415 2474 8.739471 -3.780273 0.649528 0.987321 0.007982 -0.004377 -0.158476
521 580 9.279518 -1.707352 0.221754 0.966663 0.014970 0.001226 -0.255612
533 3542 5.991347 -1.699814 -0.285495 0.963307 0.008389 0.002907 -0.268254
882 3807 9.700005 -0.408478 -0.773509 0.999824 0.007642 -0.001633 0.017037
611 3576 7.297363 0.219693 -0.409503 0.999997 -0.000063 0.001725 -0.001567
2337 3287 7.785629 -0.576859 0.017754 0.960101 -0.002278 0.001617 0.279640
2431 3395 7.484829 -3.898483 -0.044979 0.929599 0.012784 -0.007003 -0.368285
405 3423 6.352509 1.517807 0.108135 0.978597 -0.021696 -0.005852 0.204554
136 1594 9.551518 0.082611 -0.738346 0.999881 0.012096 0.002893 -0.009113
119 4527 -6.913446 -4.913216 0.252336 0.804282 -0.005009 0.007319 0.594182
926 3829 -6.212296 -0.308929 -0.902296 0.999867 -0.005325 0.003688 0.014992
590 3562 7.501526 -2.341812 -0.395711 0.974565 0.009507 -0.003183 -0.223880
371 2429 6.888229 -6.196602 0.539505 0.818171 -0.001140 0.000612 0.574973
1419 3544 -7.099365 5.676830 0.774924 -0.316989 0.000610 0.000361 0.948429
126 4528 -8.577321 -5.021904 0.481934 0.745901 0.003964 0.018086 0.665800
40 4493 6.122875 0.265242 0.367704 0.999875 -0.007512 0.005064 0.012984
580 3511 -8.345512 -3.268265 -0.512244 0.962727 -0.018482 0.000414 0.269841
879 3791 -6.165878 -0.435089 -1.001089 0.999805 -0.006030 -0.009485 0.016255
587 1412 -1.919205 6.964844 -1.144668 0.015458 0.004726 -0.003441 0.999863
590 3525 -6.383560 -3.635231 -0.351813 0.870073 -0.014728 -0.007872 0.492640
1413 3538 0.068192 7.818703 0.840321 -0.302238 0.010622 -0.002742 0.953169
1409 3538 3.505188 7.281403 0.876225 -0.190947 0.005947 -0.004471 0.981572
743 3697 7.158127 2.416412 -0.737803 0.916641 -0.015556 0.000250 0.399410
580 3513 -7.399490 -2.698242 -0.499094 0.964249 -0.018802 0.001921 0.264322
569 1415 7.958645 5.045898 -1.194802 0.483975 0.017715 -0.009486 0.874851
160 1593 -9.391783 0.582016 -0.798045 0.999603 0.017028 0.003924 -0.022123
448 3434 -9.514984 0.134995 -0.053323 0.975739 0.010480 0.008265 -0.218530
857 3788 9.793793 -0.639343 -0.811630 0.999518 -0.009523 -0.008193 -0.028398
430 3412 -7.834389 5.654663 0.267326 0.845267 0.036382 -0.016614 -0.532845
1401 3541 7.333389 5.130173 0.976776 0.053075 -0.002548 -0.001281 0.998586
2352 3304 8.046051 -0.185883 0.148957 0.999937 0.006224 -0.004828 -0.007984
815 3756 8.393181 -0.461975 -0.867249 0.999967 0.005880 0.001420 -0.005420
432 2470 -5.571622 -3.207809 0.488282 0.805654 0.047830 -0.025252 -0.589912
529 580 6.397784 -1.311371 0.158973 0.971998 0.010739 0.000599 -0.234742
549 3545 6.086252 -2.398438 -0.401766 0.938624 0.009901 0.009298 -0.344676
2471 3436 -1.642517 6.432045 -1.367752 0.810799 -0.045018 0.024276 0.583086
517 3529 8.381160 -0.843613 -0.166020 0.995743 0.005744 -0.009907 -0.091462
582 3558 6.736603 -4.389771 -0.392974 0.902806 0.010114 -0.004213 -0.429908
400 2440 -8.479050 -1.580048 0.259997 0.963416 -0.021542 -0.005284 0.267090
585 1393 5.005798 7.794952 -1.322311 -0.260656 -0.012838 0.005043 0.965333
673 3616 -6.167236 0.147277 -0.441075 0.999966 0.001373 0.005659 -0.005886
142 1573 -8.743086 1.486656 -0.779145 0.998507 -0.017924 -0.002673 -0.051526
58 4495 -9.729694 0.082022 0.055027 0.999960 -0.006560 -0.001938 0.005791
2365 3301 -6.000992 0.029922 0.109369 0.999599 -0.012357 0.006948 0.024521
105 4524 -7.040245 -2.904514 0.071532 0.970106 0.009477 -0.009529 0.242310
405 2448 -6.381027 0.074783 0.226063 0.997811 -0.020248 -0.009529 0.062226
2411 3346 -7.548302 -0.589874 -0.168419 0.999962 0.005050 -0.001403 -0.007031
611 3557 -9.261353 0.321843 -0.472538 0.999034 -0.010095 -0.003513 0.042618
1 4435 -5.081822 3.678234 0.230755 0.926293 -0.009640 -0.018067 -0.376248
596 3527 -7.995270 -5.091522 -0.311829 0.797764 -0.012965 -0.008997 0.602763
378 2424 1.326630 -9.065163 0.370880 0.756961 0.007164 0.009455 0.653352
2424 3386 6.987473 -2.951004 0.017141 0.945256 -0.010753 -0.009425 -0.326015
495 3499 8.005844 -0.391754 -0.151441 0.999829 -0.018261 0.002801 -0.000385
2332 3275 7.567848 -3.295135 0.227116 0.770519 -0.015286 0.011887 0.637123
593 3523 -7.338669 -5.071907 -0.292112 0.819970 -0.017098 -0.003767 0.572139
1420 3544 -7.913162 5.371807 0.755599 -0.336878 -0.001182 -0.000100 0.941548
124 4537 -6.324405 5.412697 0.329628 0.761232 0.002764 0.010958 0.648381
2350 3277 -4.664261 -3.934433 0.154418 0.868611 -0.006718 0.006380 0.495409
770 3702 -5.921600 -1.075073 -1.032057 0.998995 0.015735 -0.006676 0.041425
530 3543 6.951744 -2.046967 -0.227910 0.954170 0.013418 0.001847 -0.298960
1392 3555 5.315552 8.181396 0.895582 0.533820 -0.011641 0.002913 0.845513
600 3537 -9.061508 -3.641075 -0.353244 0.840602 -0.008567 -0.006548 0.541545
134 1566 -7.358010 2.213821 -0.790107 0.985204 -0.003620 0.005762 -0.171251
383 2449 8.589203 -0.259186 0.510480 0.997732 0.013387 -0.011422 0.064969
110 4540 5.079372 8.162083 0.440070 0.921560 0.012789 -0.001048 0.388023
769 3698 -7.901033 -1.276520 -1.000739 0.999143 0.011111 0.008073 0.039045
379 2425 0.712021 -8.507439 0.425159 0.770627 0.001529 0.005208 0.637264
571 3551 5.990662 -3.881042 -0.520956 0.882108 0.009149 0.010092 -0.470850
212 1630 -7.296165 5.920492 -1.116275 0.841299 -0.006098 0.000126 -0.540535
616 3581 8.622192 0.179843 -0.459168 0.999989 0.004083 -0.001095 -0.001976
117 1552 -2.507652 8.804031 -0.752830 0.729664 0.020372 -0.006007 -0.683476
942 3850 6.618423 -1.673187 -0.610658 0.995547 0.004186 0.000765 -0.094175
1404 3536 7.487686 5.978989 0.894869 -0.108853 0.010083 -0.001988 0.994005
396 3417 8.970856 0.698814 0.249248 0.996556 0.007819 0.010468 0.081892
949 3838 -9.057873 3.328247 -0.913859 0.967737 -0.003580 -0.000908 -0.251934
2352 3302 6.498581 -0.134644 0.131838 0.999959 0.006635 -0.006226 -0.000228
584 3557 6.012650 -3.083694 -0.389168 0.932842 0.005178 -0.003293 -0.360233
812 3751 6.100254 -0.466522 -0.850595 0.999982 0.000246 0.001910 -0.005652
710 3664 8.846069 -0.599126 -0.502566 0.999895 -0.003021 -0.004141 -0.013553
486 3492 8.556112 -0.390274 -0.135600 0.999847 -0.011360 0.001563 0.013189
927 3843 8.077347 0.059509 -0.565122 0.999846 -0.015018 -0.007174 0.005512
756 3708 8.447180 -0.503326 -0.652349 0.999378 -0.006353 -0.013310 0.032030
859 3771 -8.581947 -0.295837 -1.161150 0.999907 0.011632 -0.005556 0.004520
433 2465 -7.217336 1.209656 0.422315 0.787993 0.037851 -0.034636 -0.613542
610 3577 9.184540 0.212491 -0.411817 0.999995 0.002486 -0.002152 -0.000332
1421 3542 -8.111740 5.588881 0.717457 -0.404384 0.001325 -0.002115 0.914586
428 3414 -7.014641 3.905899 0.192680 0.882562 0.044810 -0.020288 -0.467616
471 3466 -6.120613 -0.774979 -0.184588 0.999946 -0.004201 -0.008008 -0.005036
490 3478 -9.634296 -0.594635 -0.310479 0.999961 -0.007678 -0.004280 -0.000200
120 4528 -6.826571 -4.007065 0.259373 0.794168 -0.004796 0.007894 0.607628
2395 3330 -8.841515 -0.669342 -0.085570 0.999945 -0.008913 0.002516 0.004922
668 3609 -9.779816 0.238438 -0.529718 0.999955 0.002527 -0.001632 -0.009003
433 2467 -6.836333 -0.437546 0.451897 0.788848 0.044825 -0.037181 -0.611823
124 1561 -4.447153 4.012238 -0.764132 0.928088 0.008975 0.006813 -0.372190
410 2468 6.381668 -1.023705 0.648638 0.997871 0.015337 -0.011979 -0.062244
729 3658 -5.946259 0.147839 -0.863151 0.996539 0.005181 -0.001129 -0.082953
630 3580 -6.026611 0.323768 -0.447251 0.999974 -0.000763 -0.006011 -0.003949
550 3505 -8.312897 -0.862213 -0.412562 0.998468 -0.008589 0.007470 0.054149
378 2441 6.908539 -1.553162 0.561910 0.967199 0.010158 -0.013218 0.253474
763 3688 -9.477143 -1.101990 -0.961100 0.988431 0.019393 -0.002929 -0.150396
441 3428 -7.630787 1.471115 0.086564 0.918933 0.004440 0.010188 -0.394258
11 4448 -8.559002 0.741979 0.329331 0.987058 0.004774 -0.003405 -0.160260
32 4489 9.605526 0.236360 0.405129 0.999781 0.005561 0.002122 0.020068
125 4531 -7.814832 -1.458412 0.381201 0.753295 -0.001075 0.008709 0.657624
2365 3317 8.054016 -0.308136 -0.008009 0.999989 -0.002730 0.001618 -0.003433
591 1406 -3.139709 6.962906 -1.326790 -0.265549 -0.001795 0.006736 0.964072
2406 3364 9.488968 -0.983719 0.089221 0.999593 -0.000253 0.000818 -0.028506
555 3503 -9.920080 -1.001663 -0.414290 0.998494 -0.009862 0.008744 0.053252
404 2446 -7.178848 -0.186424 0.194158 0.993795 -0.023809 -0.005382 0.108520
439 2471 -9.556606 -2.449600 0.579545 0.727785 0.042651 -0.021433 -0.684142
2411 3345 -8.479515 -0.568283 -0.183697 0.999947 0.006127 -0.003136 -0.007638
137 1594 8.947902 0.143242 -0.737615 0.999913 0.010928 0.002944 -0.006756
98 1563 8.921654 -2.081894 -0.632868 0.574085 0.015151 -0.000946 -0.818655
465 3457 -8.998573 -0.810730 -0.214548 0.999943 -0.008147 -0.003079 -0.006104
1399 3546 6.245728 5.435638 0.998427 0.221350 -0.004245 0.002704 0.975181
6 4441 -7.492422 2.206605 0.277036 0.958081 -0.006517 -0.012927 -0.286133
749 3672 -7.096100 1.766632 -0.954727 0.846955 -0.011050 -0.017042 -0.531276
181 1616 -6.181295 0.317009 -0.945575 0.999823 -0.001621 -0.002497 0.018589
503 3488 -9.099304 -0.471771 -0.548915 0.999797 0.015916 -0.001087 -0.012281
2338 3286 6.732727 -0.976120 0.047127 0.955578 -0.002344 0.000496 0.294728
102 1564 7.386513 -1.133450 -0.663889 0.663683 0.016092 0.000682 -0.747841
2451 3421 9.799652 0.514816 -0.266971 0.991206 0.008720 0.009181 0.131719
420 2476 6.735825 -6.952728 0.384502 0.956351 0.032878 -0.005572 -0.290313
207 1645 0.865051 -7.107422 -0.871052 0.859627 0.003923 0.014118 -0.510711
465 3473 6.377811 -0.825867 -0.214247 0.999980 0.000250 -0.001451 0.006181
2412 3375 9.649765 -1.920776 0.100155 0.984977 -0.005455 -0.006390 -0.172482
2335 3276 5.647491 -3.668045 0.156200 0.816216 -0.008977 0.010728 0.577578
2388 3341 8.584480 -0.727707 0.069968 0.999974 0.006549 0.002891 -0.000510
145 1577 -8.596684 1.380142 -0.758901 0.999053 -0.017268 0.001967 -0.039892
736 3691 7.302399 2.575531 -0.852216 0.859279 0.004467 0.009333 0.511403
394 3386 -5.655731 -2.361626 0.174589 0.933222 -0.023846 0.011205 0.358334
163 1599 -6.684515 0.514725 -0.871647 0.999898 0.009343 -0.002599 0.010445
760 3709 6.770694 -0.777618 -0.851658 0.999957 -0.001197 0.000017 0.009211
559 3549 7.010737 -3.794434 -0.485641 0.885788 0.005216 0.008978 -0.463973
169 1601 -9.777746 0.270042 -0.950622 0.999291 0.006807 -0.002280 0.036959
430 2458 -8.059364 5.466614 0.307756 0.832764 0.031193 -0.018108 -0.552452
578 3554 5.770691 -3.767151 -0.420816 0.896011 0.003642 -0.002091 -0.444013
828 3750 -8.083984 -0.286102 -1.085704 0.999786 -0.010736 0.002031 0.017596
615 3580 8.348816 0.175898 -0.520525 0.999985 0.004804 -0.001431 -0.002241
2351 3277 -5.449753 -3.939972 0.119846 0.868291 -0.008140 0.004011 0.495972
59 4499 -6.173000 0.092244 0.132976 0.999954 -0.009151 -0.002419 0.001524
688 3641 8.672180 -0.235349 -0.539529 0.999960 0.007686 0.004343 -0.001084
2 4459 6.778691 0.351491 0.524780 0.999916 0.004919 -0.008457 0.008487
384 3373 -2.083405 -7.544136 0.378517 0.776458 0.003169 0.014661 0.629990
700 3654 9.853790 -0.449790 -0.450885 0.999845 0.002105 0.002539 -0.017273
2443 3380 -5.836594 -1.528290 -0.160825 0.945679 0.000060 0.007327 0.325019
814 3741 -6.237720 -0.510895 -1.061479 0.999873 0.003924 -0.000567 0.015419
573 3554 6.446346 -5.021393 -0.567129 0.850590 0.006616 0.007408 -0.525735
956 3855 -0.440170 -8.069946 -0.642375 0.869226 0.006107 -0.000631 -0.494377
932 3832 -6.986298 -0.133148 -0.860706 0.999917 -0.006057 0.007199 0.008760
530 582 6.699318 -1.676895 0.152709 0.958408 0.013845 0.002759 -0.285052
147 1580 -8.286885 1.282661 -0.790259 0.999005 -0.014775 -0.000286 -0.042087
412 3437 7.690048 5.185440 -0.610442 0.848538 -0.039942 0.021921 0.527169
2420 3350 -9.727806 -1.431213 -0.220142 0.998907 0.002518 0.000016 0.046683
37 4493 9.178131 0.335740 0.462034 0.999845 -0.008279 0.003286 0.015218
517 3520 6.208441 -0.544785 -0.184907 0.999551 0.002659 0.000592 -0.029844
371 2435 8.757919 -3.398201 0.584164 0.906724 -0.004845 0.003622 0.421682
805 3745 5.965733 -0.567719 -0.894299 0.999932 0.001506 0.003940 -0.010853
2441 3406 8.120285 -2.404099 -0.094044 0.974251 0.015053 0.001796 -0.224957
547 3506 -7.577751 -0.790924 -0.405892 0.998464 -0.008511 0.007795 0.054185
132 1562 -8.193989 3.120483 -0.788676 0.958252 0.000412 0.008069 -0.285812
788 3733 8.328007 -0.310028 -0.820745 0.999986 -0.005159 0.001136 0.000954
436 3417 -8.156113 5.104568 0.369507 0.801241 0.036511 -0.017494 -0.596970
428 3444 6.048096 1.664398 -0.165602 0.970454 -0.007325 -0.016709 0.240596
421 3442 7.021210 3.811096 -0.404880 0.911794 -0.002799 0.001573 0.410635
438 2469 -9.136288 -0.887329 0.575667 0.734299 0.044653 -0.028984 -0.676736
720 3677 9.168121 0.693120 -0.553497 0.972745 -0.010407 0.013315 0.231263
478 3469 -9.215233 -0.767593 -0.105241 0.999985 0.004221 0.002986 -0.001980
395 2438 -6.249817 -2.229111 0.471916 0.946936 -0.025985 0.007111 0.320292
2440 3405 8.131027 -2.651169 -0.132662 0.968755 0.016981 0.000447 -0.247437
109 4526 -5.864834 -3.025341 0.154869 0.931498 0.009914 -0.000678 0.363611
376 3376 3.946350 -6.287979 0.237193 0.806802 0.011600 0.012083 0.590584
750 3675 -6.733994 0.973419 -0.896599 0.875016 -0.008992 -0.012498 -0.483849
599 3540 -7.944962 -2.684615 -0.358947 0.877375 -0.012165 -0.000256 0.479650
443 3429 -8.389503 1.266556 0.098248 0.927871 0.005985 0.016041 -0.372508
542 594 7.840901 -5.871597 -0.100220 0.804356 0.012985 0.002102 -0.594002
540 3505 -8.223935 -0.872650 -0.426882 0.998487 -0.008980 0.005587 0.053970
2335 3272 5.106644 -5.233231 0.174476 0.762175 -0.014858 0.005373 0.647178
774 3722 9.025556 -0.573761 -0.945741 0.999992 0.000789 0.001912 -0.003429
393 2431 -7.742462 -5.043678 0.446989 0.860342 -0.024429 0.007837 0.509071
155 1592 -6.133947 0.557182 -0.734653 0.999489 0.014104 0.002933 -0.028537
1415 3528 -0.117737 9.529602 0.848372 -0.480955 0.015007 -0.013343 0.876515
415 3439 7.358505 5.054596 -0.664315 0.858473 -0.029322 0.023336 0.511487
412 3400 -9.027298 1.656502 0.131440 0.999390 -0.019515 -0.005024 -0.028511
383 2423 -2.279480 -9.569824 0.462025 0.750891 0.005680 0.018527 0.660142
568 1413 8.758841 4.104065 -1.258242 0.437782 0.017954 -0.008635 0.898860
111 1553 2.502842 7.978386 -0.680923 0.630579 0.020632 -0.004570 -0.775837
209 1648 -0.115189 -9.672655 -0.903661 0.821168 0.002580 0.004348 -0.570664
2394 3329 -8.867409 -0.700272 -0.089878 0.999951 -0.007446 0.004503 0.004776
377 2427 2.457077 -7.397385 0.344511 0.793662 0.011736 0.005485 0.608222
855 3785 7.913979 -0.512146 -0.981927 0.999697 -0.004773 -0.000326 -0.024166
213 1635 -6.042786 2.057887 -1.063173 0.799897 -0.005695 0.000854 -0.600110
2361 3295 -6.170212 -0.193329 -0.013674 0.996549 -0.013090 -0.004593 0.081836
192 1639 7.299492 -0.538544 -0.730272 0.993665 -0.008312 0.000441 -0.112075
660 3605 -6.555695 0.213272 -0.468766 0.999910 0.008465 0.004228 -0.009514
422 3440 6.070755 2.591736 -0.293501 0.934232 -0.000272 -0.000125 0.356666
578 3511 -7.954628 -2.522430 -0.441164 0.974896 -0.021091 0.005108 0.221599
383 3401 9.145355 0.025650 0.427090 0.997795 0.015740 -0.007188 0.064074
922 3824 -8.652512 -0.432892 -1.042074 0.999890 -0.000491 -0.007793 0.012587
858 3788 9.064278 -0.605011 -0.892846 0.999603 -0.007597 -0.004821 -0.026702
1555 4532 5.635452 -3.619507 1.219829 0.300084 -0.011100 0.002324 0.953845
57 4497 -6.507305 0.089556 0.103862 0.999981 -0.004620 -0.001616 0.003845
521 3539 8.881403 -1.619934 -0.158558 0.973837 0.016516 -0.006178 -0.226561
576 3552 5.429733 -3.345779 -0.456304 0.902443 0.004149 0.005530 -0.430755
509 3515 8.924927 -0.651321 -0.139137 0.999751 0.002614 0.005004 -0.021587
2431 3361 -7.403522 -2.905899 -0.208770 0.966422 0.018326 0.011125 0.256064
454 3465 7.532055 -0.784607 -0.251928 0.999981 0.005437 -0.000115 0.002712
94 4534 8.534836 -0.178468 0.433926 0.999866 0.004538 -0.001563 0.015625
218 1635 -7.971107 3.199892 -1.066259 0.740552 -0.001657 0.003742 -0.671986
657 3602 -7.274567 0.267062 -0.537176 0.999921 0.007351 -0.003526 -0.009556
2356 3280 -8.688751 -3.047607 0.232877 0.901693 -0.005612 0.014824 0.432086
565 3552 7.102932 -4.991028 -0.594652 0.843161 0.007092 0.012992 -0.537457
2339 3272 2.191345 -5.679138 0.091318 0.794014 -0.011889 -0.004097 0.607769
382 3398 8.261276 -0.202965 0.463546 0.993805 0.014053 -0.003875 0.110176
63 4516 9.958206 -0.087731 0.545368 0.999951 -0.006792 -0.006994 -0.001722
2437 3398 6.353790 -2.059906 -0.032588 0.968651 0.012705 -0.007707 -0.247981
582 3555 5.465866 -2.912750 -0.383752 0.927660 0.006447 -0.005051 -0.373336
101 4523 -7.042168 -1.892857 0.029598 0.990877 0.006795 -0.011646 0.134093
179 1614 -6.424274 0.307526 -0.912762 0.999785 -0.000694 0.000099 0.020700
447 3459 7.113197 -0.547623 -0.283929 0.999966 0.005874 -0.002415 -0.005315
466 3460 -7.308392 -0.833710 -0.262435 0.999932 -0.005273 -0.006836 -0.007861
180 1632 8.727573 0.552414 -0.688400 0.999858 -0.014502 -0.005931 -0.006274
581 1395 7.821365 6.011597 -1.232776 -0.129392 -0.014356 0.001367 0.991489
2430 3390 5.914545 -2.510956 -0.147210 0.955476 0.007090 -0.007433 -0.294891
601 3548 -6.720718 -0.780142 -0.407430 0.959954 -0.013190 -0.003252 0.279829
2467 3440 2.084122 8.429573 -1.668340 0.749537 -0.041865 0.038138 0.659535
409 3399 -8.179428 0.874702 0.139674 0.999140 -0.022313 -0.001797 0.034889
435 3419 -7.459866 3.875381 0.332287 0.833637 0.033064 -0.018043 -0.551027
1414 3530 0.652405 9.125015 0.828648 -0.437014 0.015100 -0.012183 0.899245
597 3537 -7.437073 -3.174934 -0.354900 0.858106 -0.005115 -0.007608 0.513390
194 1622 -8.765572 1.406410 -0.906988 0.999019 0.000419 0.000862 -0.044278
2338 3289 8.159912 -0.325897 0.028469 0.975881 -0.004382 0.000831 0.218259
579 1401 7.899712 5.032196 -1.300486 -0.010480 -0.003572 0.000092 0.999939
765 3714 7.908817 -0.742950 -0.832038 0.999904 -0.007243 0.000529 -0.011790
561 3546 6.068837 -2.671417 -0.465208 0.927614 0.007018 0.011600 -0.373294
2461 3434 6.355011 5.463814 -0.882001 0.841493 -0.033285 0.017415 0.538960
709 3662 8.326050 -0.598621 -0.508566 0.999815 -0.000586 -0.000346 -0.019241
1400 3551 4.012535 7.059464 0.952826 0.364663 -0.003111 0.005351 0.931119
171 1604 -8.787580 0.309647 -0.924900 0.999228 0.000689 -0.003125 0.039155
2390 3344 9.477448 -0.701233 0.098415 0.999967 0.005727 0.005074 0.002548
518 573 8.697976 -0.872696 0.204474 0.992459 0.009513 -0.008765 -0.121896
167 1620 7.930359 -0.311562 -0.737120 0.998737 0.005179 -0.003833 -0.049837
576 3510 -8.074417 -2.114426 -0.356507 0.983162 -0.017945 0.010098 0.181575
403 3425 8.163208 2.164551 0.070667 0.962266 -0.032475 -0.009566 0.269998
570 3551 6.151482 -4.032791 -0.548199 0.876690 0.007795 0.012155 -0.480840
589 3518 -7.190720 -4.916763 -0.382474 0.867058 -0.020918 -0.001678 0.497764
434 3416 -7.753429 5.055206 0.333466 0.814436 0.037841 -0.019637 -0.578685
2452 3390 -7.133545 -0.980324 -0.133447 0.971626 -0.006383 0.005643 0.236371
656 3613 7.697083 0.028767 -0.360175 0.999938 -0.005137 -0.001976 -0.009726
2428 3391 7.097953 -3.637543 -0.021265 0.930417 0.003108 -0.014478 -0.366203
871 3796 7.489868 -0.588379 -0.974561 0.999776 0.009778 0.008406 -0.016806
2399 3354 9.627113 -0.773758 0.130102 0.999973 -0.006446 0.000898 0.003297
422 2455 -8.179710 3.860413 0.358439 0.937751 0.030396 0.000527 -0.345974
2377 3312 -9.017700 -0.038193 -0.149095 0.999885 -0.002456 -0.006345 -0.013549
505 3490 -8.417969 -0.516388 -0.553593 0.999807 0.016202 -0.003571 -0.010486
708 3644 -7.022888 -0.269366 -0.764386 0.999993 0.000945 -0.000981 -0.003358
1543 4538 6.398193 2.306140 1.197215 0.038718 -0.018538 0.042400 0.998178
2414 3347 -8.745094 -0.699036 -0.230309 0.999992 0.003504 -0.001655 0.000088
953 3855 2.801392 -7.720276 -0.558340 0.915577 0.000224 -0.000791 -0.402143
1409 3545 0.930832 6.945267 0.886021 -0.013725 -0.003588 -0.005035 0.999887
590 1394 0.097565 8.711716 -1.392146 -0.403979 -0.011816 0.006870 0.914666
554 3551 7.602309 -4.700714 -0.490143 0.853960 0.010543 0.007890 -0.520172
411 3436 7.826340 5.004303 -0.551660 0.853143 -0.039775 0.020360 0.519759
585 1403 3.073059 7.063095 -1.296540 -0.143522 -0.002799 0.003104 0.989638
215 1645 -6.174812 -6.178612 -1.102954 0.713997 0.018712 0.002878 -0.699892
107 1560 5.141296 3.094433 -0.704186 0.687879 0.015721 0.001637 -0.725654
933 3848 9.581421 -0.195831 -0.617290 0.999921 0.002341 -0.001439 -0.012246
114 1575 6.343227 -1.069321 -0.669751 0.951565 0.003972 -0.008922 -0.307291
631 3593 8.625641 0.187765 -0.471870 0.999996 0.000314 -0.002749 -0.000064
2398 3351 8.148148 -0.721573 0.109946 0.999971 -0.006208 0.001103 0.004266
618 3566 -8.456665 0.373773 -0.520676 0.999919 0.001102 -0.007387 -0.010314
1420 3537 -6.139328 7.131519 0.725697 -0.489574 0.012323 0.003662 0.871867
514 3527 9.513412 -0.878754 -0.121510 0.996823 0.006556 -0.008606 -0.078911
119 4539 -2.830345 8.180351 0.179011 0.806810 -0.001865 0.008417 0.590747
183 1617 -6.730696 0.337662 -0.971222 0.999804 -0.002356 -0.004993 0.018992
565 3508 -6.987247 -0.698990 -0.282834 0.997820 -0.010339 0.015358 0.063339
1397 3548 6.130264 5.638397 1.009611 0.305549 -0.006410 -0.000498 0.952155
874 3800 9.394669 -0.565582 -0.925068 0.999916 0.004858 0.007877 -0.009065
2350 3273 -5.471558 -5.343246 0.156088 0.820122 -0.010242 0.001367 0.572095
1570 4530 -5.600017 -6.430031 1.013538 0.642915 -0.004439 0.004967 0.765908
572 1417 6.387863 6.424225 -1.081923 0.503427 0.016120 -0.006882 0.863860
1393 3554 5.295303 7.744675 0.910806 0.504822 -0.010238 0.003818 0.863154
2439 3372 -6.567062 -2.578842 -0.084615 0.921859 0.019589 0.016096 0.386696
936 3834 -7.198624 0.029083 -0.961735 0.999988 -0.001529 -0.003547 -0.002857
1403 3543 5.617081 5.806854 0.916905 0.068099 -0.005640 0.000535 0.997663
438 3419 -8.587540 4.530396 0.421877 0.807784 0.031991 -0.015552 -0.588405
909 3813 -9.516357 -0.350525 -1.005172 0.999985 0.001910 0.001207 -0.004970
401 3424 8.961548 1.915276 0.122583 0.969249 -0.022076 -0.009168 0.244919
412 2452 -6.990189 1.155457 0.267243 0.996873 -0.018632 -0.006971 -0.076478
618 3582 7.997284 0.189025 -0.333174 0.999989 0.002324 -0.003895 -0.001454
2366 3300 -7.714645 0.028336 0.143888 0.999392 -0.015150 0.007774 0.030437
1536 4540 8.987572 2.935829 1.320645 -0.003380 -0.013770 0.034018 0.999321
2442 3377 -6.358841 -2.048935 -0.115974 0.930071 0.002703 0.012334 0.367163
586 3562 8.361618 -4.556412 -0.469483 0.938120 0.013331 -0.000840 -0.346054
17 4473 6.499476 -0.051204 0.365328 0.999962 0.003014 -0.000771 0.008173
164 1597 -9.237862 0.436508 -0.922760 0.999817 0.016649 -0.004693 0.008140
416 3439 7.155167 4.649506 -0.610896 0.871008 -0.023915 0.021633 0.490210
383 2429 -1.350281 -6.299660 0.453441 0.827981 -0.000202 0.004661 0.560736
846 3778 6.578560 -0.227966 -1.000670 0.999896 -0.008411 0.011666 0.000511
429 2476 -1.209267 -8.697296 0.448340 0.851637 0.038886 -0.027627 -0.521958
1400 3555 2.639320 8.826019 0.909993 0.469331 -0.001391 0.003984 0.883012
2474 3431 -5.352051 4.262146 -0.985397 0.894261 -0.051538 0.021314 0.444057
1413 3536 0.591980 8.128067 0.834147 -0.337305 0.016072 -0.005702 0.941241
407 3427 6.930420 2.383804 -0.137057 0.951242 -0.040709 0.004093 0.305719
2381 3332 6.760620 -0.725281 0.048433 0.999988 0.004249 -0.002472 0.000432
766 3695 -7.598901 -1.321503 -0.986367 0.999766 0.009361 0.000819 0.019501
903 3811 -6.165718 -0.348389 -0.910441 0.999984 0.000235 -0.000408 -0.005681
172 1606 -7.866047 0.363243 -0.905809 0.999406 -0.001747 -0.002340 0.034336
189 1640 9.814331 -0.305824 -0.650367 0.995286 -0.007231 -0.001832 -0.096693
820 3745 -7.106155 -0.511169 -1.121669 0.999686 0.001954 -0.000975 0.024979
37 4476 -9.251879 -0.241974 0.257269 0.999939 -0.002591 -0.001292 0.010639
2450 3413 6.367355 -0.140793 -0.174523 0.999698 0.014632 0.013300 -0.014611
45 4484 -8.985802 -0.070161 0.052933 0.999873 0.005197 -0.001601 0.014976
589 3562 7.812790 -2.858208 -0.417891 0.967293 0.011665 -0.001976 -0.253385
1417 3549 -7.533371 5.587746 0.828446 -0.113431 0.006834 -0.000082 0.993522
2394 3346 7.494629 -0.654190 0.109032 0.999975 0.000552 0.004285 0.005527
524 577 7.186035 -1.072983 0.209070 0.983918 0.016619 -0.008012 -0.177665
2334 3265 5.694016 -8.034332 0.285975 0.665878 -0.028789 -0.000509 0.745504
570 3556 7.207325 -6.700241 -0.650266 0.801304 0.005068 0.011842 -0.598119
1404 3553 1.029984 8.257050 0.837314 0.353324 -0.001576 0.006019 0.935480
2467 3410 -8.441147 0.396271 -0.127961 0.999650 -0.021014 0.012959 0.009466
707 3643 -7.294525 -0.263965 -0.765210 0.999989 0.002529 -0.000458 -0.003899
377 3376 3.229599 -6.326752 0.221320 0.808080 0.011330 0.004909 0.588943
377 2426 2.296906 -7.940460 0.336534 0.780427 0.012484 0.008003 0.625072
447 3436 -7.898705 -0.181717 -0.098607 0.987224 0.010153 0.009274 -0.158747
585 1415 -1.548874 7.476120 -1.165268 0.170230 0.003758 -0.004037 0.985389
121 4529 -6.823298 -3.098640 0.242239 0.784551 -0.001398 0.005667 0.620037
4 4461 6.695459 0.301443 0.486015 0.999880 0.000285 -0.007687 0.013453
431 2475 -3.348155 -7.655563 0.483944 0.821430 0.035043 -0.026283 -0.568625
118 4526 -7.086369 -5.811211 0.228353 0.814864 0.000598 0.005077 0.579629
2428 3392 7.454989 -4.043259 0.006214 0.922237 0.004405 -0.014403 -0.386332
788 3717 -8.738316 -0.413727 -1.026802 0.999956 0.004181 -0.000306 0.008340
2476 3424 -9.478027 1.908295 -0.543534 0.970740 -0.029512 0.006689 0.238220
706 3658 7.829163 -0.546981 -0.509907 0.999789 0.002720 -0.001121 -0.020355
89 4531 7.671997 -0.644753 0.387836 0.999925 0.001998 0.003146 -0.011650
2336 3272 4.366104 -5.405884 0.124881 0.772529 -0.011567 0.003454 0.634865
2345 3271 -2.125504 -6.138779 0.039186 0.795062 -0.016165 -0.010576 0.606220
382 2425 -1.364868 -8.495850 0.393083 0.773490 0.007030 0.011703 0.633662
772 3699 -9.589315 -1.305084 -1.115654 0.998871 0.012607 0.001385 0.045780
2379 3315 -8.148743 -0.192657 -0.102754 0.999881 -0.000247 -0.004780 -0.014692
420 3445 8.190964 5.652847 -0.479095 0.888816 -0.006444 0.000727 0.458219
829 3750 -8.767349 -0.255341 -1.119700 0.999805 -0.011639 0.001096 0.015919
592 1386 -1.059738 9.761093 -1.457361 0.505086 0.011149 -0.002068 -0.862994
139 1571 -7.807427 1.577789 -0.763746 0.997388 -0.011278 0.004117 -0.071227
385 2429 -2.740173 -6.229561 0.500861 0.828759 -0.009340 0.004932 0.559505
602 3543 -9.057861 -2.113302 -0.371154 0.903022 -0.015892 0.003585 0.429286
734 3660 -6.520844 0.936798 -0.984433 0.982078 0.009738 -0.004098 -0.188178
718 3651 -6.762634 -0.318893 -0.782293 0.999988 -0.000381 0.001161 -0.004631
531 589 8.179653 -3.759094 0.087692 0.874094 0.016568 0.000347 -0.485474
127 1562 -5.541514 3.461510 -0.677523 0.948205 0.001608 0.014212 -0.317338
593 1390 -2.426315 9.148048 -1.433971 0.503776 0.007882 -0.006273 -0.863776
525 3538 7.004372 -1.283096 -0.181989 0.980577 0.014281 -0.011043 -0.195301
852 3784 8.878853 -0.473022 -1.135547 0.999598 -0.007935 0.014897 -0.022792
885 3796 -6.225731 -0.338867 -1.001348 0.999987 -0.003972 0.000539 -0.003079
842 3778 8.962524 -0.085510 -0.951436 0.999846 -0.009935 0.010299 0.010200
100 1563 8.182404 -1.381075 -0.635770 0.605434 0.016052 -0.000753 -0.795734
488 3495 9.903976 -0.281601 -0.047219 0.999765 -0.017057 -0.001226 0.013345
215 1644 -6.188934 -5.280138 -1.087836 0.716852 0.015614 -0.001395 -0.697049
963 3850 -8.325928 -1.289841 -0.748546 0.757964 0.016111 -0.006646 -0.652063
2401 3335 -9.595871 -0.527893 -0.144239 0.999960 -0.008107 -0.003081 -0.001933
572 3555 6.796753 -5.740005 -0.596138 0.828872 0.007133 0.008871 -0.559322
31 4471 -8.367674 -0.287807 0.233590 0.999989 0.003700 -0.002343 0.001627
866 3776 -9.722290 -0.430939 -0.900076 0.999797 0.008026 -0.000513 0.018503
734 3658 -7.930969 1.498390 -1.008337 0.982349 0.009444 -0.006425 -0.186711
2476 3429 -7.729614 3.481369 -0.832833 0.921057 -0.043356 0.021597 0.386404
694 3648 9.982574 -0.274119 -0.440487 0.999965 -0.001421 -0.003465 -0.007546
715 3649 -6.878540 -0.299082 -0.780883 0.999990 -0.002585 0.000117 -0.003597
402 2440 -9.693161 -1.543900 0.175744 0.963772 -0.022573 -0.008296 0.265639
517 3522 6.757736 -0.599060 -0.169208 0.999180 0.004790 -0.003532 -0.040056
409 2449 -7.723022 0.654297 0.253663 0.999705 -0.019735 -0.012348 0.006937
513 3516 6.938081 -0.570084 -0.190474 0.999787 0.001171 0.005285 -0.019916
841 3777 8.569511 -0.062805 -0.926121 0.999861 -0.007553 0.001110 0.014795
1416 3539 -2.967636 7.431206 0.841230 -0.365799 0.008078 -0.003750 0.930651
22 4461 -8.973563 -0.102120 0.262734 0.999977 0.005829 -0.000334 -0.003566
453 3442 -9.075207 -0.739426 -0.037676 0.999344 0.001059 0.006930 -0.035530
482 3487 6.686356 -0.626572 -0.182249 0.999963 -0.001615 0.003321 0.007737
2348 3270 -4.414856 -6.516556 0.142526 0.783229 -0.019359 -0.004271 0.621417
874 3798 7.020111 -0.507233 -0.928890 0.999942 0.005032 0.003599 -0.008793
672 3626 7.631439 -0.055265 -0.475254 0.999965 0.001138 0.006224 -0.005414
161 1596 -7.659962 0.515976 -0.825471 0.999881 0.014832 0.000960 -0.004210
122 4532 -6.448843 0.065300 0.286071 0.776076 0.001552 -0.004005 0.630625
530 585 7.498024 -2.448608 0.133236 0.928726 0.015486 -0.000626 -0.370443
435 3421 -7.013371 3.012344 0.281345 0.858173 0.026479 -0.017670 -0.512373
2358 3286 -8.218719 -1.457413 0.105891 0.960809 -0.011463 0.003285 0.276956
547 3548 6.921555 -3.415466 -0.448473 0.900825 0.006082 0.005749 -0.434101
596 3528 -7.928391 -4.874180 -0.318270 0.803274 -0.012525 -0.009878 0.595396
571 3506 -9.562893 -1.677658 -0.359693 0.993797 -0.009106 0.010062 0.110377
634 3581 -9.041901 0.403478 -0.505610 0.999965 -0.003263 -0.004982 -0.005854
417 3436 6.083527 2.983047 -0.460234 0.915690 -0.015290 0.019569 0.401117
128 4533 -8.889070 0.414284 0.426360 0.735959 0.003281 0.006373 0.676988
631 3580 -7.059998 0.341220 -0.442167 0.999976 -0.001600 -0.005279 -0.004078
2 4437 -5.383957 3.192579 0.252572 0.937516 -0.008621 -0.016230 -0.347457
108 1557 4.578789 5.030762 -0.686332 0.645339 0.016598 0.004365 -0.763703
402 3419 6.187119 0.927902 0.349232 0.992952 0.002929 -0.004000 0.118416
867 3779 -7.697205 -0.376221 -0.913869 0.999775 0.006404 0.012759 0.015720
445 3459 8.403595 -0.537170 -0.298447 0.999968 0.006143 -0.002004 -0.004689
905 3810 -9.228111 -0.283997 -1.004875 0.999933 -0.003855 -0.007269 -0.008189
129 4534 -9.292037 1.442650 0.387881 0.731142 0.000488 0.007008 0.682190
1414 3533 0.196899 8.633217 0.844363 -0.406529 0.011594 -0.012839 0.913474
571 1412 8.087502 4.252090 -1.182162 0.384027 0.011563 -0.009864 0.923197
2432 3394 6.754604 -3.081543 -0.046227 0.946565 0.011062 -0.007335 -0.322241
1568 4529 -3.818428 -7.856628 1.000264 0.616870 -0.005133 0.004868 0.787033
2413 3346 -8.987190 -0.629730 -0.223026 0.999978 0.005069 -0.002531 -0.003321
529 587 8.252974 -3.103165 0.115692 0.901562 0.012968 -0.000941 -0.432454
376 2424 2.794357 -9.019302 0.380852 0.753970 0.013951 0.020620 0.656437
2407 3366 9.579102 -1.040848 0.087804 0.999169 -0.001091 0.000792 -0.040726
421 3409 -7.412094 3.316772 0.373644 0.948523 0.028423 0.005237 -0.315388
201 1645 6.283737 -5.508049 -0.785015 0.943516 0.009261 0.006162 -0.331141
751 3704 8.134155 0.744904 -0.868176 0.989596 -0.013699 0.000402 0.143223
2360 3310 6.138092 -0.149734 0.109807 0.999886 0.006751 -0.011591 -0.006935
2342 3264 -0.596924 -9.182297 -0.072932 0.720689 -0.022334 -0.018737 0.692645
530 3546 7.817827 -2.925125 -0.242929 0.923591 0.015124 -0.000087 -0.383081
1572 4533 -7.408018 -2.784508 1.059906 0.660142 0.001633 0.000879 0.751138
916 3833 6.380234 -0.229614 -0.719961 0.999923 -0.000345 -0.002518 0.012127
2335 3285 8.129990 -0.595352 0.048357 0.932946 -0.009611 0.007403 0.359811
522 579 8.567935 -1.468903 0.220905 0.973438 0.016563 -0.001208 -0.228349
391 3407 6.894760 0.296227 0.432724 0.999906 -0.001647 -0.002272 0.013405
596 1399 -5.955383 7.406546 -1.478553 -0.493904 -0.001580 0.008290 0.869476
783 3712 -8.908703 -0.635986 -0.991952 0.999731 -0.002543 -0.003422 0.022790
558 3504 -9.207663 -0.909317 -0.393812 0.998487 -0.008721 0.008857 0.053568
145 1579 -7.389950 1.255569 -0.755340 0.999121 -0.015957 0.001692 -0.038733
1398 3550 5.128914 6.416061 0.976573 0.358036 -0.005090 0.002471 0.933691
592 3561 6.050186 -1.202179 -0.395278 0.986303 0.005548 -0.002300 -0.164835
515 3498 -6.643122 -0.668091 -0.495257 0.999976 0.001473 -0.000213 0.006715
